0.37169399
0.830936174
0.688768813
0.719901705
0.53420143
0.75818335
0.665306028
0.339707951
0.516413235
0.391239822
0.788770985
0.388812556
0.058235754
0.839694358
0.716132339
0.546874983
0.128339987
0.126954464
0.478698879
0.299618913
0.699147486
0.198786722
0.817042297
0.338186146
0.798157223
0.272634009
0.46238184
0.299430097
0.200600362
0.74726407
0.440683277
0.545643297
0.028730535
0.943297784
0.342690253
0.173508603
0.420117851
0.736649856
0.496620402
0.429596888
0.541871714
0.815645553
0.296860383
0.459069722
0.496989878
0.057546441
0.685403951
0.496634869
0.854014458
0.472642958
0.910223674
0.54650861
0.220632894
0.042662905
0.396476946
0.616545852
0.676134596
0.440683862
0.067369503
0.110328052
0.987938122
0.225538741
0.193466895
0.229452906
0.669095182
0.743271998
0.536612912
0.341489013
0.161503525
0.451154815
0.5200369
0.207180522
0.699123671
0.506268871
0.906081297
0.861703817
0.424042484
0.138327267
0.80434648
0.145597592
0.884554288
0.745383159
0.535839021
0.291384726
0.499541346
0.602278388
0.105906769
0.511482168
0.490708937
0.226491865
0.171564254
0.168785009
0.160146434
0.468808711
0.077678346
0.927814609
0.956391382
0.925053824
0.025184266
0.903479452
0.009236774
0.78469677
0.648817515
0.888206765
0.717873633
0.884498318
0.753495929
0.365317517
0.30728277
0.355829361
0.061624767
0.80675853
0.559521233
0.592685921
0.764324454
0.553594055
0.204210405
0.191790346
0.956180127
0.232078956
0.087678742
0.493644615
0.877876534
0.747510886
0.941417702
0.919979766
0.072427125
0.021011361
0.730816336
0.706391476
0.00269611
0.073281089
0.853371374
0.133436375
0.994717825
0.158894016
0.939832468
0.52114423
0.616867803
0.420299682
0.605371839
0.656592746
0.957007818
0.664236196
0.310282173
0.931254969
0.46993522
0.442238613
0.421022381
0.958704167
0.733027129
0.921734842
0.584261255
0.70006983
0.122382741
0.514386085
0.630679311
0.111343282
0.316809295
0.043711554
0.86336327
0.638068949
0.134840633
0.667535139
0.717585968
0.247671119
0.619506238
0.609908962
0.849036641
0.107271025
0.999467529
0.107561224
0.863415793
0.30082572
0.70933837
0.036010621
0.618829771
0.822217374
0.400460611
0.651150621
0.78649834
0.291791019
0.442532662
0.532636637
0.639417626
0.488731632
0.128775467
0.572236579
0.110164745
0.647782662
0.974319002
0.026582394
0.856444642
0.185111742
0.463013163
0.203106228
0.208339428
0.846824423
0.932767563
0.642932997
0.248971407
0.980151499
0.339798694
0.141233616
0.965521458
0.16543177
0.212087852
0.517235257
0.120682894
0.428698756
0.05302127
0.217437605
0.389628295
0.062597275
0.918880163
0.590481107
0.924000521
0.787268493
0.669040676
0.813000664
0.70144571
0.447675569
0.591622963
0.982040198
0.672981754
0.803191899
0.060601445
0.97418048
0.010885338
0.201296663
0.181240791
0.272635758
0.851064128
0.349530772
0.83898351
0.915907817
0.224048223
0.73648037
0.081608988
0.838745302
0.658310912
0.081936423
0.900083117
0.932004337
0.395890532
0.168455119
0.182292379
0.449678396
0.017415102
0.939883831
0.357736349
0.905218355
0.443465941
0.843784656
0.009086306
0.054072135
0.220003692
0.525569076
0.562574386
0.542589298
0.501039796
0.746391499
0.1048057
0.751742685
0.923254004
0.445937302
0.155896892
0.287814863
0.01999342
0.609273674
0.406009541
0.755898576
0.04302178
0.506949408
0.07216072
0.177551198
0.311773901
0.754597234
0.890543379
0.978985212
0.976931002
0.780657258
0.267376726
0.105754789
0.411042447
0.15382409
0.8638884
0.627246307
0.848822396
0.695776756
0.270173244
0.4015478
0.714324609
0.131699339
0.160325978
0.956196115
0.455059913
0.209509492
0.876502259
0.588076564
0.193205975
0.974385702
0.127142576
0.03776126
0.182951211
0.884111305
0.208275219
0.724042378
0.285766473
0.780378658
0.390028486
0.63160969
0.201977141
0.913596881
0.029290722
0.16355023
0.273475477
0.219106021
0.926673363
0.624219539
0.468932329
0.037007935
0.018781098
0.866363635
0.529100889
0.207539369
0.71252946
0.483553005
0.766166709
0.490661219
0.317306953
0.222940412
0.067407418
0.358128225
0.051771294
0.830366623
0.916568857
0.61430564
0.138131331
0.771569571
0.519251084
0.450060886
0.614591648
0.601383188
0.596077584
0.187843505
0.551608101
0.213295752
0.47694771
0.572092184
0.477703767
0.291655888
0.14742078
0.761689216
0.969101382
0.02580925
0.703383915
0.048406773
0.339832288
0.250472228
0.960515553
0.63017388
0.873282982
0.299152225
0.392709177
0.817467448
0.957792876
0.040224015
0.164905515
0.146724381
0.137717922
0.311147266
0.016242221
0.965596369
0.903816374
0.299381047
0.613791367
0.622228203
0.154919578
0.463376458
0.32627903
0.800911134
0.871894845
0.015691049
0.673474439
0.538987139
0.56600289
0.073444425
0.21025742
0.38459688
0.269465017
0.578811788
0.472515418
0.862529197
0.941496204
0.220317856
0.956164887
0.110137504
0.659901832
0.707381858
0.943543221
0.308120599
0.668469573
0.918854837
0.045325985
0.406119592
0.755157483
0.783673029
0.648969651
0.252609012
0.404408687
0.699727114
0.984243146
0.238616013
0.867989996
0.854512797
0.538561162
0.6846696
0.324950675
0.669838675
0.168086937
0.070565078
0.612823045
0.668620132
0.385255436
0.760331416
0.920494873
0.096835799
0.496488428
0.612966865
0.641358148
0.393906246
0.143275626
0.148963834
0.692111853
0.545288177
0.664010142
0.269793193
0.284623479
0.009972515
0.196186799
0.26923435
0.773528832
0.028351371
0.605310204
0.862786962
0.998939753
0.586835348
0.289269102
0.123470521
0.116835137
0.791808629
0.436368364
0.07958853
0.734256495
7.44827E-05
0.226081069
0.722269099
0.791916628
0.67607258
0.2951436
0.952555999
0.064727696
0.205249652
0.524970016
0.743605333
0.784362683
0.755062009
0.528116557
0.853482776
0.814934995
0.879191723
0.241837255
0.61587575
0.563117853
0.196868539
0.227659765
0.111655205
0.210852123
0.178995432
0.328539913
0.909728344
0.535013629
0.380880833
0.039084991
0.957971694
0.038939351
0.507735042
0.2050108
0.555390654
0.15671156
0.128283147
0.053817637
0.097088186
0.628476804
0.338496693
0.521574603
0.205638312
0.492649254
0.439698465
0.584486107
0.171593768
0.007708803
0.44357801
0.376054032
0.240707472
0.92066804
0.413010488
0.034921088
0.547466847
0.336959366
0.756168051
0.90800701
0.851183652
0.358424307
0.921677549
0.555614068
0.407760864
0.731063409
0.775961119
0.213566916
0.784910037
0.337674524
0.82050322
0.478813543
0.801202117
0.141005214
0.786453191
0.230957108
0.723952198
0.22441286
0.786632625
0.95457853
0.949394451
0.851095344
0.783871797
0.556612172
0.893243779
0.947290344
0.804455168
0.419262089
0.884388031
0.468507931
0.515324402
0.473391821
0.405316689
0.020555007
0.663545989
0.311681369
0.786370866
0.780174566
0.42425505
0.961966074
0.758188659
0.591391525
0.828999032
0.48679017
0.652985213
0.622275823
0.014037835
0.340784741
0.280425868
0.251574758
0.890744223
0.977201341
0.651249008
0.319387244
0.138189555
0.64587957
0.686598362
0.298958244
0.95815732
0.039452329
0.036878623
0.508140305
0.366004753
0.250007471
0.320545997
0.551555392
0.360973682
0.476336155
0.232353528
0.710733219
0.944185219
0.684292073
0.095007867
0.401964204
0.654751679
0.548453869
0.573013182
0.069794275
0.059574299
0.834970526
0.203724208
0.398509358
0.360397673
0.949660111
0.930371035
0.510443464
0.895072122
0.322681209
0.694044821
0.852000564
0.584571042
0.854869925
0.762034847
0.80094147
0.788437977
0.514731117
0.66558901
0.033538266
0.837154553
0.547287419
0.144421211
0.922635296
0.41790654
0.309021526
0.737621628
0.697146715
0.488136186
0.442587664
0.521689788
0.50943445
0.288336353
0.571285944
0.175710568
0.712347354
0.224621249
0.318517458
0.178016493
0.25886832
0.936535852
0.518946196
0.41650976
0.422613121
0.465916331
0.006368576
0.372995141
0.008137804
0.728439565
0.064569016
0.987326851
0.011890778
0.956203806
0.107986628
0.6763706
0.989175988
0.441655273
0.843506866
0.398368607
0.904024153
0.821022708
0.611362995
0.515104812
0.41708193
0.710082157
0.634665305
0.06379205
0.97526809
0.873016669
0.076570648
0.770601199
0.389062882
0.544594778
0.039648413
0.902255002
0.400740621
0.253946896
0.007936395
0.965744425
0.439885216
0.647657078
0.292016041
0.259279873
0.574118035
0.780506555
0.85184106
0.252199345
0.342796204
0.621835612
0.557621311
0.55598718
0.967837589
0.309120762
0.908433608
0.629127031
0.078927245
0.846859959
0.010536768
0.546009912
0.531766262
0.319051321
0.65297584
0.625939003
0.449563281
0.590980813
0.423724972
0.292280686
0.100843242
0.706250078
0.711803694
0.787041003
0.481178364
0.499092842
0.992721278
0.116647804
0.449328653
0.420941424
0.941815139
0.506722241
0.358164418
0.586685647
0.820501011
0.707485142
0.752657511
0.467049203
0.065835766
0.682297275
0.734606743
0.857296653
0.259051131
0.975513216
0.173736528
0.120963511
0.106871477
0.184324925
0.276144183
0.606803936
0.844421614
0.378299936
0.469124207
0.319692016
0.993209457
0.526071665
0.148508399
0.780391538
0.028478248
0.275962103
0.097757798
0.76270821
0.859262797
0.742722548
0.884719398
0.79543157
0.344386249
0.56827146
0.068137872
0.355891149
0.020543758
0.302582753
0.192063061
0.44162829
0.235349984
0.438663304
0.002385215
0.604316192
0.134240678
0.608957791
0.54094928
0.999066637
0.089275734
0.545816109
0.871764467
0.539125648
0.220069839
0.773596066
0.046491714
0.361635401
0.889416473
0.387427359
0.972859684
0.842768305
0.170031838
0.577626864
0.997377173
0.527052289
0.1108309
0.001303843
0.200025583
0.544701995
0.215095835
0.536462545
0.192994382
0.589347835
0.343108354
0.338686749
0.892430976
0.948947273
0.976599372
0.84732174
0.200607219
0.344283881
0.89883948
0.74356187
0.844677531
0.346334893
0.412626931
0.859225272
0.915471138
0.955499117
0.135661276
0.922033623
0.55300741
0.174842046
0.361871857
0.560557191
0.034106228
0.114454957
0.774303438
0.364996562
0.986221035
0.260856391
0.169424677
0.207020067
0.362890702
0.629466971
0.96308481
0.139070873
0.735458011
0.969844857
0.256717208
0.193633869
0.015168567
0.777478466
0.058336957
0.364683624
0.221561161
0.577091781
0.407886205
0.10671605
0.461085343
0.127445153
0.699355126
0.260900434
0.452034656
0.183106191
0.840446421
0.728233673
0.16842623
0.265741992
0.71695704
0.010258876
0.833081056
0.796178165
0.305326524
0.954226164
0.89974521
0.713058456
0.605217514
0.955844054
0.952955099
0.165011287
0.688151499
0.741522103
0.289492408
0.504635399
0.508322088
0.420716171
0.175884705
0.542240722
0.192904746
0.653633998
0.593872568
0.052276978
0.679981218
0.383127718
0.279196944
0.767795111
0.80461335
0.296716866
0.442808644
0.418960539
0.27404232
0.336544852
0.540431736
0.375966131
0.79417252
0.042978562
0.481209602
0.478468816
0.837089556
0.928785598
0.727683896
0.78652443
0.524468397
0.952111984
0.980944745
0.195093377
0.379237367
0.425226041
0.865232639
0.522486352
0.780705458
0.559251095
0.777920262
0.705972142
0.332489274
0.018701459
0.449972557
0.328384867
0.30693314
0.310205564
0.720492461
0.978377866
0.331723867
0.65080777
0.662631173
0.51041738
0.058246906
0.091305462
0.977276513
0.264337189
0.555449237
0.218115059
0.598112772
0.818017205
0.862583127
0.932683554
0.30991052
0.843580813
0.166704127
0.490739776
0.35463922
0.291186383
0.379062876
0.250235188
0.28219556
0.788507298
0.645013292
0.033377109
0.277377645
0.238111549
0.272776308
0.432834365
0.338946015
0.300319401
0.323457074
0.878797787
0.336175532
0.807573272
0.803540661
0.692869197
0.331695154
0.367008769
0.753370577
0.602082556
0.894040807
0.837584237
0.623698939
0.904673097
0.606951416
0.222078303
0.184945714
0.384024257
0.289622293
0.99157456
0.136593699
0.842275361
0.645286231
0.946924911
0.177408684
0.720098584
0.013568381
0.642094227
0.452563919
0.320827966
0.71370172
0.150940403
0.779265084
0.025156544
0.368661815
0.339595007
0.384777519
0.10020738
0.847575053
0.08305671
0.232115481
0.916047342
0.317503121
0.576658485
0.462934503
0.306068939
0.480322833
0.590557936
0.58198559
0.971220896
0.098324586
0.860541624
0.542352573
0.897521227
0.977311446
0.910751164
0.18739797
0.808741361
0.465951052
0.328345281
