23.7073
23.4327
23.9903
24.4828
24.9189
25.6378
24.3293
24.2327
23.6752
23.667
23.4163
23.0614
21.8821
23.1823
22.1323
23.7881
23.5053
23.9903
24.5555
23.6267
23.4246
22.8996
22.617
22.617
22.8189
23.2229
23.2309
22.8189
23.0614
23.9094
24.273
24.9515
25.6057
25.1611
24.2327
23.0235
22.8615
22.7399
22.8778
22.4973
22.0115
22.4487
22.0115
21.688
21.4452
21.5182
20.8547
20.8787
21.4452
20.393
20.8386
20.4337
20.1464
20.7571
21.164
20.7571
20.0244
19.0637
18.8114
20.0737
20.5536
20.2684
20.0737
20.3092
20.4318
19.821
19.1777
19.0474
18.4128
18.5348
19.821
20.635
20.6755
20.4318
19.9839
20.6105
21.6523
21.7748
21.4571
23.5246
24.7702
24.4202
23.5246
22.7838
23.4026
23.2394
23.5978
23.1176
23.5441
24.2006
24.5288
24.7338
24.6929
23.9135
23.2406
23.2572
23.8725
25.3081
25.4397
26.6946
25.981
25.0209
24.7829
26.0874
25.3734
24.9801
24.8569
24.3648
24.2909
23.6264
24.1185
24.4057
23.3802
23.3802
22.4861
22.1825
22.2424
23.3807
22.4814
22.0529
21.5664
20.3293
19.7931
19.4796
19.6281
19.0263
19.9992
19.9581
19.6281
19.9168
20.1228
20.9144
20.2961
20.5764
20.6344
19.7931
20.453
20.3951
19.9992
19.0263
20.1228
20.8486
20.7004
19.6362
18.622
18.9686
19.9168
19.6281
19.2984
18.6139
17.9788
17.4838
17.9788
18.3827
18.4984
18.4071
18.7803
19.319
19.4933
18.8879
18.4071
19.4022
20.0652
19.7252
19.178
19.3522
19.1532
18.5727
18.6558
18.1999
17.8186
18.4405
18.7388
18.6144
16.9643
18.1004
16.4999
17.4124
19.0539
18.2412
18.4819
18.5401
19.0409
18.9993
17.0952
18.9993
18.7904
16.9533
15.8675
14.7233
13.8632
13.2786
12.2348
11.6918
14.1139
15.024
13.4538
12.8193
12.6021
13.8632
13.6961
11.5916
10.9318
10.6477
9.7712
11.0655
11.6918
12.2428
12.335
11.959
13.8296
13.4039
12.527
12.7776
12.0342
11.8923
11.0154
11.7752
11.7535
11.8884
11.2981
11.2308
9.6204
10.5392
10.8597
11.88
11.9306
12.0568
12.0568
12.0149
12.0568
12.3099
13.2794
14.477
14.2915
13.7434
13.1531
13.1952
12.5629
13.1952
12.8581
12.9424
12.8157
12.6892
11.931
11.931
11.931
12.5104
12.7829
13.0219
13.7376
13.4308
13.124
13.5331
13.4222
12.8938
12.0246
12.7829
12.2716
12.306
11.4622
11.7178
11.5474
11.3343
12.0246
12.2291
12.5362
12.0587
12.1013
11.7265
12.0844
11.8969
12.2716
12.4253
12.1864
12.0502
12.2122
11.8883
12.1271
12.0502
11.6326
11.5133
11.7605
11.8862
12.1129
12.2088
12.0693
11.4158
11.5726
12.0693
11.5986
11.8252
11.7207
12.2262
12.3131
12.4616
12.7141
12.6793
13.0539
13.5158
13.7684
13.5072
14.4657
14.0734
14.0909
14.5577
14.9717
14.7074
14.8571
15.6409
16.0548
16.821
16.7329
16.6361
15.2798
14.8483
14.8483
14.8748
15.0861
15.412
16.1605
16.2132
15.8522
15.6763
16.3982
16.3806
15.9581
16.1692
16.821
16.2571
17.032
17.2174
18.5471
17.6137
17.9042
17.9394
17.5256
17.0412
17.7855
17.4581
18.3602
18.6167
18.2631
17.9976
17.8651
17.8651
18.6078
18.5725
19.0589
18.7143
19.0766
19.5454
18.9086
19.7667
19.28
19.6248
19.3242
19.5013
19.5454
18.9263
18.5725
18.5285
18.1302
18.5725
18.0595
18.0754
17.888
19.0032
18.9139
19.021
18.8961
19.0479
19.4493
19.4493
19.5384
19.3424
18.7355
18.7355
18.3789
18.3789
18.3789
19.2174
19.2174
19.271
19.5832
19.8241
19.7527
20.2523
20.6983
20.7875
21.0107
20.6539
21.207
21.0909
21.4924
21.9206
22.6521
21.769
21.8583
21.9477
22.0366
22.1617
22.6881
22.5713
21.9149
22.4274
22.7421
23.0477
23.0477
23.0566
23.2993
23.6409
23.8207
23.9286
23.515
23.1466
22.9307
23.1736
23.8654
24.2613
24.6656
24.8994
24.7825
25.3489
25.9241
26.2928
26.6074
26.7961
26.5175
27.038
26.468
26.3231
26.7033
27.1374
27.6531
28.2501
27.7255
27.4269
27.9065
27.5446
26.866
27.3636
27.9337
27.9337
28.4038
29.3084
28.9918
28.2592
28.3947
27.5264
27.5446
28.0871
27.4992
27.2007
26.3231
24.5143
26.3686
25.5181
26.3052
27.0923
27.0923
26.8207
27.9514
28.2592
28.1505
28.1053
29.0613
28.9709
28.9709
28.0625
27.8354
27.8354
28.0446
27.9718
27.9988
27.4177
27.9535
28.0625
27.9082
27.6085
27.6993
27.5267
28.2442
28.0625
27.8536
27.8717
27.9535
28.1533
28.1533
27.8354
26.7456
26.882
26.5187
26.4604
26.5152
26.5152
26.4604
27.1458
27.3287
27.0545
27.0911
27.1
27.2555
27.4659
27.2373
27.5845
27.1916
26.7346
26.7437
27.1916
26.3781
25.9484
26.0857
25.3818
25.1807
25.2263
25.6834
27.4202
27.9686
27.2828
26.7803
25.5008
25.8204
27.1093
27.7856
28.3523
27.8771
27.7675
28.0142
28.069
27.9686
27.5845
27.8315
27.8534
28.0768
28.2939
27.9448
27.7466
27.7279
28.1051
27.7089
28.1994
28.4824
28.4447
28.1994
28.3031
28.5295
28.3785
28.1428
27.8221
27.9448
27.8221
27.8143
27.9188
28.0611
28.2511
28.2132
28.346
28.2986
28.4886
28.5266
28.4789
29.2198
29.4381
29.5332
29.2957
29.0107
29.3432
28.9633
28.631
28.4315
28.1752
28.346
28.3175
27.3964
27.9569
28.4886
28.4789
28.0231
26.6463
26.8076
26.3994
26.2285
27.0641
26.4942
26.4563
26.1241
25.3073
25.8296
25.5352
24.652
24.0253
24.861
24.6387
24.5905
24.8602
25.4865
24.947
25.0338
24.735
25.7371
25.8528
25.4385
25.5829
25.2939
25.7852
25.9202
26.4983
26.2286
26.3924
26.2479
26.2286
27.1631
27.221
26.7006
26.3731
26.1129
25.631
24.5711
23.7522
25.2071
25.5347
25.3421
25.9685
26.7393
26.6815
26.7779
27.404
27.2595
27.6835
26.8934
27.1728
27.0765
27.2307
28.0209
28.4062
27.9919
27.6548
28.8109
28.8109
29.4276
29.3505
28.5219
28.2328
28.9073
29.2349
29.5818
29.2059
28.6182
29.2446
29.3313
29.1964
29.0518
28.8302
28.326
28.7432
28.5199
28.1222
28.1222
27.3559
27.4043
26.8611
27.6276
28.5685
28.0835
27.6371
27.3849
27.414
27.4237
27.1618
28.132
28.4715
28.7236
28.617
28.2871
28.8981
29.1019
29.4901
30.258
29.6225
30.2091
30.3069
30.8739
31.4116
31.9884
32.1547
32.4283
32.3111
31.8809
32.5066
32.6532
34.0709
33.5625
34.0218
33.7287
33.1518
33.6308
32.7705
32.8194
32.9954
33.3375
33.0932
32.6043
32.36
32.927
33.3474
34.1978
34.0512
33.8947
33.0835
33.0541
32.9662
33.0932
33.1421
33.0443
33.4745
33.5332
33.0443
31.6896
32.1215
32.2982
32.308
32.5633
32.2982
33.1523
32.8774
32.0037
31.3655
31.2969
30.8354
30.4329
30.2857
30.6097
30.5901
30.482
30.1875
30.0599
29.5004
29.9912
30.3348
30.7105
30.5225
30.4631
30.6709
31.0864
31.0666
31.1953
31.6405
31.3635
30.6214
30.6709
31.037
31.5811
31.2645
31.4327
31.0666
31.2151
30.7698
30.5621
30.4235
30.7006
30.6709
30.6709
30.0377
29.4441
29.5826
29.266
28.9494
27.8017
27.9798
28.4943
27.7819
27.9402
29.266
29.454
30.0773
31.0963
30.8985
30.8094
30.3345
29.35
29.4
29.3
29.17
29.75
28.95
29.18
29.54
29.62
28.85
28.01
28.18
