-138.22420
-193.61940
-185.61550
-142.01240
-81.68990
4.24810
-27.72150
-54.49720
-105.83780
-134.67020
-163.09620
-195.91700
-282.09360
-238.15490
-264.44390
-160.19510
-102.87610
-28.70090
57.27930
50.70340
32.64270
-12.28580
-56.22860
-79.06290
-74.37030
-39.65620
-13.08500
-19.74800
-5.15840
60.59330
123.99460
202.39570
284.15660
292.84530
223.79620
91.19700
-7.68240
-77.58590
-108.94870
-147.39900
-194.63920
-185.55140
-197.00110
-213.04090
-225.47270
-214.29820
-235.43860
-231.39090
-176.55270
-195.64220
-164.03380
-156.18700
-155.82960
-102.50370
-31.60300
-5.20240
-28.80190
-97.12150
-144.41720
-79.05380
3.79700
44.39760
61.99810
91.59850
119.83880
98.59100
45.19280
7.03420
-51.73260
-72.02610
7.41910
114.97530
184.94020
209.15220
189.88180
212.46540
286.13230
328.74580
320.67660
432.86130
561.00900
589.36720
517.49380
395.27500
333.82000
262.97600
222.70080
149.60060
117.28050
126.62440
140.41950
148.09560
135.43650
63.30920
-35.67260
-102.21810
-106.49450
-18.95560
38.43550
145.38840
151.99070
79.19260
6.31410
35.69130
-1.28700
-57.42960
-105.30370
-168.80300
-211.68240
-276.54590
-277.39670
-250.55740
-290.92590
-305.14070
-358.67260
-395.49810
-395.83850
-303.63080
-287.46460
-289.17170
-305.01740
-376.17390
-432.61910
-461.69530
-441.51620
-438.49300
-344.79440
-263.11550
-211.13240
-140.50590
-66.80470
42.39620
78.15700
123.08560
157.02850
124.50280
147.52220
158.01780
138.25420
63.24340
89.63470
154.26780
183.33420
129.78740
30.06990
-6.50410
36.79670
48.79740
37.91790
-9.50570
-74.16460
-137.17170
-132.21740
-90.57390
-46.21910
-15.61530
34.38780
104.55020
160.04020
153.31220
115.60980
154.32780
217.38220
227.90580
191.28460
172.54770
141.79820
80.39860
45.19890
-6.16090
-60.28870
-49.03100
-17.94480
-2.99580
-96.31660
-74.57330
-156.37860
-138.06290
-11.09030
20.72780
58.42220
86.09780
134.07820
157.26260
44.53010
95.46410
111.17130
-0.10300
-137.28240
-286.86590
-417.57270
-511.01820
-604.49460
-659.67570
-497.26060
-302.28850
-254.71080
-241.68860
-223.91090
-109.20870
-30.72700
-102.50160
-172.40130
-212.96100
-270.36880
-196.21500
-85.61200
37.35040
132.28030
174.54420
324.51540
386.81230
361.28980
353.11180
292.00940
238.72750
145.62200
136.57760
130.54210
136.35370
102.68300
79.26640
-35.22690
-39.38150
-12.14520
78.04380
140.83500
187.70800
213.60640
221.92510
223.54010
233.87210
294.29770
396.95820
431.40660
397.20530
318.08420
254.70740
160.80590
133.20470
86.32380
56.49900
25.27920
-5.13660
-73.70930
-114.16740
-134.53390
-103.94710
-62.43770
-18.27020
55.78380
79.26700
69.65360
85.32290
82.57830
41.66260
-42.82990
-46.26390
-79.65110
-95.08090
-154.30470
-167.28380
-177.42700
-187.62160
-139.21730
-87.21380
-28.97100
-19.97680
-9.02140
-24.01710
-7.69370
-7.35500
18.83600
45.70880
46.40700
37.12560
40.98050
21.90440
25.12350
22.01880
-6.62500
-30.82000
-27.37600
-14.54080
9.96740
32.21390
36.73110
-3.01510
-16.65210
8.43830
-5.16940
2.10450
0.96360
33.65090
58.92070
82.01660
109.05330
118.44260
142.27410
179.09930
208.39940
198.07950
240.94360
228.11490
206.73190
209.30550
222.88440
198.86750
178.37400
201.41920
226.41540
273.29230
276.23380
250.34700
126.75760
7.16610
-76.10710
-130.40570
-151.60460
-143.28370
-89.58700
-54.46960
-59.17570
-76.54060
-43.55250
-27.80200
-49.44160
-52.83330
-16.34660
-34.35730
-0.12580
27.57940
122.62350
110.17880
108.86300
98.05040
53.00030
-15.75980
-17.32780
-45.14220
-9.31380
23.42900
13.46320
-17.22940
-50.66350
-75.57080
-46.21660
-34.01330
0.30940
-6.39250
6.64600
38.11680
8.89340
38.55470
17.64380
19.15500
-6.59600
-17.59680
-27.11740
-77.61390
-134.01110
-171.04890
-216.27910
-210.06330
-232.45060
-237.32050
-243.29640
-166.07710
-117.18170
-75.82540
-56.02030
-32.97620
6.89900
29.59920
45.99940
39.27950
-7.93640
-39.22910
-81.62330
-105.85860
-117.08690
-65.82950
-31.54360
-6.11490
28.94810
63.63850
76.03080
110.18460
152.54770
174.67820
191.10260
165.68210
172.94570
157.31660
160.81330
177.45060
220.44050
174.03240
135.86590
104.45270
78.60220
59.84180
71.95340
61.48270
2.86620
-8.26700
-1.57360
15.30110
18.08090
12.46470
16.77180
33.33740
46.34990
51.71990
18.65590
-33.95530
-86.28420
-106.14740
-75.71790
-34.17430
12.82060
49.93650
56.34920
86.59940
130.63950
167.55160
194.20130
204.56100
173.88880
169.67100
112.29680
51.51740
25.13390
25.06710
46.69370
85.83500
62.10800
14.56640
4.13310
-36.13350
-113.14680
-133.79740
-113.11790
-103.77430
-71.81940
0.54450
16.51560
-30.22750
-58.42200
-137.37760
-187.18210
-182.22570
-214.90060
-250.48050
-322.46440
-472.13150
-427.78520
-435.74820
-370.67860
-262.30290
-182.24230
-140.99380
-36.31500
50.06800
93.81440
112.41150
177.92920
202.10340
204.48270
134.70620
66.48500
17.10800
-4.47360
-25.57890
-38.78310
-85.10650
-78.24520
-65.47620
-66.38100
-84.86480
-88.29180
-98.71340
-56.01070
-39.44860
-41.79890
-41.35910
-34.84730
-17.47780
-6.78220
-21.10580
-99.68460
-135.90770
-175.20620
-194.48500
-192.54800
-180.51840
-165.93470
-102.82780
-44.50220
-21.20180
-1.28140
13.69490
34.23590
60.58870
60.95100
81.64080
66.59260
25.67410
0.37930
14.22340
-28.70130
-80.32100
-98.41680
-148.01340
-182.25070
-188.92060
-151.29650
-5.83720
123.81020
157.60820
140.88660
43.50930
2.64740
61.23790
139.79030
219.43220
228.58580
215.90860
212.48690
202.22950
177.94360
127.55490
103.48390
82.62710
77.46170
81.80940
55.60750
21.12600
-5.33920
-0.11140
-24.64910
-9.87930
15.53660
25.70930
12.56740
7.65390
16.12310
8.25850
-14.75320
-51.48260
-66.46610
-82.53290
-90.90630
-86.72500
-72.18000
-48.78400
-35.42720
-18.10180
-10.72140
5.26290
16.05030
17.56020
63.48820
101.27060
123.97650
114.46120
81.96900
76.05520
41.40420
-6.47660
-51.66130
-96.36900
-110.85520
-118.12420
-177.13940
-170.67150
-124.77720
-90.94180
-94.67340
-180.37870
-214.30300
-249.92240
-268.97790
-211.82230
-199.13780
-180.51020
-177.60820
-215.20660
-190.16530
-179.01220
-214.16980
-259.73580
-215.54860
-184.43890
-151.63110
-98.82490
-13.21990
14.06410
43.25130
47.48100
118.62480
171.21980
175.21580
183.85260
166.76210
183.96970
198.53580
238.50860
237.68690
238.38950
219.91160
197.84930
234.99940
250.95950
215.32760
160.98210
101.66570
27.97260
-87.78190
-208.30550
-179.84440
-131.07550
-104.94040
-41.95230
50.19820
102.71860
137.29490
192.39590
207.75670
233.24540
185.71630
162.65300
131.88240
113.58590
144.38870
178.23100
160.66480
116.37180
152.77740
163.66190
197.00950
197.92760
130.02210
56.65770
45.16620
50.77300
67.97840
45.18270
-15.05380
-18.12300
-19.53840
-34.03070
-56.42460
-87.45970
-140.04780
-144.27820
-158.62260
-189.21810
-202.65450
-253.00360
-271.28290
-305.66630
-263.97300
-165.17840
-126.30270
-124.40220
-133.04180
-129.55340
-119.48270
-123.02620
-55.94100
11.72720
70.58180
97.90540
89.52430
118.97940
144.38350
177.26680
237.09340
220.47470
234.37980
234.86380
256.37100
287.41680
324.73340
337.06670
339.09340
308.95470
239.56380
215.89100
191.19280
247.75420
228.84340
224.83470
181.86780
98.21420
60.57140
-31.78290
-95.66630
-129.89300
-132.87440
-153.17950
-198.62360
-241.37890
-227.82310
-188.57850
-107.42280
-67.53820
-56.11060
-104.80850
-138.48680
-164.54940
-170.19950
-167.43960
-168.51170
-137.76940
-112.21550
-125.93240
-218.50590
-241.12470
-234.41980
-219.77580
-184.78060
-171.74450
-101.23560
-70.18850
-103.67080
-160.53660
-192.34930
-231.39940
-268.71950
-286.01560
-259.13250
-227.38600
-199.34880
-186.51900
-172.81520
-186.49220
-149.19380
-90.87500
-20.14000
18.60800
43.52640
75.38110
123.02490
150.01990
171.77590
208.86070
207.16860
151.01490
113.85190
110.52150
139.61720
132.33380
133.22700
104.74160
92.03330
51.78660
11.34930
-22.68060
-24.30450
-25.04360
-23.23490
-60.34790
-117.15830
-136.44660
-159.79730
-184.23780
-260.67020
-280.45620
-241.56500
-245.73200
-220.58560
-103.26850
-6.77480
99.46020
231.24820
293.87860
316.22290
286.73830
193.23060
130.02450
79.29960
36.87970
47.18380
1.74700
-10.36240
7.15010
24.60010
-13.27990
-88.30390
-117.92310
