52.11600
51.04040
50.65690
52.32150
43.02740
52.15990
44.81430
48.52210
51.56920
54.44690
58.08440
56.00920
53.00600
59.80790
56.06900
59.95880
63.05510
63.06720
63.72010
64.06060
68.22370
66.35130
67.42140
65.10210
59.43370
55.80670
56.00340
52.18570
54.79280
47.85150
45.82000
47.14370
47.61010
53.39970
45.70170
40.09510
41.06730
44.53950
44.04290
44.94790
48.70810
47.97610
50.26830
47.59180
50.01620
40.96700
31.77120
26.29580
36.98520
37.09590
38.56170
36.67780
40.14550
43.39910
43.71760
43.66280
41.58010
37.78900
37.57900
49.30880
49.07140
54.40930
56.91830
57.39660
55.05960
53.60020
51.21310
52.58570
52.94580
48.28860
56.83210
61.87390
57.56850
53.85360
53.32910
53.56750
54.64180
53.94310
57.81360
65.27740
69.10250
67.37540
66.61390
66.73340
63.81310
65.91150
67.01140
65.66330
64.26980
64.00080
60.85290
61.10150
63.68140
53.41540
46.36200
41.56130
46.27390
55.38230
52.46440
52.47120
51.83880
48.27820
51.64840
54.67230
55.60670
59.37280
58.93020
60.54960
64.32160
67.07690
66.42250
59.53190
61.23280
57.16900
55.87690
58.57400
50.82290
50.40510
48.99870
48.56460
46.57560
42.73930
40.65760
41.65880
37.70240
40.30830
49.21010
51.64710
53.78900
50.08750
51.54460
49.25010
50.24380
47.67140
43.93210
46.34880
48.94710
51.47120
53.85050
50.87360
51.83540
49.72660
51.26650
49.18710
49.25470
46.25710
48.89860
52.82360
58.18120
58.69520
59.00270
56.95620
54.43200
54.35460
47.47610
48.15770
45.14900
48.55860
50.81010
50.09670
44.68970
49.09270
49.01810
52.12200
53.28500
52.64260
54.24790
52.41120
52.12860
49.01010
49.84140
50.93120
52.12790
55.59990
47.42550
49.45050
42.97240
45.58970
51.04330
53.73680
48.57280
44.32300
46.18660
48.31520
41.50070
46.91840
52.21660
46.28470
47.74890
45.89120
47.50340
47.74470
40.46400
40.39090
60.42730
64.22910
67.52580
66.09630
68.79260
68.14560
68.10960
66.25900
66.48940
68.01990
67.21800
66.93860
64.98270
61.86880
52.14620
53.86370
61.04920
61.97830
59.30680
55.03870
52.65240
60.75330
59.66510
58.10160
64.24340
57.48800
56.34020
59.21190
57.67730
59.00140
48.03810
51.02310
48.50820
47.77230
48.54120
49.27760
49.35990
45.29350
43.40640
48.44690
53.46150
49.00180
66.09840
60.46410
56.74370
52.92840
56.34080
55.95300
58.36420
57.51700
57.44100
59.73660
54.89030
46.80200
43.81260
43.23140
48.81130
53.41320
57.22950
54.76040
57.78170
58.75600
51.62910
52.00120
54.34410
50.79360
47.28520
44.42160
47.60110
50.97690
51.81470
48.48960
46.43120
46.38680
40.46930
41.18840
44.50750
41.76450
43.83150
45.04050
52.72060
55.03300
52.23170
50.76510
44.89590
48.04560
44.91590
49.03520
52.75760
53.13370
51.00790
48.65870
46.79750
41.56170
40.78230
43.86120
42.70160
42.79480
45.11280
45.81260
45.46440
41.07450
40.92600
47.04560
48.41440
51.68880
48.07200
58.22880
63.27810
59.59960
64.14560
65.31860
62.62320
60.71110
60.99420
64.39440
64.86110
60.26740
65.33040
68.27220
56.51980
55.09980
50.86190
47.66170
49.21680
47.83920
50.19970
45.46130
48.59310
47.63570
50.46080
50.45030
47.34430
42.84910
57.17950
55.75330
58.37680
59.29050
64.66330
59.91960
57.04520
56.92040
56.78490
54.11470
53.88110
51.33770
52.40150
52.46290
53.47790
56.37330
57.38290
59.86720
55.20240
63.84160
65.11660
68.55060
68.18850
70.49750
64.90690
67.13580
62.82760
63.35410
64.08510
61.24760
55.74080
52.95840
50.33940
50.25630
48.96840
49.35500
48.60050
43.32260
46.69430
50.60770
54.10630
51.35520
53.06350
52.79220
56.92360
60.86410
59.81400
57.39510
54.55370
53.08180
55.55010
59.78780
58.64640
54.23330
50.35860
49.49810
44.84810
45.90100
50.44570
52.64280
56.39110
50.49220
60.60360
56.86610
64.19180
67.99090
68.06030
64.72690
66.85870
53.88000
52.24100
51.06090
43.53770
40.61700
40.88780
47.64770
44.97930
45.48880
43.49400
38.04680
37.40320
34.10020
29.76860
38.54940
39.24530
39.33140
40.72830
42.62830
41.97790
38.17790
47.79210
46.44300
46.97300
46.17090
50.72390
54.96970
56.97750
56.90800
57.58660
57.97520
61.78250
66.98040
57.79690
62.15880
59.91530
59.86280
60.22160
61.98060
55.01390
55.17770
54.28430
54.67180
52.64500
54.98880
54.23900
54.01620
55.57770
53.99800
56.62160
54.86830
52.32420
49.06590
45.26450
43.92480
43.66110
44.08000
42.60380
35.64220
46.65070
46.24370
48.47790
48.18200
46.04470
47.82590
53.02190
50.68960
57.71420
62.69330
62.04630
63.21140
65.15890
73.12020
69.64320
75.36360
72.04090
73.21340
68.83610
65.24020
58.90180
56.40050
55.83690
52.91310
37.50330
36.63320
45.60350
54.22690
54.49310
50.91520
48.99520
45.86110
48.81390
53.33840
37.15850
37.78920
35.73600
37.93190
37.29070
35.45750
23.38650
36.66630
34.60510
38.93340
38.17200
34.64950
34.09470
33.90090
48.73010
51.98330
51.48390
43.18360
42.49800
45.58620
35.21730
28.85840
28.27890
25.08890
28.87310
29.49080
34.25520
50.45050
48.82420
48.73320
47.98230
43.05700
45.26870
50.49910
51.41530
49.38660
53.14720
57.50970
52.78950
52.80550
57.36220
51.85510
49.78010
48.02620
46.90350
60.27100
59.22070
51.61010
49.39960
46.21960
47.38940
49.61850
50.04070
55.84930
53.58930
54.50160
54.16150
58.17490
58.38090
57.98740
57.41110
58.59560
58.77550
54.15560
57.07680
51.30790
50.79780
47.88730
52.70520
54.69720
50.08550
53.01640
68.00520
79.74010
79.44860
73.55100
61.69400
64.30050
58.92220
56.51950
53.71510
54.92970
51.00020
54.90870
51.11440
52.06370
49.60430
54.08340
56.87490
48.86160
44.87540
45.47630
46.53970
52.35590
49.90580
51.19480
55.40060
50.98290
53.47940
54.04680
51.83530
48.87550
52.80390
58.08710
65.26610
61.29620
59.92090
57.41980
53.49920
51.79820
55.20540
54.82640
54.78340
51.03370
56.39280
60.31450
54.73340
55.00900
51.93030
51.05550
51.42150
59.13640
65.28410
64.29070
54.69650
56.27520
58.36890
58.12380
50.80590
46.06740
60.36340
58.53770
58.96540
62.42580
60.86640
60.62830
55.42940
59.02030
61.44010
59.20120
55.60960
53.53680
62.88230
68.85610
64.66830
64.77940
61.53490
59.77960
61.88630
58.31190
61.12820
63.91090
56.84090
58.82150
63.74390
63.89300
59.47320
62.02700
59.03100
60.55800
57.43230
59.63370
56.64250
57.76770
54.41340
52.18950
57.50400
56.43460
52.96330
49.84890
44.40860
42.95090
51.94370
55.93010
59.63870
57.46340
56.69880
49.99380
45.88290
46.65560
51.26680
49.67390
48.21350
55.01350
58.21400
61.50040
57.55900
52.90860
58.44150
56.05390
56.03180
56.39520
59.24530
58.04390
55.61110
54.56940
54.51470
54.58040
53.38300
53.07330
52.66740
57.06230
54.58050
59.62730
60.14660
59.05180
58.35110
53.53870
50.00360
50.04150
50.45580
49.36340
48.94740
49.33000
52.59240
44.11690
48.39430
50.66090
51.86820
49.84840
52.27460
59.61400
60.37680
59.10310
61.48890
61.61670
61.85530
58.47580
45.06000
45.42400
35.53450
30.38030
29.26020
33.62830
37.18860
35.38210
34.09150
36.07530
36.22070
35.34200
39.45920
41.09200
46.78890
48.18750
52.65210
59.67410
65.80090
63.82660
56.49390
54.65380
58.32160
62.23970
62.31550
62.50140
65.80210
67.76540
65.63050
63.92120
61.33800
55.34210
50.38380
55.63230
55.87040
54.67160
52.45690
49.89390
44.82250
44.31420
44.05960
42.82630
44.79330
45.44320
44.98290
46.04660
46.81330
42.84090
35.19910
35.01810
30.72390
30.51120
38.75160
35.28670
31.68610
44.89140
39.26700
40.86730
44.11620
47.47230
53.40480
52.20410
55.71100
51.25600
46.50160
55.31030
59.96010
60.22530
59.72620
60.11920
52.94460
52.03100
47.02750
35.31670
