239.700000
135.900000
97.500000
105.600000
145.500000
232.500000
193.600000
153.200000
75.400000
12.900000
-56.300000
-138.100000
-294.800000
-310.400000
-402.800000
-338.600000
-307.000000
-240.000000
-139.700000
-133.600000
-143.500000
-191.500000
-249.500000
-292.100000
-306.000000
-281.200000
-257.900000
-269.500000
-256.200000
-175.300000
-80.900000
48.100000
200.900000
282.800000
269.700000
159.900000
59.100000
-30.200000
-88.800000
-164.100000
-260.000000
-297.300000
-358.000000
-427.300000
-496.100000
-538.500000
-618.500000
-672.300000
-661.600000
-729.600000
-739.000000
-770.200000
-808.800000
-781.100000
-718.100000
-693.000000
-723.800000
-816.400000
-899.800000
-854.200000
-770.400000
-718.700000
-685.600000
-633.100000
-574.900000
-571.500000
-613.600000
-650.000000
-721.700000
-760.000000
-678.700000
-542.400000
-426.200000
-349.700000
-321.500000
-245.800000
-100.600000
24.200000
96.300000
316.700000
585.100000
760.800000
818.300000
794.900000
816.900000
811.800000
827.200000
791.500000
788.500000
829.500000
878.400000
923.100000
944.300000
888.000000
780.100000
688.000000
657.100000
739.900000
806.900000
950.200000
994.800000
941.800000
870.500000
908.800000
871.500000
801.000000
726.800000
621.100000
525.300000
391.300000
321.100000
285.300000
172.200000
81.700000
-61.500000
-197.200000
-296.500000
-280.200000
-335.900000
-409.900000
-502.000000
-667.200000
-831.800000
-976.300000
-1066.500000
-1173.100000
-1165.600000
-1149.700000
-1150.500000
-1115.000000
-1058.000000
-938.200000
-882.900000
-807.200000
-734.000000
-735.400000
-675.500000
-625.500000
-610.700000
-669.900000
-621.100000
-517.900000
-443.000000
-464.100000
-556.300000
-594.500000
-542.000000
-517.800000
-519.200000
-569.000000
-652.200000
-749.500000
-777.600000
-758.600000
-725.800000
-699.100000
-640.500000
-544.200000
-448.700000
-417.100000
-425.900000
-348.600000
-231.200000
-163.700000
-152.500000
-128.100000
-123.400000
-164.700000
-188.600000
-241.500000
-310.700000
-311.700000
-285.100000
-270.900000
-388.300000
-385.200000
-506.100000
-522.300000
-398.100000
-361.100000
-308.800000
-259.600000
-178.100000
-115.600000
-217.200000
-142.400000
-98.900000
-210.200000
-381.700000
-603.000000
-838.100000
-1059.300000
-1303.900000
-1524.000000
-1485.900000
-1366.500000
-1382.600000
-1430.000000
-1468.200000
-1380.800000
-1310.000000
-1407.400000
-1520.400000
-1614.200000
-1739.200000
-1714.100000
-1624.900000
-1492.600000
-1364.600000
-1278.700000
-1047.600000
-888.600000
-823.800000
-743.700000
-731.800000
-725.400000
-782.100000
-757.000000
-730.400000
-690.500000
-698.500000
-702.100000
-825.400000
-839.400000
-815.200000
-705.500000
-607.500000
-513.700000
-434.400000
-370.600000
-313.100000
-244.300000
-110.300000
91.600000
233.900000
299.000000
299.400000
299.700000
246.000000
251.700000
226.400000
210.700000
185.800000
154.100000
67.100000
-1.900000
-55.900000
-51.300000
-25.400000
14.200000
102.200000
145.500000
153.300000
190.300000
208.200000
177.700000
82.500000
67.500000
14.200000
-25.000000
-122.800000
-177.600000
-232.100000
-289.200000
-275.600000
-245.400000
-194.400000
-190.400000
-181.700000
-202.700000
-188.300000
-189.800000
-158.900000
-120.600000
-108.300000
-108.300000
-94.200000
-107.800000
-98.300000
-95.900000
-126.200000
-158.100000
-161.500000
-152.300000
-125.300000
-95.000000
-81.300000
-121.800000
-139.600000
-112.400000
-127.300000
-119.500000
-120.400000
-79.300000
-39.300000
4.300000
58.600000
97.600000
157.000000
238.600000
320.000000
359.200000
462.300000
506.500000
536.800000
591.700000
661.000000
686.700000
710.800000
784.200000
865.800000
981.000000
1053.000000
1089.700000
997.800000
880.000000
777.700000
690.800000
631.700000
604.200000
635.500000
657.000000
637.500000
601.000000
623.100000
631.900000
597.900000
581.300000
613.700000
587.100000
621.300000
655.900000
781.600000
796.700000
822.600000
836.300000
804.500000
731.800000
725.900000
686.800000
720.300000
758.900000
752.300000
717.300000
671.200000
627.400000
645.200000
648.900000
683.300000
675.000000
689.700000
730.700000
703.700000
743.000000
726.500000
732.800000
705.400000
690.000000
673.700000
603.800000
513.900000
434.100000
334.800000
288.500000
208.000000
143.800000
77.000000
112.700000
132.300000
154.700000
160.500000
175.300000
216.900000
247.000000
274.900000
278.000000
228.800000
187.700000
124.900000
74.200000
33.700000
68.500000
94.900000
118.800000
161.100000
211.700000
243.100000
304.800000
385.300000
451.100000
515.300000
531.300000
581.800000
605.500000
649.200000
710.200000
808.300000
805.400000
801.200000
795.900000
789.700000
785.900000
816.000000
820.900000
763.000000
749.800000
756.100000
776.800000
784.100000
781.600000
790.100000
815.000000
839.600000
857.900000
829.500000
768.400000
694.500000
648.100000
659.600000
692.600000
742.800000
792.400000
812.900000
864.800000
941.500000
1020.300000
1095.500000
1157.000000
1169.800000
1208.000000
1178.700000
1130.800000
1110.700000
1116.900000
1150.200000
1210.800000
1202.600000
1158.700000
1149.300000
1100.000000
994.700000
940.600000
933.000000
916.400000
930.400000
1002.900000
1023.000000
968.700000
925.900000
812.600000
716.000000
675.400000
589.000000
490.800000
338.200000
70.500000
7.900000
-109.000000
-136.600000
-93.800000
-59.300000
-53.300000
42.300000
141.200000
208.400000
255.100000
365.100000
439.800000
493.300000
457.200000
405.600000
360.500000
337.800000
310.300000
287.400000
219.800000
207.100000
203.500000
186.000000
146.300000
120.800000
85.700000
114.400000
121.100000
108.300000
98.400000
96.200000
109.200000
118.200000
98.600000
-4.900000
-75.100000
-158.200000
-226.100000
-272.300000
-305.400000
-332.300000
-294.900000
-247.700000
-229.700000
-210.100000
-191.700000
-162.600000
-121.100000
-105.500000
-64.400000
-62.800000
-97.300000
-122.500000
-105.100000
-155.200000
-226.900000
-269.600000
-356.200000
-436.000000
-489.900000
-490.100000
-346.100000
-185.500000
-112.300000
-93.800000
-180.300000
-220.500000
-146.600000
-33.100000
101.400000
167.700000
209.000000
258.700000
299.000000
319.200000
300.700000
302.500000
302.300000
316.500000
341.300000
329.000000
299.800000
272.000000
277.200000
246.500000
258.800000
288.100000
304.700000
294.700000
291.700000
304.200000
298.400000
271.700000
222.100000
190.500000
153.800000
122.700000
105.200000
101.700000
112.900000
117.400000
130.200000
134.900000
152.200000
167.000000
172.900000
234.700000
297.800000
351.500000
370.600000
358.600000
371.700000
347.400000
297.900000
239.800000
171.000000
128.800000
92.000000
-11.300000
-47.500000
-32.800000
-21.700000
-49.100000
-179.900000
-267.400000
-365.500000
-451.800000
-447.600000
-484.700000
-511.200000
-552.700000
-644.100000
-666.600000
-700.200000
-788.900000
-899.400000
-909.100000
-924.100000
-929.200000
-901.100000
-818.800000
-788.000000
-748.000000
-731.900000
-631.100000
-535.700000
-487.900000
-433.300000
-408.700000
-345.500000
-281.300000
-181.700000
-123.100000
-62.800000
-26.300000
1.100000
97.000000
175.700000
193.900000
179.800000
145.900000
79.200000
-58.500000
-231.100000
-247.600000
-231.600000
-231.700000
-179.200000
-74.500000
3.700000
72.600000
175.800000
243.100000
326.900000
325.800000
343.400000
345.600000
355.700000
422.600000
501.000000
523.600000
508.400000
583.000000
634.800000
717.400000
767.800000
732.400000
673.200000
673.000000
691.300000
725.500000
714.000000
650.000000
642.400000
636.100000
613.100000
576.600000
523.700000
436.100000
395.800000
341.800000
263.900000
199.800000
86.200000
0.100000
-110.700000
-135.000000
-77.500000
-70.200000
-99.400000
-141.300000
-170.200000
-190.000000
-224.300000
-171.200000
-100.600000
-24.100000
27.700000
41.700000
100.900000
162.400000
239.600000
358.700000
397.200000
469.700000
528.900000
614.500000
717.400000
835.900000
932.500000
1019.300000
1066.400000
1056.900000
1087.200000
1110.300000
1228.800000
1267.100000
1319.300000
1321.800000
1262.700000
1240.200000
1139.900000
1052.100000
985.400000
949.200000
890.600000
795.500000
692.400000
649.000000
641.100000
695.400000
718.400000
715.800000
640.900000
572.600000
505.400000
457.200000
418.100000
374.900000
371.200000
368.700000
323.500000
176.300000
93.400000
41.500000
1.200000
-10.000000
-39.900000
5.300000
18.800000
-40.600000
-137.600000
-217.500000
-314.400000
-418.900000
-507.700000
-545.600000
-570.700000
-592.500000
-626.300000
-655.800000
-716.100000
-716.100000
-680.500000
-614.800000
-571.400000
-535.600000
-484.900000
-406.500000
-342.000000
-277.300000
-188.000000
-137.900000
-156.300000
-165.000000
-140.700000
-76.700000
-50.900000
-16.700000
-19.000000
-8.700000
-36.000000
-73.600000
-113.300000
-121.000000
-128.000000
-132.000000
-184.200000
-270.300000
-323.700000
-387.000000
-457.500000
-599.100000
-689.000000
-710.500000
-776.100000
-806.100000
-714.600000
-619.800000
-488.700000
-299.100000
-163.000000
-61.600000
-19.400000
-64.600000
-95.300000
-126.200000
-159.400000
-137.300000
-182.300000
-197.000000
-177.700000
-154.100000
-195.300000
-292.400000
-351.500000
