0.975082 0.005915 0.000445 
0.975082 0.005915 0.000445 
0.309597 0.714247 0.023852 
0.077658 0.832989 0.130659 
0.007852 0.393604 0.588525 
0.000234 0.008142 0.969502 
0.164592 0.812584 0.055376 
0.208034 0.788886 0.041035 
0.853599 0.088426 0.002309 
0.862135 0.080601 0.002173 
0.975082 0.005915 0.000445 
0.975082 0.005915 0.000445 
0.975082 0.005915 0.000445 
0.228111 0.776181 0.036337 
0.929370 0.028721 0.001141 
0.098517 0.834549 0.101521 
0.144187 0.821682 0.065204 
0.074555 0.831918 0.136147 
0.025797 0.708635 0.322877 
0.042677 0.790567 0.224555 
0.068469 0.828871 0.148063 
0.188877 0.800002 0.046509 
0.348490 0.679214 0.020063 
0.348490 0.679214 0.020063 
0.222784 0.779655 0.037496 
0.101530 0.834205 0.098189 
0.129449 0.827228 0.074232 
0.330581 0.695761 0.021691 
0.466983 0.553754 0.012544 
0.038384 0.776817 0.243931 
0.003197 0.179329 0.761274 
0.000234 0.008142 0.969502 
0.000234 0.008142 0.969502 
0.003385 0.189905 0.751952 
0.083165 0.834243 0.121759 
0.782874 0.161599 0.003514 
0.908441 0.042836 0.001456 
0.975082 0.005915 0.000445 
0.948276 0.017820 0.000857 
0.975082 0.005915 0.000445 
0.975082 0.005915 0.000445 
0.824213 0.117147 0.002792 
0.975082 0.005915 0.000445 
0.975082 0.005915 0.000445 
0.975082 0.005915 0.000445 
0.968050 0.008584 0.000555 
0.975082 0.005915 0.000445 
0.972520 0.006846 0.000485 
0.354289 0.673708 0.019573 
0.975082 0.005915 0.000445 
0.635196 0.343700 0.006699 
0.968596 0.008364 0.000547 
0.975082 0.005915 0.000445 
0.370370 0.658071 0.018299 
0.137148 0.824452 0.069276 
0.253832 0.758387 0.031469 
0.975082 0.005915 0.000445 
0.975082 0.005915 0.000445 
0.975082 0.005915 0.000445 
0.113584 0.831911 0.086487 
0.039953 0.782238 0.236517 
0.077856 0.833048 0.130321 
0.084928 0.834493 0.119115 
0.047699 0.802949 0.205057 
0.031998 0.748806 0.278914 
0.146463 0.820742 0.063970 
0.718690 0.237645 0.004760 
0.874935 0.069343 0.001971 
0.975082 0.005915 0.000445 
0.940014 0.022353 0.000981 
0.041074 0.785821 0.231464 
0.000234 0.008142 0.969502 
0.000234 0.008142 0.969502 
0.001532 0.080604 0.859277 
0.030450 0.740224 0.288798 
0.000361 0.014001 0.956017 
0.000234 0.008142 0.969502 
0.000234 0.008142 0.969502 
0.001185 0.059743 0.884479 
0.000234 0.008142 0.969502 
0.000234 0.008142 0.969502 
0.000566 0.024434 0.936138 
0.008266 0.408223 0.577260 
0.060530 0.822446 0.166355 
0.025172 0.703596 0.328041 
0.034437 0.760782 0.264535 
0.015817 0.592397 0.430378 
0.042014 0.788658 0.227364 
0.027513 0.721422 0.309465 
0.005170 0.282223 0.675322 
0.000784 0.036423 0.916719 
0.000274 0.009927 0.965119 
0.000427 0.017266 0.949370 
0.071643 0.830630 0.141647 
0.452116 0.570857 0.013266 
0.427896 0.597954 0.014552 
0.075770 0.832372 0.133954 
0.000234 0.008142 0.969502 
0.000234 0.008142 0.969502 
0.000234 0.008142 0.969502 
0.008231 0.407011 0.578194 
0.094632 0.834824 0.106098 
0.134021 0.825614 0.071221 
0.005534 0.299213 0.661845 
0.054012 0.814306 0.184330 
0.100467 0.834339 0.099344 
0.120251 0.830135 0.080960 
0.256725 0.756282 0.030986 
0.297218 0.724681 0.025280 
0.975082 0.005915 0.000445 
0.702478 0.257813 0.005105 
0.398024 0.629957 0.016358 
0.975082 0.005915 0.000445 
0.975082 0.005915 0.000445 
0.975082 0.005915 0.000445 
0.975082 0.005915 0.000445 
0.969072 0.008174 0.000539 
0.194131 0.797054 0.044895 
0.860812 0.081798 0.002194 
0.975082 0.005915 0.000445 
0.975082 0.005915 0.000445 
0.975082 0.005915 0.000445 
0.975082 0.005915 0.000445 
0.975082 0.005915 0.000445 
0.961288 0.011469 0.000659 
0.975082 0.005915 0.000445 
0.484827 0.532792 0.011737 
0.514987 0.496395 0.010498 
0.776112 0.169254 0.003637 
0.546655 0.457079 0.009342 
0.403640 0.624066 0.015997 
0.080659 0.833766 0.125682 
0.153884 0.817543 0.060204 
0.056476 0.817749 0.177175 
0.003356 0.188263 0.753389 
0.165006 0.812385 0.055202 
0.015701 0.590430 0.432048 
0.022515 0.679539 0.351884 
0.094704 0.834820 0.106009 
0.975082 0.005915 0.000445 
0.067052 0.827951 0.151080 
0.000399 0.015865 0.952164 
0.001711 0.091402 0.847132 
0.260412 0.753568 0.030388 
0.975082 0.005915 0.000445 
0.718817 0.237488 0.004757 
0.066763 0.827753 0.151706 
0.130445 0.826885 0.073559 
0.291791 0.729143 0.025947 
0.975082 0.005915 0.000445 
0.975082 0.005915 0.000445 
0.975082 0.005915 0.000445 
0.747584 0.202549 0.004177 
0.365950 0.662423 0.018637 
0.295766 0.725882 0.025456 
0.323103 0.702462 0.022427 
0.086554 0.834666 0.116759 
0.015969 0.594961 0.428196 
0.005369 0.291578 0.667885 
0.068421 0.828841 0.148163 
0.145384 0.821190 0.064550 
0.000477 0.019783 0.944539 
0.000234 0.008142 0.969502 
0.002445 0.135615 0.801702 
0.041527 0.787206 0.229474 
0.040930 0.785374 0.232101 
0.126480 0.828219 0.076300 
0.875847 0.068564 0.001957 
0.738029 0.214018 0.004366 
0.975082 0.005915 0.000445 
0.975082 0.005915 0.000445 
0.344308 0.683140 0.020427 
0.162040 0.813800 0.056467 
0.218110 0.782642 0.038562 
0.975082 0.005915 0.000445 
0.203994 0.791314 0.042100 
0.975082 0.005915 0.000445 
0.265175 0.750014 0.029641 
0.001442 0.075136 0.865638 
0.041537 0.787238 0.229428 
0.011915 0.513659 0.494989 
0.008454 0.414646 0.572308 
0.000251 0.008912 0.967575 
0.000321 0.012101 0.960131 
0.455552 0.566935 0.013095 
0.000321 0.012101 0.960131 
0.001402 0.072778 0.868431 
0.641657 0.335367 0.006533 
0.975082 0.005915 0.000445 
0.975082 0.005915 0.000445 
0.975082 0.005915 0.000445 
0.975082 0.005915 0.000445 
0.975082 0.005915 0.000445 
0.975082 0.005915 0.000445 
0.250714 0.760633 0.032002 
0.129417 0.827239 0.074254 
0.432477 0.592905 0.014297 
0.723498 0.231724 0.004660 
0.816226 0.125393 0.002927 
0.288124 0.732119 0.026413 
0.188538 0.800190 0.046617 
0.975082 0.005915 0.000445 
0.975082 0.005915 0.000445 
0.975082 0.005915 0.000445 
0.975082 0.005915 0.000445 
0.417971 0.608768 0.015122 
0.204825 0.790818 0.041877 
0.118697 0.830577 0.082196 
0.108654 0.833009 0.090983 
0.085767 0.834589 0.117890 
0.000263 0.009432 0.966307 
0.001674 0.089203 0.849564 
0.036385 0.769160 0.253992 
0.018840 0.637477 0.391022 
0.076053 0.832472 0.133452 
0.091219 0.834888 0.110401 
0.286949 0.733066 0.026565 
0.105574 0.833587 0.093989 
0.377464 0.651004 0.017772 
0.280791 0.737975 0.027383 
0.874645 0.069592 0.001976 
0.916321 0.037285 0.001337 
0.975082 0.005915 0.000445 
0.501087 0.513311 0.011050 
0.253659 0.758512 0.031498 
0.024809 0.700569 0.331112 
0.020905 0.662548 0.368034 
0.000234 0.008142 0.969502 
0.000234 0.008142 0.969502 
0.000301 0.011161 0.962247 
0.000234 0.008142 0.969502 
0.000234 0.008142 0.969502 
0.000234 0.008142 0.969502 
0.000234 0.008142 0.969502 
0.000422 0.017008 0.949880 
0.003534 0.198163 0.744772 
0.039254 0.779882 0.239771 
0.044839 0.796326 0.215785 
0.375831 0.652639 0.017892 
0.104078 0.833836 0.095508 
0.232942 0.772967 0.035335 
0.192872 0.797767 0.045273 
0.257063 0.756034 0.030931 
0.379822 0.648633 0.017602 
0.975082 0.005915 0.000445 
0.975082 0.005915 0.000445 
0.975082 0.005915 0.000445 
0.420529 0.605997 0.014973 
0.118990 0.830495 0.081960 
0.002711 0.151331 0.786767 
0.000234 0.008142 0.969502 
0.004981 0.273144 0.682580 
0.040293 0.783348 0.234965 
0.001706 0.091109 0.847455 
0.005418 0.293852 0.666084 
0.086530 0.834664 0.116793 
0.945004 0.019571 0.000906 
0.118089 0.830745 0.082687 
0.602349 0.386077 0.007594 
0.536282 0.470065 0.009706 
0.975082 0.005915 0.000445 
0.847972 0.093717 0.002400 
0.956542 0.013669 0.000732 
0.975082 0.005915 0.000445 
0.274652 0.742778 0.028238 
0.164295 0.812727 0.055501 
0.080597 0.833753 0.125783 
0.227142 0.776818 0.036544 
0.106626 0.833400 0.092944 
0.357716 0.670421 0.019291 
0.093494 0.834865 0.107502 
0.120165 0.830160 0.081027 
0.011279 0.497913 0.507485 
0.001135 0.056778 0.888294 
0.026538 0.714338 0.316952 
0.061600 0.823509 0.163680 
0.021209 0.665919 0.364870 
0.562709 0.436806 0.008804 
0.105065 0.833674 0.094502 
0.170588 0.809643 0.052944 
0.975082 0.005915 0.000445 
0.975082 0.005915 0.000445 
0.357018 0.671092 0.019348 
0.162645 0.813514 0.056205 
0.041176 0.786138 0.231010 
0.014334 0.565691 0.452771 
0.056683 0.818017 0.176593 
0.975082 0.005915 0.000445 
0.572922 0.423813 0.008477 
0.005895 0.315434 0.649091 
0.463175 0.558167 0.012725 
0.094231 0.834840 0.106589 
0.184986 0.802135 0.047767 
0.000234 0.008142 0.969502 
0.000234 0.008142 0.969502 
0.000234 0.008142 0.969502 
0.000234 0.008142 0.969502 
0.000350 0.013471 0.957145 
0.000234 0.008142 0.969502 
0.000234 0.008142 0.969502 
0.000234 0.008142 0.969502 
0.001909 0.103396 0.834200 
0.000234 0.008142 0.969502 
0.002698 0.150556 0.787492 
0.002683 0.149681 0.788312 
0.000234 0.008142 0.969502 
0.000234 0.008142 0.969502 
0.001303 0.066830 0.875618 
0.000479 0.019920 0.944284 
0.000234 0.008142 0.969502 
0.000234 0.008142 0.969502 
0.000234 0.008142 0.969502 
0.000349 0.013412 0.957270 
0.000573 0.024837 0.935437 
0.085651 0.834576 0.118058 
0.333294 0.693299 0.021432 
0.333294 0.693299 0.021432 
0.322923 0.702621 0.022445 
0.454437 0.568209 0.013151 
0.245321 0.764460 0.032959 
0.032354 0.750667 0.276726 
0.031127 0.744082 0.284394 
0.097821 0.834612 0.102317 
0.153740 0.817607 0.060273 
0.010352 0.473118 0.526970 
0.006699 0.349483 0.622582 
0.052912 0.812605 0.187684 
0.003321 0.186339 0.755079 
0.000234 0.008142 0.969502 
0.025202 0.703847 0.327785 
0.000234 0.008142 0.969502 
0.000234 0.008142 0.969502 
0.000234 0.008142 0.969502 
0.035975 0.767474 0.256150 
0.011912 0.513585 0.495047 
0.009949 0.461616 0.535944 
0.045302 0.797473 0.213981 
0.154842 0.817115 0.059744 
0.027358 0.720323 0.310635 
0.067565 0.828294 0.149975 
0.000873 0.041513 0.909177 
0.000234 0.008142 0.969502 
0.003455 0.193827 0.748532 
0.056794 0.818159 0.176284 
0.091079 0.834887 0.110584 
0.091079 0.834887 0.110584 
0.000253 0.009002 0.967353 
0.000357 0.013813 0.956415 
0.000234 0.008142 0.969502 
0.005067 0.277303 0.679250 
0.000234 0.008142 0.969502 
0.000234 0.008142 0.969502 
0.030294 0.739310 0.289832 
0.000234 0.008142 0.969502 
0.018121 0.627748 0.399710 
0.000810 0.037911 0.914479 
0.013457 0.548160 0.467179 
0.002844 0.159035 0.779622 
0.001815 0.097729 0.840244 
0.305354 0.717863 0.024328 
0.975082 0.005915 0.000445 
0.975082 0.005915 0.000445 
0.975082 0.005915 0.000445 
0.358784 0.669392 0.019205 
0.975082 0.005915 0.000445 
0.971649 0.007174 0.000499 
0.975082 0.005915 0.000445 
0.045960 0.799049 0.211468 
0.063387 0.825135 0.159368 
0.033457 0.756179 0.270150 
0.057169 0.818632 0.175245 
0.028957 0.731113 0.298967 
0.000234 0.008142 0.969502 
0.000234 0.008142 0.969502 
0.000234 0.008142 0.969502 
0.001901 0.102958 0.834663 
0.095559 0.834776 0.104976 
0.095559 0.834776 0.104976 
0.303177 0.719702 0.024577 
0.303177 0.719702 0.024577 
0.975082 0.005915 0.000445 
0.022954 0.683835 0.347715 
0.022954 0.683835 0.347715 
0.013079 0.540151 0.473694 
0.000234 0.008142 0.969502 
0.000234 0.008142 0.969502 
0.000512 0.021597 0.941189 
0.000234 0.008142 0.969502 
0.000234 0.008142 0.969502 
0.000234 0.008142 0.969502 
0.000234 0.008142 0.969502 
0.002634 0.146783 0.791037 
0.000234 0.008142 0.969502 
0.000443 0.018060 0.947821 
0.000234 0.008142 0.969502 
0.000234 0.008142 0.969502 
0.000234 0.008142 0.969502 
0.025690 0.707787 0.323751 
0.022211 0.676488 0.354822 
0.015416 0.585512 0.436208 
0.018238 0.629372 0.398268 
0.015912 0.594000 0.429015 
0.000234 0.008142 0.969502 
0.000590 0.025743 0.933877 
0.053201 0.813062 0.186793 
0.004423 0.245431 0.705043 
0.000234 0.008142 0.969502 
0.000234 0.008142 0.969502 
0.000234 0.008142 0.969502 
0.000234 0.008142 0.969502 
0.000234 0.008142 0.969502 
0.000234 0.008142 0.969502 
0.000234 0.008142 0.969502 
0.000234 0.008142 0.969502 
0.009033 0.433699 0.557598 
0.055993 0.817112 0.178541 
0.100048 0.834387 0.099805 
0.051480 0.810226 0.192203 
0.000451 0.018465 0.947040 
0.000234 0.008142 0.969502 
0.000234 0.008142 0.969502 
0.000234 0.008142 0.969502 
0.000611 0.026888 0.931933 
0.000234 0.008142 0.969502 
0.000234 0.008142 0.969502 
0.000234 0.008142 0.969502 
0.000234 0.008142 0.969502 
0.000234 0.008142 0.969502 
0.000772 0.035777 0.917701 
0.000234 0.008142 0.969502 
0.003306 0.185459 0.755853 
0.012149 0.519236 0.490536 
0.001968 0.107018 0.830396 
0.000234 0.008142 0.969502 
0.000234 0.008142 0.969502 
0.000234 0.008142 0.969502 
0.006038 0.321692 0.644196 
0.044700 0.795977 0.216330 
0.005510 0.298116 0.662712 
0.048593 0.804811 0.201889 
0.333906 0.692742 0.021374 
0.083443 0.834287 0.121335 
0.004501 0.249422 0.701776 
0.004501 0.249422 0.701776 
0.000234 0.008142 0.969502 
0.000234 0.008142 0.969502 
0.002349 0.129864 0.807301 
0.070980 0.830296 0.142948 
0.051204 0.809747 0.193093 
0.358516 0.669650 0.019226 
0.342109 0.685190 0.020622 
0.102341 0.834095 0.097323 
0.384825 0.643564 0.017248 
0.779728 0.165149 0.003571 
0.975082 0.005915 0.000445 
0.975082 0.005915 0.000445 
0.182731 0.803351 0.048522 
0.530216 0.477612 0.009925 
0.196180 0.795884 0.044290 
0.068929 0.829151 0.147103 
0.039083 0.779293 0.240578 
0.062055 0.823940 0.162565 
0.000420 0.016932 0.950030 
0.000234 0.008142 0.969502 
0.000363 0.014086 0.955838 
0.000443 0.018077 0.947789 
0.000234 0.008142 0.969502 
0.000314 0.011753 0.960907 
0.000314 0.011753 0.960907 
0.024202 0.695339 0.336368 
0.042233 0.789296 0.226430 
0.077031 0.832796 0.131739 
0.080757 0.833788 0.125526 
0.095445 0.834783 0.105112 
0.089760 0.834860 0.112328 
0.975082 0.005915 0.000445 
0.255961 0.756839 0.031113 
0.177446 0.806144 0.050369 
0.301367 0.721223 0.024788 
0.838686 0.102671 0.002552 
0.628133 0.352815 0.006884 
0.924946 0.031534 0.001207 
0.000234 0.008142 0.969502 
0.011229 0.496623 0.508504 
0.089024 0.834832 0.113321 
0.079468 0.833486 0.127620 
0.044014 0.794212 0.219059 
0.001602 0.084823 0.854469 
0.001602 0.084823 0.854469 
0.145637 0.821086 0.064413 
0.975082 0.005915 0.000445 
0.892943 0.054536 0.001692 
0.975082 0.005915 0.000445 
0.975082 0.005915 0.000445 
0.960938 0.011627 0.000665 
0.960938 0.011627 0.000665 
0.975082 0.005915 0.000445 
0.166093 0.811858 0.054750 
0.095852 0.834759 0.104624 
0.222137 0.780071 0.037641 
0.197253 0.795266 0.043978 
0.191730 0.798411 0.045621 
0.067987 0.828568 0.149078 
0.000234 0.008142 0.969502 
0.012499 0.527312 0.484061 
0.000234 0.008142 0.969502 
0.043328 0.792377 0.221848 
0.424700 0.601455 0.014732 
0.403095 0.624640 0.016032 
0.043328 0.792377 0.221848 
0.975082 0.005915 0.000445 
0.975082 0.005915 0.000445 
0.905087 0.045283 0.001507 
0.975082 0.005915 0.000445 
0.975082 0.005915 0.000445 
0.967367 0.008861 0.000566 
0.531068 0.476554 0.009894 
0.000721 0.032881 0.922186 
0.000234 0.008142 0.969502 
0.016028 0.595929 0.427371 
0.069693 0.829597 0.145532 
0.841870 0.099571 0.002499 
0.466359 0.554479 0.012574 
0.031160 0.744266 0.284183 
0.000685 0.030932 0.925282 
0.000234 0.008142 0.969502 
0.003454 0.193733 0.748613 
0.006417 0.337848 0.631609 
0.001546 0.081429 0.858330 
0.001302 0.066736 0.875733 
0.002583 0.143792 0.793868 
0.021136 0.665115 0.365626 
0.006229 0.329919 0.637777 
0.005454 0.295518 0.664765 
0.001235 0.062705 0.880734 
0.000330 0.012508 0.959232 
0.036766 0.770687 0.252020 
0.524426 0.484783 0.010139 
0.608622 0.377994 0.007416 
0.020409 0.656880 0.373313 
0.649412 0.325376 0.006337 
0.002517 0.139873 0.797604 
0.000234 0.008142 0.969502 
0.000450 0.018421 0.947125 
0.033110 0.754488 0.272184 
0.013294 0.544730 0.469974 
0.000234 0.008142 0.969502 
0.006376 0.336146 0.632932 
0.088408 0.834801 0.114163 
0.776911 0.168346 0.003623 
0.322245 0.703223 0.022514 
0.776911 0.168346 0.003623 
0.805316 0.136933 0.003115 
0.393463 0.634697 0.016658 
0.229546 0.775232 0.036035 
0.056309 0.817531 0.177645 
0.075998 0.832452 0.133550 
0.018258 0.629649 0.398021 
0.035309 0.764650 0.259723 
0.000588 0.025612 0.934102 
0.000234 0.008142 0.969502 
0.000702 0.031869 0.923785 
0.000234 0.008142 0.969502 
0.000234 0.008142 0.969502 
0.000234 0.008142 0.969502 
0.002769 0.154669 0.783658 
0.035542 0.765651 0.258462 
0.002323 0.128352 0.808787 
0.071822 0.830718 0.141299 
0.270520 0.745960 0.028837 
0.858987 0.083459 0.002223 
0.975082 0.005915 0.000445 
0.812882 0.128897 0.002985 
0.865392 0.077681 0.002121 
0.975082 0.005915 0.000445 
0.377389 0.651079 0.017778 
0.096716 0.834701 0.103602 
0.098965 0.834504 0.101015 
0.262102 0.752314 0.030120 
0.975082 0.005915 0.000445 
0.937088 0.024046 0.001025 
0.975082 0.005915 0.000445 
0.975082 0.005915 0.000445 
0.200315 0.793486 0.043108 
0.834930 0.106368 0.002613 
0.873945 0.070193 0.001987 
0.975082 0.005915 0.000445 
0.975082 0.005915 0.000445 
0.689189 0.274545 0.005398 
0.923051 0.032768 0.001236 
0.975082 0.005915 0.000445 
0.975082 0.005915 0.000445 
0.348234 0.679455 0.020085 
0.555716 0.445661 0.009035 
0.611372 0.374447 0.007339 
0.348810 0.678912 0.020036 
0.112685 0.832126 0.087279 
0.196434 0.795738 0.044216 
0.157674 0.815832 0.058419 
0.238721 0.769044 0.034193 
0.000529 0.022489 0.939578 
0.000234 0.008142 0.969502 
0.012386 0.524731 0.486134 
0.003317 0.186118 0.755273 
0.030498 0.740505 0.288479 
0.000551 0.023642 0.937528 
0.000234 0.008142 0.969502 
0.000234 0.008142 0.969502 
0.003661 0.205172 0.738742 
0.000619 0.027297 0.931244 
0.002979 0.166866 0.772465 
0.003661 0.205172 0.738742 
0.000234 0.008142 0.969502 
0.000234 0.008142 0.969502 
0.021320 0.667127 0.363731 
0.075084 0.832121 0.135186 
0.149623 0.819405 0.062321 
0.650965 0.323377 0.006299 
0.975082 0.005915 0.000445 
0.975082 0.005915 0.000445 
0.153981 0.817499 0.060157 
0.095386 0.834786 0.105183 
0.126229 0.828300 0.076479 
0.046972 0.801364 0.207697 
0.002806 0.156833 0.781653 
0.003841 0.214906 0.730454 
0.002264 0.124822 0.812277 
0.000234 0.008142 0.969502 
0.000432 0.017505 0.948902 
0.000234 0.008142 0.969502 
0.008427 0.413746 0.573002 
0.002361 0.130623 0.806558 
0.003761 0.210617 0.734094 
0.006251 0.330849 0.637053 
0.000234 0.008142 0.969502 
0.000234 0.008142 0.969502 
0.004992 0.273715 0.682122 
0.073364 0.831427 0.138354 
0.000234 0.008142 0.969502 
0.000234 0.008142 0.969502 
0.000234 0.008142 0.969502 
0.000371 0.014490 0.954990 
0.045798 0.798667 0.212081 
0.088512 0.834807 0.114020 
0.011469 0.502706 0.503693 
0.000931 0.044834 0.904432 
0.000234 0.008142 0.969502 
0.007664 0.386771 0.593790 
0.102347 0.834094 0.097317 
0.005457 0.295637 0.664671 
0.002365 0.130866 0.806321 
0.025162 0.703514 0.328124 
0.057558 0.819114 0.174175 
0.136553 0.824677 0.069639 
0.926331 0.030644 0.001187 
0.191173 0.798723 0.045792 
0.518811 0.491702 0.010351 
0.975082 0.005915 0.000445 
0.975082 0.005915 0.000445 
0.975082 0.005915 0.000445 
0.964524 0.010051 0.000610 
0.975082 0.005915 0.000445 
0.280648 0.738088 0.027403 
0.031320 0.745151 0.283163 
0.090846 0.834885 0.110888 
0.218109 0.782642 0.038563 
0.368602 0.659816 0.018433 
0.310035 0.713870 0.023804 
0.300472 0.721972 0.024893 
0.646705 0.328860 0.006405 
0.018058 0.626869 0.400489 
0.000584 0.025400 0.934466 
0.000234 0.008142 0.969502 
0.000588 0.025639 0.934055 
0.013764 0.554457 0.462028 
0.000234 0.008142 0.969502 
0.000234 0.008142 0.969502 
0.000234 0.008142 0.969502 
0.000234 0.008142 0.969502 
0.009013 0.433066 0.558087 
0.000295 0.010866 0.962924 
0.000234 0.008142 0.969502 
0.000234 0.008142 0.969502 
0.000234 0.008142 0.969502 
0.000234 0.008142 0.969502 
0.000234 0.008142 0.969502 
0.000234 0.008142 0.969502 
0.000358 0.013882 0.956270 
0.003808 0.213123 0.731965 
0.000234 0.008142 0.969502 
0.000234 0.008142 0.969502 
0.000234 0.008142 0.969502 
0.001742 0.093337 0.845009 
0.000281 0.010252 0.964352 
0.001105 0.055041 0.890561 
0.025620 0.707235 0.324318 
0.004609 0.254827 0.697371 
0.164931 0.812421 0.055234 
0.146917 0.820552 0.063729 
0.097817 0.834613 0.102322 
0.038859 0.778508 0.241646 
0.077704 0.833003 0.130580 
0.934200 0.025760 0.001068 
0.975082 0.005915 0.000445 
0.248094 0.762501 0.032462 
0.062126 0.824006 0.162392 
0.000234 0.008142 0.969502 
0.000893 0.042639 0.907554 
0.004561 0.252455 0.699302 
0.176167 0.806807 0.050834 
0.191868 0.798333 0.045579 
0.250320 0.760914 0.032071 
0.171328 0.809273 0.052655 
0.149183 0.819594 0.062546 
0.197476 0.795137 0.043914 
0.057796 0.819402 0.173528 
0.047148 0.801755 0.207050 
0.890596 0.056394 0.001728 
0.975082 0.005915 0.000445 
0.660728 0.310831 0.006060 
0.388652 0.639654 0.016983 
0.336602 0.690275 0.021123 
0.116692 0.831122 0.083836 
0.249940 0.761186 0.032137 
0.009205 0.439139 0.553390 
0.045269 0.797391 0.214112 
0.667227 0.302501 0.005904 
0.975082 0.005915 0.000445 
0.975082 0.005915 0.000445 
0.975082 0.005915 0.000445 
0.975082 0.005915 0.000445 
0.975082 0.005915 0.000445 
0.846287 0.095322 0.002427 
0.862281 0.080470 0.002170 
0.927094 0.030157 0.001175 
0.975082 0.005915 0.000445 
0.975082 0.005915 0.000445 
0.975082 0.005915 0.000445 
0.753397 0.195644 0.004065 
0.245384 0.764415 0.032948 
0.043847 0.793770 0.219734 
0.071556 0.830587 0.141816 
0.023453 0.688558 0.343091 
0.000385 0.015187 0.953548 
0.000234 0.008142 0.969502 
0.000280 0.010208 0.964455 
0.000234 0.008142 0.969502 
0.000234 0.008142 0.969502 
0.002340 0.129339 0.807817 
0.090678 0.834882 0.111109 
0.080462 0.833722 0.126001 
0.048528 0.804679 0.202116 
0.000478 0.019850 0.944414 
0.034299 0.760150 0.265313 
0.005602 0.302296 0.659414 
0.096016 0.834749 0.104429 
0.066369 0.827475 0.152571 
0.752474 0.196736 0.004082 
0.975082 0.005915 0.000445 
0.975082 0.005915 0.000445 
0.471701 0.548256 0.012325 
0.515877 0.495304 0.010463 
0.515877 0.495304 0.010463 
0.975082 0.005915 0.000445 
0.975082 0.005915 0.000445 
0.931512 0.027394 0.001109 
0.975082 0.005915 0.000445 
0.975082 0.005915 0.000445 
0.975082 0.005915 0.000445 
0.944666 0.019755 0.000911 
0.438686 0.586004 0.013961 
0.975082 0.005915 0.000445 
0.942725 0.020825 0.000940 
0.095464 0.834782 0.105090 
0.067788 0.828440 0.149500 
0.000234 0.008142 0.969502 
0.000234 0.008142 0.969502 
0.000615 0.027068 0.931629 
0.001017 0.049817 0.897535 
0.012940 0.537147 0.476128 
0.117159 0.830997 0.083449 
0.108588 0.833022 0.091045 
0.126428 0.828236 0.076337 
0.154473 0.817280 0.059921 
0.062259 0.824130 0.162067 
0.220294 0.781253 0.038058 
0.176961 0.806396 0.050544 
0.348493 0.679212 0.020063 
0.277558 0.740516 0.027828 
0.975082 0.005915 0.000445 
0.975082 0.005915 0.000445 
0.938095 0.023458 0.001010 
