0.638885 0.337722 0.138772 
0.724284 0.315451 0.120836 
0.481569 0.312044 0.261267 
0.718952 0.295952 0.112315 
0.750139 0.263550 0.109942 
0.822375 0.304248 0.087873 
0.686636 0.361092 0.114412 
0.148639 0.344820 0.557076 
0.146393 0.299284 0.593812 
0.176944 0.293763 0.557891 
0.362882 0.307356 0.345663 
0.387215 0.308770 0.340977 
0.144845 0.326824 0.641239 
0.589906 0.320339 0.205083 
0.802305 0.317570 0.094198 
0.765253 0.271832 0.104555 
0.808981 0.265264 0.094384 
0.798293 0.282347 0.096139 
0.841011 0.337908 0.081415 
0.757216 0.349113 0.107905 
0.188953 0.395659 0.493533 
0.092659 0.347518 0.679984 
0.078689 0.302006 0.733934 
0.151251 0.322554 0.564962 
0.447377 0.388989 0.218399 
0.653341 0.380256 0.120680 
0.706287 0.353987 0.111804 
0.588194 0.409391 0.146923 
0.509328 0.416629 0.188677 
0.758699 0.351091 0.109067 
0.809251 0.362421 0.097678 
0.753104 0.379364 0.128212 
0.676394 0.382432 0.170134 
0.462495 0.371991 0.305822 
0.051858 0.345487 0.826134 
0.045982 0.335355 0.842677 
0.045282 0.319034 0.843557 
0.052054 0.299059 0.824069 
0.095966 0.285197 0.709271 
0.248026 0.300084 0.461247 
0.221595 0.303839 0.519452 
0.549273 0.315010 0.215243 
0.723197 0.315858 0.122317 
0.652846 0.318230 0.163376 
0.661386 0.319656 0.161397 
0.744122 0.316257 0.116188 
0.741081 0.320015 0.121160 
0.715775 0.320246 0.133446 
0.766752 0.285550 0.102638 
0.770751 0.300928 0.101409 
0.706077 0.317533 0.119395 
0.725620 0.302413 0.111032 
0.686171 0.323283 0.124957 
0.684884 0.316281 0.116561 
0.789882 0.280740 0.098520 
0.769377 0.307874 0.101591 
0.508022 0.414985 0.182813 
0.102430 0.289883 0.687338 
0.098361 0.290825 0.715492 
0.612462 0.381721 0.132105 
0.823504 0.304382 0.087494 
0.815374 0.325749 0.090427 
0.700734 0.372109 0.129167 
0.625740 0.378562 0.171523 
0.640388 0.371045 0.174032 
0.295317 0.384074 0.403171 
0.057007 0.337853 0.792354 
0.054902 0.317181 0.801482 
0.068484 0.297272 0.765038 
0.106626 0.307887 0.662609 
0.708153 0.363858 0.113746 
0.846878 0.367581 0.080209 
0.805347 0.381831 0.101580 
0.634622 0.373201 0.191952 
0.141211 0.357990 0.638896 
0.118632 0.355402 0.681104 
0.499760 0.373278 0.279122 
0.514037 0.375549 0.269874 
0.152990 0.358125 0.629225 
0.360373 0.370457 0.389694 
0.574079 0.381624 0.230993 
0.399815 0.373800 0.356157 
0.050447 0.347905 0.831578 
0.047289 0.347629 0.840125 
0.047297 0.347309 0.840086 
0.047462 0.345868 0.839499 
0.047720 0.344109 0.838439 
0.047309 0.338506 0.838361 
0.047305 0.334211 0.836464 
0.101365 0.362676 0.695194 
0.335531 0.371518 0.386801 
0.304048 0.369374 0.419865 
0.156187 0.366615 0.598744 
0.050920 0.331932 0.816835 
0.047494 0.306310 0.836238 
0.056759 0.297824 0.812320 
0.175159 0.307037 0.539647 
0.741896 0.316264 0.106430 
0.830391 0.324446 0.085149 
0.824355 0.373562 0.091548 
0.769331 0.368550 0.117934 
0.057278 0.345513 0.795113 
0.046472 0.312025 0.838267 
0.105062 0.374383 0.652803 
0.385817 0.414860 0.268447 
0.074575 0.298194 0.747292 
0.089740 0.284827 0.723527 
0.118738 0.297609 0.678548 
0.152725 0.311058 0.624534 
0.175005 0.324516 0.594065 
0.434518 0.323376 0.317206 
0.803342 0.313298 0.093021 
0.760651 0.326244 0.115785 
0.548325 0.327134 0.237406 
0.469509 0.329249 0.293884 
0.309181 0.330382 0.433012 
0.702363 0.331413 0.148606 
0.848738 0.315437 0.077078 
0.853639 0.318146 0.075304 
0.807189 0.320883 0.092970 
0.754081 0.327597 0.119666 
0.324397 0.329656 0.417542 
0.157093 0.334518 0.623143 
0.366368 0.331568 0.379138 
0.797784 0.329245 0.099651 
0.829835 0.322826 0.084169 
0.854162 0.320253 0.074953 
0.870508 0.337682 0.068314 
0.844728 0.303385 0.079370 
0.793425 0.260142 0.099202 
0.797343 0.265920 0.097847 
0.848312 0.334582 0.078196 
0.833163 0.345683 0.085175 
0.726504 0.364165 0.134017 
0.673648 0.368587 0.165489 
0.205568 0.372256 0.521659 
0.126437 0.361794 0.653697 
0.378870 0.368913 0.355705 
0.135373 0.364373 0.634610 
0.048725 0.327213 0.826241 
0.070414 0.357764 0.757376 
0.718421 0.367964 0.142635 
0.680874 0.371568 0.164772 
0.096148 0.361169 0.707305 
0.045771 0.319306 0.841226 
0.047616 0.306874 0.833905 
0.428169 0.409554 0.255899 
0.696476 0.374777 0.126859 
0.377464 0.408633 0.293317 
0.101278 0.355320 0.656526 
0.066731 0.287418 0.777850 
0.082373 0.292202 0.750739 
0.294044 0.312624 0.392531 
0.669685 0.336316 0.117690 
0.733126 0.298088 0.109389 
0.729993 0.330156 0.107973 
0.757766 0.342682 0.105522 
0.808512 0.354514 0.096672 
0.778999 0.371609 0.113810 
0.512908 0.370143 0.256592 
0.069138 0.355197 0.767382 
0.161966 0.363206 0.596742 
0.645467 0.374576 0.186251 
0.496338 0.370196 0.279253 
0.072660 0.350841 0.772170 
0.055254 0.345920 0.814094 
0.060704 0.349193 0.795368 
0.048668 0.330896 0.827501 
0.049227 0.323045 0.823541 
0.060491 0.318026 0.781747 
0.065658 0.291391 0.777153 
0.220216 0.373033 0.433071 
0.662808 0.383701 0.121072 
0.674028 0.381798 0.120734 
0.133910 0.301450 0.613238 
0.128991 0.317094 0.609936 
0.329040 0.306044 0.374140 
0.269984 0.306045 0.426057 
0.816415 0.294728 0.090094 
0.834356 0.316988 0.083556 
0.734729 0.360505 0.116343 
0.710598 0.367066 0.132204 
0.696917 0.366705 0.149888 
0.639940 0.368959 0.183227 
0.050926 0.326352 0.816115 
0.058030 0.347635 0.795285 
0.691968 0.367666 0.146961 
0.054514 0.312767 0.803922 
0.054428 0.313271 0.820227 
0.064341 0.336645 0.797837 
0.070483 0.339383 0.783927 
0.081969 0.339492 0.758887 
0.098406 0.339250 0.725469 
0.135982 0.337947 0.657568 
0.861279 0.326603 0.072104 
0.885104 0.362151 0.061662 
0.877119 0.347798 0.065343 
0.818672 0.302057 0.087467 
0.791572 0.307216 0.096141 
0.787524 0.255852 0.101591 
0.833825 0.296264 0.084093 
0.604251 0.368074 0.139917 
0.084340 0.307255 0.750435 
0.142443 0.312246 0.641830 
0.210818 0.322487 0.543601 
0.753977 0.309901 0.107851 
0.819851 0.274165 0.090173 
0.859342 0.339961 0.073408 
0.852043 0.375778 0.078020 
0.778825 0.375705 0.114506 
0.680973 0.384346 0.167706 
0.653926 0.384111 0.183037 
0.141477 0.357651 0.648136 
0.054607 0.348006 0.820580 
0.049537 0.346156 0.833481 
0.047667 0.344809 0.838734 
0.046823 0.339627 0.840556 
0.047638 0.336989 0.836235 
0.121359 0.364630 0.657036 
0.178599 0.367786 0.564860 
0.102831 0.367916 0.683100 
0.063927 0.352790 0.773872 
0.050015 0.299372 0.827025 
0.054242 0.295469 0.811870 
0.597613 0.408048 0.145027 
0.811311 0.343128 0.093591 
0.819560 0.370859 0.093700 
0.717220 0.373753 0.146102 
0.523985 0.370207 0.259588 
0.247499 0.362197 0.497744 
0.131271 0.356149 0.660078 
0.130542 0.355998 0.662211 
0.356453 0.367781 0.391631 
0.559998 0.379510 0.239823 
0.465980 0.375484 0.304336 
0.070126 0.350743 0.784011 
0.047645 0.346428 0.839020 
0.047387 0.345883 0.839719 
0.046927 0.341657 0.840569 
0.046943 0.336670 0.839275 
0.052798 0.339823 0.811703 
0.054428 0.336860 0.802660 
0.075208 0.352767 0.730721 
0.090535 0.350514 0.685340 
0.076966 0.290594 0.746256 
0.089020 0.284682 0.728665 
0.280292 0.309279 0.410593 
0.615373 0.365057 0.135512 
0.706066 0.310598 0.113119 
0.745997 0.313397 0.105836 
0.812010 0.332133 0.091985 
0.786396 0.347253 0.102608 
0.420417 0.397072 0.279768 
0.316246 0.389770 0.374590 
0.382918 0.391684 0.315495 
0.100329 0.373007 0.665850 
0.053208 0.295137 0.816269 
0.074491 0.305773 0.743467 
0.325780 0.367503 0.318941 
0.275901 0.341995 0.382638 
0.231509 0.297398 0.488074 
0.265405 0.299950 0.452323 
0.623256 0.318966 0.167273 
0.652450 0.317923 0.155579 
0.702145 0.311535 0.114950 
0.745314 0.263797 0.110969 
0.775016 0.285862 0.101751 
0.714572 0.340962 0.110166 
0.581428 0.410850 0.152698 
0.455764 0.415419 0.213850 
0.467451 0.417211 0.211437 
0.563527 0.413098 0.161158 
0.592772 0.405716 0.157181 
0.690107 0.377218 0.128201 
0.568901 0.400355 0.179650 
0.296049 0.405591 0.364586 
0.314232 0.405605 0.349144 
0.274255 0.406377 0.379231 
0.262770 0.405056 0.393493 
0.402400 0.413157 0.266366 
0.211486 0.394862 0.446219 
0.140697 0.361287 0.566796 
0.334059 0.405727 0.303771 
0.567663 0.412673 0.157174 
0.645446 0.395181 0.133202 
0.672779 0.384435 0.130246 
0.575965 0.402965 0.172011 
0.184427 0.390272 0.487876 
0.122168 0.362545 0.605855 
0.514051 0.415000 0.191146 
0.531834 0.415604 0.177042 
0.389321 0.415024 0.267121 
0.488180 0.416730 0.202460 
0.606084 0.399940 0.157079 
0.701314 0.372264 0.128058 
0.644116 0.379197 0.159322 
0.615711 0.374767 0.182957 
0.501897 0.376959 0.251162 
0.416538 0.371818 0.320154 
0.531852 0.369097 0.250222 
0.495742 0.369244 0.278018 
0.195450 0.360507 0.559398 
0.210758 0.360645 0.544333 
0.213976 0.360765 0.539081 
0.063109 0.348637 0.796282 
0.076945 0.351088 0.764142 
0.154194 0.357676 0.622654 
0.093293 0.353463 0.728160 
0.059865 0.347939 0.802192 
0.123792 0.356164 0.670511 
0.330662 0.365167 0.411670 
0.396150 0.368711 0.356906 
0.260873 0.363405 0.486339 
0.065774 0.349206 0.791985 
0.046579 0.337487 0.840986 
0.045123 0.322648 0.844225 
0.049356 0.305046 0.832031 
0.073195 0.293692 0.772071 
0.222930 0.296779 0.498227 
0.605109 0.334820 0.158710 
0.690806 0.311411 0.115811 
0.734143 0.290023 0.110040 
0.633704 0.382655 0.124679 
0.425199 0.384771 0.234304 
0.584348 0.405339 0.143981 
0.675892 0.370102 0.116547 
0.483358 0.407893 0.193746 
0.354750 0.394801 0.284705 
0.636252 0.396831 0.129550 
0.590314 0.406716 0.142936 
0.554182 0.413524 0.167859 
0.717768 0.364164 0.114867 
0.803431 0.361271 0.100167 
0.743370 0.361342 0.124231 
0.146112 0.372759 0.603224 
0.166332 0.377915 0.564373 
0.071947 0.357252 0.744443 
0.051526 0.302417 0.818449 
0.082366 0.335383 0.710635 
0.305460 0.392829 0.330064 
0.515396 0.416535 0.184114 
0.732204 0.354099 0.110378 
0.577501 0.408930 0.161958 
0.177424 0.382566 0.497313 
0.124658 0.336965 0.607800 
0.182490 0.337309 0.504048 
0.537204 0.409243 0.165157 
0.658861 0.379350 0.119866 
0.675611 0.381718 0.120968 
0.613744 0.404566 0.140225 
0.480637 0.416213 0.208965 
0.662074 0.386918 0.136018 
0.445567 0.416010 0.231172 
0.370131 0.408276 0.299436 
0.480376 0.414271 0.213741 
0.247931 0.403905 0.407864 
0.263470 0.403299 0.379992 
0.200077 0.388155 0.461075 
0.335320 0.405964 0.302681 
0.177839 0.333724 0.513511 
0.104672 0.286996 0.698520 
0.167218 0.296238 0.592491 
0.259686 0.310323 0.476727 
0.580378 0.316542 0.204782 
0.719844 0.320308 0.131513 
0.678516 0.321272 0.154050 
0.744214 0.321093 0.120566 
0.765352 0.276578 0.103910 
0.784025 0.255156 0.102568 
0.731095 0.277502 0.112166 
0.690438 0.333827 0.113924 
0.661941 0.377736 0.119217 
0.716286 0.357836 0.111792 
0.719450 0.363675 0.114803 
0.633516 0.391663 0.150173 
0.448003 0.408650 0.244092 
0.111764 0.362443 0.630118 
0.082725 0.318513 0.715183 
0.130804 0.311708 0.610239 
0.193279 0.312358 0.507970 
0.421404 0.343125 0.259084 
0.653892 0.364736 0.119419 
0.739197 0.306600 0.107502 
0.705578 0.359059 0.112550 
0.714252 0.366373 0.116138 
0.734141 0.361112 0.117713 
0.644385 0.380884 0.156963 
0.591913 0.375962 0.195743 
0.671918 0.368326 0.165660 
0.566584 0.369358 0.227966 
0.338349 0.365558 0.399583 
0.114465 0.358054 0.680843 
0.089478 0.354493 0.732269 
0.122419 0.359871 0.663944 
0.108963 0.358086 0.690155 
0.234720 0.363418 0.504952 
0.424232 0.367822 0.331290 
0.125414 0.358114 0.662757 
0.049212 0.338891 0.829982 
0.053542 0.342696 0.811405 
0.063897 0.352726 0.773830 
0.087468 0.367929 0.703354 
0.241542 0.392067 0.445315 
0.330430 0.399514 0.346563 
0.073865 0.340427 0.734688 
0.078275 0.337872 0.721833 
0.412095 0.415998 0.249300 
0.580107 0.408230 0.161470 
0.554538 0.410386 0.174477 
0.397196 0.414582 0.265673 
0.401177 0.414086 0.264749 
0.542814 0.407061 0.186782 
0.581474 0.399100 0.173562 
0.494885 0.402950 0.221839 
0.193126 0.396248 0.481130 
0.071043 0.311559 0.750826 
0.077685 0.286350 0.748985 
0.168883 0.305554 0.550731 
0.588534 0.389429 0.141453 
0.716269 0.326122 0.110218 
0.764473 0.325392 0.102467 
0.765951 0.344655 0.105274 
0.646012 0.386354 0.148852 
0.568304 0.384950 0.198405 
0.696591 0.366645 0.149354 
0.663256 0.369463 0.172410 
0.513655 0.369113 0.264307 
0.297733 0.364104 0.441090 
0.085374 0.353830 0.741257 
0.068118 0.350715 0.780351 
0.056530 0.346521 0.802823 
0.046616 0.320886 0.836393 
0.053868 0.324367 0.804266 
0.190195 0.396015 0.488223 
0.527563 0.403361 0.200999 
0.694494 0.370289 0.138727 
0.450034 0.399895 0.255225 
0.066855 0.338904 0.757177 
0.091968 0.356804 0.681204 
0.156893 0.363776 0.535277 
0.080063 0.285495 0.751190 
0.122059 0.287214 0.660908 
0.598636 0.359989 0.146364 
0.653748 0.348353 0.121800 
0.656744 0.358662 0.118939 
0.781238 0.306041 0.099099 
0.765529 0.327314 0.102377 
0.263905 0.394664 0.375225 
0.103573 0.317676 0.663628 
0.106528 0.287684 0.695537 
0.100756 0.308634 0.716840 
0.495086 0.312850 0.249961 
0.653837 0.318413 0.163282 
0.390965 0.319070 0.350431 
0.192070 0.328615 0.570710 
0.081139 0.339225 0.760630 
0.233696 0.332200 0.517512 
0.835720 0.320204 0.081624 
0.840609 0.316805 0.079753 
0.870043 0.336973 0.068520 
0.851810 0.308194 0.076685 
0.792519 0.260016 0.099459 
0.807622 0.280329 0.093611 
0.851746 0.340129 0.076830 
0.820655 0.350854 0.090983 
0.672711 0.369506 0.156189 
0.656482 0.370389 0.177278 
0.631320 0.372328 0.193364 
0.228956 0.361707 0.517425 
0.052893 0.343335 0.817361 
0.045960 0.325815 0.840831 
0.047821 0.311834 0.831163 
0.074729 0.336771 0.732570 
0.179984 0.378654 0.492754 
0.256317 0.388384 0.384157 
0.192820 0.331171 0.492707 
0.303649 0.364866 0.340900 
0.608829 0.390292 0.132887 
0.585527 0.395351 0.142201 
0.459361 0.380782 0.213633 
0.449912 0.376497 0.221271 
0.517200 0.372228 0.183395 
0.637441 0.382101 0.123730 
0.692432 0.346216 0.113178 
0.577693 0.406966 0.147028 
0.496123 0.411551 0.187188 
0.538369 0.412654 0.166161 
0.603564 0.406491 0.141258 
0.615689 0.404080 0.139368 
0.453846 0.415879 0.215744 
0.102727 0.288954 0.687960 
0.094670 0.288518 0.721702 
0.256309 0.300207 0.467596 
0.406555 0.309308 0.323773 
0.671962 0.317683 0.146961 
0.731427 0.312247 0.113737 
0.726591 0.308921 0.111974 
0.716880 0.280582 0.114527 
0.781598 0.273964 0.101268 
0.738195 0.317418 0.107018 
0.666223 0.386227 0.123385 
0.634657 0.398078 0.138309 
0.625467 0.396380 0.149080 
0.657887 0.382875 0.145477 
0.541544 0.396881 0.200459 
0.456639 0.391490 0.261831 
0.354223 0.398037 0.329041 
0.083166 0.359535 0.707396 
0.079140 0.344218 0.718368 
0.321031 0.410603 0.328896 
0.273060 0.396940 0.364866 
0.086028 0.291477 0.722641 
0.167578 0.311107 0.547123 
0.261921 0.301486 0.443928 
0.218792 0.300265 0.519305 
0.535691 0.314266 0.225535 
0.710746 0.311601 0.114240 
0.837630 0.307390 0.082383 
0.865748 0.377071 0.071312 
0.816289 0.376152 0.095723 
0.285339 0.370511 0.435830 
0.047051 0.318994 0.834038 
0.046979 0.309752 0.836110 
0.471302 0.399811 0.241135 
0.807631 0.368316 0.099252 
0.753096 0.382224 0.128493 
0.573551 0.372766 0.229089 
0.099896 0.353664 0.716731 
0.079621 0.351408 0.758487 
0.086300 0.352521 0.743117 
0.066984 0.350082 0.784181 
0.051123 0.340889 0.822449 
0.051931 0.340285 0.816897 
0.077460 0.362173 0.736317 
0.127313 0.378387 0.621798 
0.266958 0.389686 0.422440 
0.170859 0.390048 0.533470 
0.077559 0.353257 0.723300 
0.092099 0.351564 0.680986 
0.272860 0.405675 0.371520 
0.339681 0.407311 0.299237 
0.385633 0.414313 0.265609 
0.654218 0.392025 0.131741 
0.631467 0.397034 0.143565 
0.395876 0.414527 0.266683 
0.281450 0.407333 0.365166 
0.442525 0.414848 0.236265 
0.433699 0.415949 0.238581 
0.232364 0.395976 0.416087 
0.140755 0.344110 0.572294 
0.201005 0.352132 0.468240 
0.374236 0.372446 0.276115 
0.438605 0.372611 0.230249 
0.544699 0.384351 0.164174 
0.609943 0.386405 0.132608 
0.649549 0.378053 0.120902 
0.647323 0.385973 0.122772 
0.628652 0.399321 0.131769 
0.603759 0.406809 0.142942 
0.587588 0.408863 0.154579 
0.596322 0.405741 0.154614 
0.506534 0.413523 0.198939 
0.657972 0.382100 0.146484 
0.752218 0.359089 0.118923 
0.647155 0.370080 0.171840 
0.312181 0.378612 0.395849 
0.082481 0.364681 0.723052 
0.092297 0.369286 0.696736 
0.109123 0.376622 0.645081 
0.063499 0.321978 0.770824 
0.071841 0.299857 0.753965 
0.105642 0.291289 0.678917 
0.242844 0.319776 0.437725 
0.511964 0.351981 0.196814 
0.320426 0.303780 0.396038 
0.413912 0.309631 0.305520 
0.700768 0.303602 0.115042 
0.716202 0.283355 0.114345 
0.647088 0.356262 0.122434 
0.191072 0.299242 0.558275 
0.123303 0.314662 0.675605 
0.379955 0.318846 0.359942 
0.521283 0.323421 0.253046 
0.787359 0.302122 0.096946 
0.796863 0.286385 0.094796 
0.750089 0.303225 0.106573 
0.736896 0.309121 0.110755 
0.614876 0.317826 0.185501 
0.685942 0.317630 0.138858 
0.752328 0.300334 0.105747 
0.671014 0.318482 0.153722 
0.303099 0.319980 0.434523 
0.745040 0.316388 0.115983 
0.787651 0.279563 0.097940 
0.742201 0.281429 0.108770 
0.726473 0.272790 0.113676 
0.810437 0.292217 0.092044 
0.796762 0.310019 0.095312 
0.701744 0.373154 0.123500 
0.602597 0.396150 0.164241 
0.714779 0.365043 0.138408 
0.764698 0.373378 0.121335 
0.514113 0.368943 0.260948 
0.181604 0.360694 0.575817 
0.115290 0.358008 0.679551 
0.129190 0.357552 0.658173 
0.273226 0.363470 0.465705 
0.350942 0.366073 0.394045 
0.252709 0.362470 0.493288 
0.097525 0.353180 0.723113 
0.075702 0.350760 0.767723 
0.060184 0.347922 0.802979 
0.140170 0.356670 0.646179 
0.318598 0.365226 0.425084 
0.074532 0.350639 0.770028 
0.048589 0.340246 0.833845 
0.046801 0.331446 0.837900 
0.046351 0.315888 0.838063 
0.051572 0.302456 0.826083 
0.063362 0.327730 0.799615 
0.179973 0.299018 0.574993 
0.735168 0.272187 0.111631 
0.714020 0.283271 0.114725 
0.739726 0.296380 0.108281 
0.837889 0.333073 0.082519 
0.829357 0.356652 0.087764 
0.729059 0.365413 0.135235 
0.650261 0.371834 0.182043 
0.524003 0.369893 0.259045 
0.270304 0.363125 0.473307 
0.078997 0.352139 0.757077 
0.051270 0.342907 0.825036 
0.059042 0.348491 0.798464 
0.064958 0.353065 0.778292 
0.244333 0.368653 0.482504 
0.559124 0.369358 0.233076 
0.239718 0.365562 0.494052 
0.056074 0.346131 0.804886 
0.127636 0.361020 0.653203 
0.475572 0.369177 0.284226 
0.367606 0.366128 0.374599 
0.291849 0.364071 0.446001 
0.053215 0.343511 0.815787 
0.045876 0.323988 0.840970 
0.052344 0.329456 0.810251 
0.289616 0.401617 0.379033 
0.499407 0.396086 0.227691 
0.303862 0.403957 0.361511 
0.065959 0.319404 0.763614 
0.096264 0.346115 0.670779 
0.444921 0.415850 0.221747 
0.385701 0.408310 0.260052 
0.274815 0.379175 0.364781 
0.230815 0.339406 0.435947 
0.170271 0.292050 0.572780 
0.328031 0.310294 0.365810 
0.610314 0.325392 0.164729 
0.506475 0.313065 0.245320 
0.534253 0.314590 0.231821 
0.430543 0.319989 0.318002 
0.405160 0.322332 0.340531 
0.563986 0.327333 0.227326 
0.790669 0.320130 0.099586 
0.823545 0.279132 0.088270 
0.798832 0.260097 0.097822 
0.687454 0.318476 0.116746 
0.609108 0.342781 0.150842 
0.608408 0.345638 0.149344 
0.642131 0.348446 0.129385 
0.631528 0.348750 0.135228 
0.694292 0.329508 0.113564 
0.816475 0.307000 0.089732 
0.820124 0.339648 0.089898 
0.759646 0.357333 0.115359 
0.420536 0.388675 0.291222 
0.369497 0.377728 0.347052 
0.576019 0.370415 0.215771 
0.520604 0.368983 0.257114 
0.573558 0.373428 0.229472 
0.309103 0.364403 0.431818 
0.094030 0.352846 0.729837 
0.137868 0.356513 0.649967 
0.148858 0.357273 0.633572 
0.262240 0.363667 0.485226 
0.304350 0.366235 0.441646 
0.201729 0.361329 0.559713 
0.095310 0.353445 0.730412 
0.058203 0.348353 0.811321 
0.048036 0.344620 0.837543 
0.048345 0.343662 0.836296 
0.056884 0.346825 0.811077 
0.199185 0.360120 0.559985 
0.257500 0.362598 0.487063 
0.069415 0.349764 0.782354 
0.058240 0.347314 0.806776 
0.046419 0.331271 0.839874 
0.046379 0.323111 0.837938 
0.050684 0.298763 0.824083 
0.057121 0.295272 0.810736 
0.117784 0.286673 0.668217 
0.446003 0.331228 0.252377 
0.576898 0.326990 0.180461 
0.355525 0.308112 0.370806 
0.243938 0.316580 0.499330 
0.659971 0.319935 0.162620 
0.775327 0.290847 0.100162 
0.774344 0.254089 0.105303 
0.773928 0.263202 0.104381 
0.674102 0.351749 0.115845 
0.379879 0.350130 0.284198 
0.173137 0.292575 0.566890 
0.346944 0.305910 0.361886 
0.563055 0.318526 0.198817 
0.680172 0.321243 0.132760 
0.692798 0.319794 0.127130 
0.690877 0.320715 0.117482 
0.694489 0.305845 0.115857 
0.647471 0.343576 0.129498 
0.156167 0.313008 0.619653 
0.141457 0.320104 0.645465 
0.722306 0.320529 0.130540 
0.780828 0.310087 0.100099 
0.769060 0.292117 0.101681 
0.752747 0.292675 0.105518 
0.724369 0.274171 0.113901 
0.748231 0.269759 0.109554 
0.576084 0.369238 0.153645 
0.168304 0.293486 0.586717 
0.205129 0.303040 0.541431 
0.352618 0.314948 0.381996 
0.341215 0.321502 0.397307 
0.534904 0.325410 0.245193 
0.791519 0.319021 0.098877 
0.810226 0.298559 0.090183 
0.790371 0.289969 0.096268 
0.764691 0.297452 0.102726 
0.735821 0.307204 0.110150 
0.715185 0.316042 0.123038 
0.699484 0.318363 0.117323 
0.738928 0.266091 0.112030 
0.799508 0.287267 0.095459 
0.794531 0.313775 0.095882 
0.721953 0.364588 0.117062 
0.687482 0.373406 0.138400 
0.723026 0.364454 0.135575 
0.668520 0.368272 0.166964 
0.465798 0.368597 0.293009 
0.446011 0.368066 0.313530 
0.281323 0.363540 0.458459 
0.055538 0.345911 0.811176 
0.048212 0.335067 0.832168 
0.075189 0.358438 0.750300 
0.359641 0.371992 0.365101 
0.343680 0.373598 0.375846 
0.152308 0.366852 0.604082 
0.102298 0.367368 0.685063 
0.080046 0.362627 0.732439 
0.076435 0.360603 0.731124 
0.059919 0.327578 0.781804 
0.079085 0.328271 0.721824 
0.218979 0.389097 0.432979 
0.469182 0.415561 0.205493 
0.489539 0.416082 0.194175 
0.294475 0.379655 0.343929 
0.115659 0.287141 0.666664 
0.197284 0.296325 0.525907 
0.467539 0.316263 0.256468 
0.476073 0.311833 0.264598 
0.193909 0.321347 0.566148 
0.223883 0.323651 0.527077 
0.793094 0.314045 0.096871 
0.806898 0.309809 0.091378 
0.781107 0.310332 0.100073 
0.795131 0.258502 0.099189 
0.846221 0.313542 0.078917 
0.854682 0.363927 0.076292 
0.805722 0.388565 0.101695 
0.713925 0.385311 0.149609 
0.401209 0.370185 0.353779 
0.075040 0.350760 0.771856 
0.047423 0.342803 0.839147 
0.046592 0.338354 0.841114 
0.046666 0.327162 0.837140 
0.050591 0.322906 0.817572 
0.133115 0.384024 0.596446 
0.177430 0.390080 0.500377 
0.103911 0.356447 0.649764 
0.472888 0.416234 0.213699 
0.629350 0.397729 0.144017 
0.306732 0.407045 0.332372 
0.071967 0.285411 0.766243 
0.097186 0.284958 0.709981 
