0.535317 0.473982 0.046881 
0.544666 0.475295 0.045547 
0.232264 0.868859 0.109493 
0.130122 0.899728 0.181595 
0.097063 0.680856 0.309066 
0.041532 0.454081 0.547351 
0.213024 0.890681 0.117965 
0.205782 0.890099 0.120861 
0.480357 0.529818 0.053151 
0.457563 0.516862 0.057144 
0.478553 0.443351 0.056049 
0.499436 0.459105 0.052447 
0.527427 0.472037 0.048043 
0.141330 0.864185 0.164216 
0.475553 0.473675 0.055408 
0.101316 0.879576 0.212506 
0.099100 0.851353 0.213321 
0.079542 0.852356 0.256023 
0.055972 0.785627 0.354721 
0.063946 0.820636 0.310289 
0.058016 0.757466 0.317896 
0.093134 0.791926 0.224632 
0.125893 0.702512 0.186770 
0.141714 0.759429 0.169326 
0.142015 0.867529 0.163441 
0.122780 0.895570 0.184979 
0.131722 0.893840 0.173415 
0.229672 0.862101 0.110913 
0.266256 0.801265 0.098549 
0.127070 0.881571 0.202461 
0.068886 0.556402 0.405000 
0.051131 0.450462 0.508415 
0.050151 0.451717 0.512084 
0.050868 0.568666 0.460172 
0.168353 0.897089 0.149434 
0.554036 0.520983 0.042513 
0.600420 0.454814 0.038044 
0.599215 0.459609 0.038639 
0.591519 0.464241 0.039264 
0.595795 0.461884 0.039028 
0.564438 0.474408 0.042872 
0.498582 0.547176 0.049944 
0.551274 0.475562 0.044631 
0.573761 0.472177 0.041678 
0.553416 0.475529 0.044339 
0.626652 0.432053 0.035705 
0.708219 0.264964 0.029818 
0.745319 0.165912 0.028693 
0.378855 0.784991 0.068119 
0.663346 0.375771 0.032525 
0.501046 0.619227 0.048635 
0.664541 0.369673 0.032449 
0.636695 0.420974 0.034779 
0.318654 0.835036 0.081296 
0.208381 0.890778 0.121199 
0.262045 0.871666 0.097744 
0.624308 0.436712 0.035970 
0.657276 0.387495 0.033000 
0.659116 0.384032 0.032853 
0.161996 0.900943 0.149596 
0.122756 0.884197 0.205894 
0.120130 0.897278 0.192065 
0.111083 0.892148 0.201303 
0.092340 0.879292 0.242219 
0.091228 0.867616 0.257384 
0.150910 0.896789 0.155868 
0.416831 0.629927 0.062362 
0.481554 0.515248 0.053309 
0.527966 0.472194 0.047962 
0.551424 0.484493 0.044081 
0.090770 0.875393 0.249545 
0.026513 0.388826 0.627424 
0.032721 0.432303 0.590669 
0.043645 0.495661 0.512222 
0.096587 0.868004 0.250223 
0.039664 0.454769 0.552452 
0.037343 0.447793 0.566841 
0.038495 0.450144 0.561301 
0.035449 0.461434 0.556679 
0.022243 0.333837 0.656160 
0.018373 0.258938 0.683790 
0.020661 0.299259 0.660312 
0.033106 0.533539 0.512622 
0.060915 0.789108 0.310530 
0.055258 0.781541 0.358323 
0.053997 0.772895 0.351595 
0.039683 0.643734 0.448278 
0.058134 0.792721 0.329826 
0.055370 0.783202 0.354458 
0.033557 0.516684 0.526701 
0.029491 0.417431 0.597169 
0.027689 0.399693 0.618982 
0.024654 0.366241 0.635158 
0.122026 0.897811 0.191590 
0.330643 0.809397 0.078716 
0.364760 0.798554 0.070722 
0.160901 0.897324 0.156180 
0.036144 0.444768 0.572771 
0.041003 0.453610 0.549717 
0.040991 0.453599 0.549770 
0.068663 0.710956 0.367341 
0.159241 0.900731 0.153788 
0.157175 0.899548 0.151623 
0.054257 0.636059 0.429050 
0.103309 0.888540 0.221615 
0.104784 0.882775 0.207263 
0.113367 0.884254 0.194141 
0.145381 0.852414 0.161474 
0.132450 0.796034 0.176113 
0.371001 0.286911 0.079904 
0.253369 0.453754 0.109852 
0.200104 0.810524 0.127227 
0.444010 0.405722 0.062686 
0.487939 0.451080 0.054394 
0.500721 0.459903 0.052234 
0.473415 0.438668 0.056980 
0.543624 0.476907 0.045589 
0.187927 0.892946 0.130368 
0.507161 0.525227 0.049146 
0.565640 0.474187 0.042716 
0.582221 0.469086 0.040632 
0.614407 0.447110 0.036983 
0.632257 0.426975 0.035195 
0.623632 0.437481 0.036037 
0.652662 0.389316 0.033379 
0.635282 0.422929 0.034910 
0.321245 0.797255 0.081477 
0.314406 0.780026 0.083719 
0.421052 0.579322 0.062382 
0.342947 0.760464 0.076496 
0.265211 0.836484 0.097933 
0.147143 0.900608 0.165598 
0.173123 0.898016 0.139892 
0.141635 0.894365 0.177671 
0.075370 0.552026 0.386734 
0.202456 0.893670 0.123030 
0.094202 0.809241 0.282189 
0.095195 0.847374 0.264557 
0.129943 0.899124 0.178506 
0.546100 0.475400 0.045347 
0.127266 0.898327 0.187419 
0.046781 0.459734 0.520808 
0.049419 0.507628 0.486046 
0.222608 0.880602 0.113164 
0.559849 0.475070 0.043476 
0.462886 0.621892 0.054319 
0.141597 0.898402 0.173926 
0.149267 0.899000 0.157890 
0.172620 0.857607 0.141249 
0.472130 0.437447 0.057216 
0.468846 0.434235 0.057824 
0.490080 0.452695 0.054025 
0.400763 0.599242 0.066001 
0.227795 0.847191 0.112359 
0.250120 0.870502 0.102200 
0.256712 0.863721 0.100014 
0.173563 0.896226 0.145419 
0.096142 0.811010 0.278124 
0.063399 0.639870 0.400933 
0.136465 0.899077 0.178025 
0.205240 0.892570 0.122310 
0.048409 0.461569 0.512480 
0.047317 0.454331 0.523057 
0.050410 0.535584 0.472429 
0.105604 0.884023 0.226016 
0.107883 0.884188 0.223350 
0.140053 0.897533 0.165862 
0.483622 0.515094 0.052990 
0.417885 0.613352 0.062419 
0.561905 0.474808 0.043204 
0.554898 0.475471 0.044139 
0.244652 0.858450 0.104863 
0.165127 0.896560 0.144980 
0.164316 0.883354 0.145436 
0.575146 0.471741 0.041505 
0.197979 0.891266 0.124847 
0.612428 0.448969 0.037192 
0.251429 0.874597 0.101522 
0.048795 0.497249 0.492559 
0.103722 0.883384 0.228665 
0.087789 0.770936 0.306710 
0.093921 0.701961 0.311274 
0.053319 0.447714 0.499942 
0.049178 0.455658 0.513394 
0.379133 0.783402 0.067840 
0.052109 0.452188 0.502416 
0.046302 0.494497 0.503098 
0.424383 0.684060 0.060177 
0.572452 0.472563 0.041843 
0.587921 0.466408 0.039947 
0.574497 0.471949 0.041586 
0.572487 0.472553 0.041839 
0.633933 0.424757 0.035037 
0.634566 0.423904 0.034977 
0.144330 0.854829 0.162206 
0.089477 0.838606 0.229984 
0.148548 0.645962 0.167231 
0.265639 0.445946 0.105274 
0.273670 0.303364 0.104939 
0.106380 0.712279 0.209250 
0.084442 0.750105 0.241588 
0.381765 0.306379 0.077081 
0.378744 0.300931 0.077863 
0.358488 0.264318 0.083313 
0.369133 0.283527 0.080404 
0.148670 0.673732 0.166341 
0.104198 0.813723 0.207142 
0.098109 0.865375 0.215609 
0.144393 0.900709 0.163590 
0.126174 0.898780 0.183850 
0.027729 0.400064 0.619007 
0.030043 0.432830 0.580035 
0.078184 0.857832 0.278473 
0.077840 0.823344 0.305845 
0.127758 0.899264 0.184360 
0.095198 0.874412 0.223068 
0.160820 0.850500 0.149690 
0.112745 0.888439 0.196160 
0.156628 0.761555 0.156990 
0.173600 0.863687 0.140281 
0.445147 0.499157 0.059662 
0.436136 0.452164 0.062448 
0.482762 0.446949 0.055299 
0.244483 0.758647 0.107939 
0.228016 0.881151 0.110751 
0.099705 0.855762 0.253291 
0.104472 0.840349 0.253211 
0.049815 0.452107 0.513355 
0.048257 0.453639 0.519354 
0.047160 0.456470 0.521825 
0.046655 0.454707 0.525703 
0.055258 0.443438 0.493607 
0.059941 0.432527 0.477943 
0.048445 0.453479 0.518621 
0.040101 0.456883 0.548931 
0.061695 0.577683 0.422150 
0.055561 0.779308 0.341306 
0.078473 0.860685 0.271017 
0.213506 0.836096 0.119400 
0.138438 0.900181 0.169259 
0.164750 0.878592 0.145351 
0.153526 0.886629 0.153257 
0.159766 0.865655 0.149578 
0.209081 0.831010 0.121782 
0.485179 0.448918 0.054874 
0.460873 0.425891 0.059334 
0.510142 0.465156 0.050708 
0.311837 0.825515 0.083443 
0.198967 0.892479 0.127024 
0.074500 0.522347 0.395693 
0.047722 0.454055 0.521453 
0.055723 0.623547 0.428295 
0.088694 0.873092 0.253885 
0.042545 0.499107 0.514456 
0.046788 0.613602 0.458614 
0.102975 0.885362 0.211942 
0.524847 0.483698 0.047859 
0.148958 0.900409 0.158981 
0.331385 0.715400 0.080206 
0.331803 0.767223 0.079227 
0.576315 0.471353 0.041359 
0.542325 0.516638 0.044238 
0.565047 0.477267 0.042536 
0.545213 0.475338 0.045471 
0.210006 0.877350 0.119223 
0.188117 0.896204 0.130648 
0.162657 0.898074 0.153849 
0.228813 0.884150 0.110331 
0.217851 0.879352 0.119306 
0.334056 0.827425 0.077455 
0.181339 0.895014 0.139526 
0.214734 0.885075 0.119399 
0.104404 0.747896 0.280948 
0.061009 0.472270 0.455169 
0.095101 0.859456 0.257967 
0.109718 0.892835 0.209583 
0.090714 0.841212 0.274848 
0.344648 0.749782 0.076250 
0.184746 0.895836 0.136034 
0.193560 0.895087 0.127524 
0.596063 0.461712 0.038998 
0.561694 0.474838 0.043232 
0.236202 0.852983 0.108524 
0.159484 0.895623 0.148957 
0.115086 0.885552 0.213909 
0.092639 0.797267 0.289119 
0.146342 0.893435 0.173540 
0.624466 0.436531 0.035954 
0.445608 0.699100 0.056342 
0.086527 0.636358 0.340855 
0.370616 0.787618 0.069585 
0.193322 0.889992 0.132705 
0.219893 0.888610 0.114454 
0.054058 0.445752 0.497808 
0.054859 0.444230 0.494995 
0.066562 0.412825 0.457539 
0.067020 0.411307 0.456194 
0.051994 0.453414 0.502081 
0.048510 0.453422 0.518368 
0.042361 0.454650 0.543698 
0.049201 0.452766 0.515699 
0.036873 0.485309 0.538672 
0.024671 0.368293 0.639499 
0.036533 0.501935 0.530990 
0.028846 0.430719 0.576032 
0.022196 0.333071 0.656493 
0.025517 0.378271 0.633887 
0.031095 0.436870 0.578966 
0.028437 0.406446 0.609630 
0.023285 0.349743 0.648917 
0.022728 0.341459 0.652773 
0.028739 0.408354 0.613553 
0.022453 0.335139 0.652017 
0.019777 0.281019 0.666534 
0.113265 0.893359 0.198436 
0.209495 0.856485 0.120487 
0.240566 0.861930 0.106355 
0.260497 0.863156 0.098648 
0.307013 0.813191 0.085131 
0.225956 0.882668 0.111593 
0.111042 0.873975 0.227043 
0.131334 0.866533 0.204964 
0.158975 0.900962 0.153526 
0.189158 0.896645 0.130357 
0.077938 0.749967 0.333842 
0.068411 0.676900 0.377363 
0.140908 0.892419 0.179921 
0.078824 0.542705 0.378857 
0.033317 0.434936 0.587439 
0.082526 0.848742 0.283206 
0.031499 0.426207 0.597439 
0.030148 0.418235 0.605184 
0.022962 0.345005 0.651146 
0.075626 0.853232 0.284702 
0.061461 0.753092 0.370464 
0.058359 0.724538 0.388862 
0.093511 0.879565 0.241773 
0.151032 0.895229 0.155528 
0.091539 0.859828 0.262829 
0.129925 0.898685 0.184564 
0.043843 0.474343 0.522642 
0.041006 0.453613 0.549705 
0.050923 0.571038 0.459249 
0.101411 0.887810 0.223054 
0.111167 0.890981 0.200088 
0.099309 0.879940 0.216588 
0.036512 0.446070 0.570398 
0.024276 0.361874 0.639247 
0.022429 0.336805 0.654859 
0.026082 0.395654 0.576624 
0.019197 0.276875 0.677871 
0.017240 0.233071 0.691917 
0.055012 0.781235 0.352214 
0.020226 0.297859 0.670483 
0.052564 0.756615 0.382259 
0.026011 0.382247 0.618732 
0.044506 0.687701 0.430080 
0.033949 0.486467 0.543537 
0.041082 0.498766 0.519517 
0.214044 0.868595 0.117707 
0.550669 0.475561 0.044714 
0.551376 0.475562 0.044617 
0.562255 0.474758 0.043158 
0.262917 0.853339 0.098170 
0.565339 0.474244 0.042755 
0.607968 0.452426 0.037643 
0.581233 0.469501 0.040753 
0.120366 0.889743 0.204392 
0.114802 0.895020 0.202554 
0.107237 0.875531 0.230960 
0.116271 0.894315 0.203277 
0.097271 0.865499 0.251029 
0.033712 0.436565 0.585326 
0.027899 0.401588 0.618697 
0.029388 0.413121 0.609659 
0.038334 0.491694 0.531423 
0.126763 0.898066 0.181586 
0.134175 0.900057 0.174297 
0.194964 0.864246 0.127637 
0.165277 0.844828 0.146865 
0.472648 0.437941 0.057121 
0.085604 0.845006 0.280983 
0.100001 0.849518 0.256021 
0.087114 0.785239 0.303610 
0.056317 0.441225 0.489968 
0.053857 0.446119 0.498520 
0.045940 0.463519 0.521507 
0.040695 0.453297 0.551106 
0.034543 0.439705 0.580954 
0.044523 0.455249 0.534451 
0.028264 0.404611 0.616449 
0.041462 0.523752 0.507434 
0.023531 0.353247 0.647227 
0.019803 0.284268 0.668893 
0.019318 0.279424 0.677003 
0.022887 0.343870 0.651671 
0.020511 0.303360 0.668444 
0.089856 0.855114 0.268341 
0.091952 0.845459 0.270674 
0.086171 0.807099 0.297723 
0.121828 0.813342 0.236206 
0.132125 0.776872 0.230541 
0.067138 0.410911 0.455847 
0.051978 0.462623 0.496402 
0.153865 0.888617 0.169004 
0.075097 0.599092 0.377517 
0.059712 0.433126 0.478686 
0.076900 0.374817 0.428863 
0.079395 0.364741 0.422403 
0.094080 0.302948 0.387090 
0.118342 0.212779 0.336717 
0.075028 0.382191 0.433815 
0.072543 0.391687 0.440541 
0.072244 0.392804 0.441363 
0.111592 0.685631 0.280391 
0.170176 0.882930 0.156084 
0.202447 0.886860 0.127234 
0.198704 0.852867 0.141428 
0.050945 0.458470 0.503433 
0.052646 0.448197 0.502859 
0.051495 0.449953 0.507066 
0.053250 0.447190 0.500685 
0.045867 0.466779 0.519560 
0.036810 0.446523 0.569459 
0.033629 0.436229 0.585770 
0.033737 0.436662 0.585197 
0.032693 0.432176 0.590819 
0.032103 0.429344 0.594065 
0.028106 0.404970 0.605910 
0.020386 0.300947 0.669344 
0.041509 0.542068 0.500040 
0.047866 0.704419 0.419239 
0.034120 0.470803 0.552532 
0.029318 0.412623 0.610077 
0.028804 0.408850 0.613159 
0.026369 0.387380 0.628346 
0.054746 0.649057 0.423659 
0.099796 0.883516 0.232170 
0.055122 0.636891 0.426207 
0.104292 0.887469 0.223136 
0.227648 0.860645 0.111859 
0.119730 0.896778 0.191272 
0.052401 0.605244 0.444018 
0.052912 0.606055 0.442163 
0.035831 0.443874 0.574346 
0.038404 0.449977 0.561734 
0.041090 0.514365 0.512528 
0.114905 0.895456 0.199951 
0.116114 0.892238 0.206332 
0.265063 0.853240 0.097407 
0.288721 0.852110 0.089530 
0.189827 0.893489 0.133508 
0.323113 0.830435 0.080213 
0.513238 0.562274 0.047469 
0.615559 0.445995 0.036862 
0.676011 0.348551 0.031614 
0.207984 0.891822 0.119978 
0.369575 0.764345 0.070155 
0.201237 0.891920 0.123192 
0.146542 0.898407 0.169056 
0.136542 0.879851 0.192398 
0.144369 0.896447 0.173120 
0.040854 0.457892 0.545528 
0.044160 0.455234 0.535975 
0.032952 0.434728 0.586128 
0.025988 0.382304 0.625957 
0.026281 0.386480 0.628914 
0.024968 0.371117 0.635584 
0.022571 0.337606 0.651978 
0.032539 0.514054 0.477436 
0.046284 0.691132 0.378630 
0.041475 0.546745 0.390504 
0.049399 0.645421 0.349626 
0.049123 0.609677 0.349008 
0.060970 0.745669 0.303463 
0.394988 0.329875 0.073748 
0.155886 0.863179 0.152573 
0.145705 0.887649 0.159598 
0.192291 0.863943 0.129122 
0.460475 0.536947 0.056216 
0.509779 0.606603 0.047598 
0.648145 0.382135 0.033788 
0.054538 0.444853 0.496121 
0.068393 0.756579 0.353357 
0.124438 0.897990 0.185068 
0.137972 0.900608 0.173751 
0.126340 0.887979 0.199083 
0.061301 0.494142 0.446746 
0.054224 0.502512 0.470064 
0.152078 0.897183 0.154981 
0.662798 0.376864 0.032567 
0.624539 0.416650 0.035746 
0.675198 0.350407 0.031669 
0.656024 0.389807 0.033100 
0.656184 0.382442 0.033101 
0.672393 0.347928 0.031921 
0.762174 0.136553 0.028227 
0.285922 0.840141 0.091781 
0.267055 0.818322 0.102693 
0.290784 0.851953 0.089091 
0.286163 0.850482 0.090809 
0.322778 0.804423 0.081738 
0.251633 0.805350 0.113276 
0.095071 0.298800 0.384848 
0.088546 0.778183 0.303014 
0.041842 0.454317 0.545980 
0.114598 0.887336 0.212949 
0.346937 0.810332 0.074620 
0.343107 0.816591 0.075428 
0.142692 0.883254 0.183716 
0.679679 0.339988 0.031371 
0.729650 0.205439 0.029055 
0.712193 0.208082 0.030533 
0.753040 0.151698 0.028470 
0.729549 0.205706 0.029058 
0.722838 0.218317 0.029368 
0.502349 0.612956 0.049017 
0.046887 0.470542 0.513097 
0.047697 0.454073 0.521553 
0.095595 0.811615 0.278875 
0.148030 0.898394 0.167609 
0.552164 0.510828 0.042991 
0.347441 0.798509 0.074718 
0.108630 0.871745 0.231599 
0.044890 0.468950 0.522009 
0.046603 0.454732 0.525910 
0.051645 0.571897 0.456581 
0.049685 0.644331 0.439848 
0.045734 0.498997 0.503183 
0.044777 0.489543 0.511049 
0.040371 0.518246 0.513124 
0.091994 0.841278 0.272730 
0.068876 0.664516 0.379316 
0.071342 0.640382 0.378530 
0.056904 0.483819 0.466759 
0.029032 0.410719 0.609395 
0.078748 0.858932 0.276867 
0.319122 0.774286 0.082510 
0.379190 0.716493 0.068753 
0.113290 0.834461 0.242043 
0.417851 0.681534 0.061427 
0.056232 0.539506 0.450821 
0.045362 0.455162 0.530965 
0.036219 0.448709 0.566939 
0.097899 0.872601 0.245059 
0.071327 0.781009 0.337644 
0.038133 0.449460 0.563027 
0.048043 0.637761 0.446718 
0.105420 0.887106 0.208155 
0.379552 0.552989 0.071245 
0.188690 0.852120 0.131753 
0.373166 0.547016 0.072761 
0.385153 0.523722 0.070582 
0.240468 0.837124 0.107356 
0.158938 0.876888 0.149560 
0.123823 0.895297 0.195106 
0.136868 0.900249 0.175574 
0.102773 0.825802 0.261589 
0.103284 0.877276 0.234662 
0.038650 0.458177 0.551932 
0.045278 0.455178 0.531311 
0.042030 0.467116 0.533958 
0.019370 0.280521 0.676627 
0.012695 0.145637 0.731181 
0.012784 0.146548 0.730083 
0.018363 0.226391 0.651120 
0.068850 0.837890 0.302190 
0.027912 0.415111 0.585817 
0.096742 0.882777 0.224751 
0.176575 0.869823 0.138057 
0.463005 0.521590 0.056135 
0.509771 0.464969 0.050767 
0.465453 0.557630 0.054973 
0.454711 0.512803 0.057715 
0.544029 0.475240 0.045637 
0.249941 0.846406 0.103260 
0.152888 0.901391 0.158223 
0.130476 0.898827 0.177373 
0.171283 0.870619 0.141393 
0.563151 0.474622 0.043040 
0.579317 0.473251 0.040566 
0.591380 0.464540 0.039540 
0.582520 0.468958 0.040596 
0.178063 0.891281 0.136205 
0.486329 0.542533 0.051932 
0.493819 0.517922 0.051345 
0.505304 0.462591 0.051485 
0.545161 0.475334 0.045478 
0.381173 0.649761 0.069308 
0.491899 0.486424 0.052526 
0.537775 0.474432 0.046526 
0.563035 0.474640 0.043056 
0.232273 0.855883 0.110064 
0.275801 0.729181 0.096766 
0.229259 0.566801 0.118393 
0.169453 0.815864 0.145463 
0.105984 0.879490 0.204371 
0.145933 0.881570 0.159494 
0.155563 0.895761 0.151964 
0.196170 0.885009 0.125946 
0.037573 0.454191 0.558429 
0.037042 0.447092 0.568314 
0.068888 0.769723 0.347344 
0.055968 0.570246 0.442724 
0.084933 0.860634 0.270833 
0.029627 0.416471 0.600901 
0.037194 0.447449 0.567572 
0.036746 0.446364 0.569774 
0.055081 0.581962 0.442267 
0.045273 0.466919 0.521840 
0.053868 0.557152 0.453606 
0.039777 0.542482 0.504902 
0.022236 0.333712 0.656215 
0.023410 0.351544 0.648053 
0.082077 0.837032 0.291232 
0.110159 0.892944 0.204719 
0.125591 0.884204 0.178935 
0.318197 0.654931 0.084793 
0.546681 0.475435 0.045266 
0.586452 0.467145 0.040122 
0.116034 0.873159 0.189766 
0.107122 0.886678 0.204717 
0.115074 0.883685 0.191694 
0.071887 0.845689 0.285262 
0.034530 0.490372 0.540670 
0.037312 0.531095 0.515807 
0.043108 0.517882 0.504439 
0.030544 0.420717 0.602884 
0.027673 0.399521 0.615410 
0.030278 0.419067 0.604423 
0.058822 0.703551 0.395080 
0.047176 0.529115 0.486070 
0.033017 0.492747 0.540435 
0.027068 0.417857 0.563000 
0.022956 0.344916 0.651187 
0.022824 0.342930 0.652103 
0.037946 0.556629 0.503311 
0.093488 0.878603 0.229629 
0.026496 0.388659 0.627531 
0.031596 0.426728 0.596893 
0.027532 0.398411 0.620978 
0.024224 0.361034 0.639290 
0.093568 0.879786 0.241350 
0.103368 0.885179 0.211021 
0.043075 0.666181 0.443843 
0.025568 0.376676 0.619633 
0.029881 0.416497 0.606743 
0.041697 0.623071 0.467562 
0.107072 0.884455 0.203887 
0.040862 0.585165 0.485181 
0.039618 0.509335 0.519279 
0.068893 0.828771 0.315204 
0.100617 0.887342 0.223888 
0.124678 0.887882 0.180279 
0.490079 0.483554 0.052890 
0.175674 0.892762 0.137710 
0.265171 0.758412 0.099942 
0.495268 0.456379 0.053143 
0.527809 0.472149 0.047986 
0.554834 0.475474 0.044147 
0.595629 0.461501 0.038945 
0.612610 0.448801 0.037172 
0.211468 0.875849 0.118586 
0.087347 0.863870 0.265211 
0.100309 0.881202 0.215110 
0.152735 0.877666 0.154180 
0.211087 0.839057 0.120462 
0.237302 0.868687 0.107390 
0.264728 0.866338 0.096989 
0.423387 0.681415 0.060395 
0.089759 0.825649 0.283691 
0.047774 0.465597 0.512512 
0.048914 0.453050 0.516803 
0.038118 0.456928 0.554476 
0.060944 0.767359 0.365253 
0.027020 0.393741 0.624196 
0.032735 0.432370 0.590589 
0.040239 0.452777 0.553180 
0.031402 0.425681 0.597984 
0.058869 0.712807 0.391812 
0.035342 0.443255 0.575209 
0.034536 0.439682 0.580988 
0.030214 0.418658 0.604799 
0.031999 0.428822 0.594641 
0.035777 0.443718 0.574616 
0.037462 0.448059 0.566265 
0.037551 0.448257 0.565830 
0.037952 0.451479 0.560616 
0.052250 0.584100 0.450874 
0.039958 0.452424 0.554467 
0.040653 0.453251 0.551298 
0.033498 0.435692 0.586470 
0.043009 0.501266 0.511875 
0.029811 0.416170 0.605941 
0.031446 0.436551 0.580025 
0.071279 0.834424 0.308216 
0.043648 0.582963 0.478527 
0.157966 0.894888 0.150028 
0.171777 0.898695 0.140988 
0.151018 0.901468 0.159521 
0.115675 0.883221 0.215016 
0.145056 0.900356 0.167989 
0.542996 0.487780 0.045128 
0.559215 0.475140 0.043560 
0.194500 0.882564 0.126955 
0.165256 0.890019 0.157076 
0.048551 0.453386 0.518212 
0.047241 0.476657 0.508233 
0.058174 0.613310 0.423652 
0.184363 0.895363 0.132577 
0.175411 0.892601 0.137874 
0.149456 0.860406 0.157695 
0.121019 0.870726 0.183891 
0.121449 0.880879 0.183477 
0.122158 0.858025 0.183079 
0.079637 0.860830 0.261406 
0.074160 0.851471 0.279504 
0.430991 0.472593 0.062793 
0.594858 0.462474 0.039136 
0.442081 0.665215 0.057256 
0.414359 0.742412 0.061847 
0.456016 0.631828 0.056794 
0.346208 0.681977 0.081115 
0.366727 0.766084 0.071541 
0.131793 0.637704 0.254206 
0.216892 0.812367 0.135879 
0.567859 0.492640 0.041451 
0.672253 0.357012 0.031873 
0.670988 0.359788 0.031962 
0.678605 0.342526 0.031441 
0.642666 0.412233 0.034236 
0.628506 0.431729 0.035556 
0.519985 0.529086 0.047154 
0.515128 0.522986 0.048018 
0.506827 0.488897 0.050243 
0.461559 0.426640 0.059202 
0.387740 0.317081 0.075556 
0.412879 0.360087 0.069477 
0.383335 0.583462 0.069896 
0.179974 0.880203 0.135413 
0.086443 0.872201 0.255377 
0.082075 0.860093 0.251419 
0.058677 0.795460 0.348993 
0.026091 0.383655 0.626550 
0.021649 0.323956 0.660347 
0.019698 0.286012 0.673181 
0.021841 0.327218 0.658989 
0.023863 0.357834 0.644954 
0.032635 0.466536 0.556472 
0.120936 0.896466 0.188576 
0.141155 0.900773 0.170704 
0.100175 0.885307 0.229169 
0.036288 0.449463 0.565947 
0.094595 0.872521 0.249134 
0.059878 0.644788 0.409844 
0.151003 0.901443 0.159786 
0.163787 0.892915 0.156705 
0.497871 0.584919 0.049375 
0.603246 0.456681 0.038188 
0.613668 0.447813 0.037060 
0.354481 0.793751 0.073127 
0.370008 0.770528 0.069965 
0.374366 0.768640 0.069038 
0.586626 0.467060 0.040102 
0.580243 0.469902 0.040874 
0.594560 0.461683 0.038795 
0.679836 0.339615 0.031360 
0.681392 0.335891 0.031260 
0.716261 0.242312 0.029493 
0.708021 0.243212 0.030178 
0.400836 0.765454 0.063812 
0.679082 0.341403 0.031410 
0.698067 0.269488 0.030614 
0.179898 0.895923 0.140093 
0.203233 0.868996 0.133159 
0.067202 0.410697 0.455661 
0.058117 0.437113 0.483913 
0.052485 0.462997 0.494013 
0.042565 0.477394 0.525502 
0.077876 0.782397 0.323332 
0.128948 0.895305 0.176975 
0.149121 0.901155 0.159726 
0.184505 0.897688 0.134292 
0.144153 0.893122 0.161178 
0.088381 0.874633 0.242155 
0.136375 0.863105 0.168680 
0.126368 0.873910 0.178002 
0.178080 0.826663 0.139343 
0.203365 0.875701 0.122622 
0.536063 0.474126 0.046773 
0.578460 0.470589 0.041093 
0.665144 0.351483 0.032515 
