0.306329 0.769575 0.291825 
0.306329 0.769575 0.291825 
0.058751 0.421134 0.568697 
0.078764 0.512564 0.538575 
0.135373 0.662902 0.469192 
0.244234 0.761801 0.355402 
0.287633 0.769996 0.311054 
0.240402 0.760429 0.359307 
0.179604 0.721219 0.421716 
0.124766 0.643035 0.481170 
0.092782 0.561891 0.519812 
0.065978 0.457442 0.557242 
0.033225 0.256550 0.618338 
0.026244 0.201205 0.636519 
0.028931 0.222973 0.629133 
0.045165 0.341046 0.592796 
0.111375 0.613455 0.496806 
0.201427 0.739523 0.399135 
0.328730 0.765925 0.268674 
0.387874 0.737648 0.207389 
0.370084 0.749325 0.225777 
0.322334 0.767325 0.275295 
0.251409 0.764073 0.348088 
0.198562 0.737425 0.402082 
0.184761 0.726051 0.416348 
0.215116 0.748411 0.385104 
0.264110 0.767182 0.335130 
0.280128 0.769505 0.318749 
0.286486 0.769945 0.312231 
0.349299 0.759374 0.247341 
0.439626 0.683730 0.155182 
0.521767 0.514562 0.082988 
0.597652 0.280106 0.037747 
0.634626 0.177512 0.024086 
0.610364 0.242237 0.032478 
0.515753 0.530898 0.087569 
0.370207 0.749254 0.225649 
0.237959 0.759496 0.361797 
0.160581 0.700225 0.441762 
0.115260 0.622612 0.492201 
0.072651 0.487554 0.547280 
0.058428 0.419416 0.569227 
0.057637 0.415172 0.570533 
0.049156 0.366289 0.585291 
0.041677 0.317764 0.599721 
0.041375 0.315694 0.600338 
0.039062 0.299546 0.605174 
0.035411 0.273022 0.613229 
0.049758 0.369969 0.584193 
0.061180 0.433791 0.564760 
0.065729 0.456257 0.557625 
0.082071 0.525151 0.534012 
0.085864 0.538838 0.528888 
0.114103 0.619937 0.493566 
0.199474 0.738103 0.401143 
0.276936 0.769182 0.322018 
0.279187 0.769417 0.319713 
0.205810 0.742569 0.394634 
0.124133 0.641756 0.481895 
0.135523 0.663163 0.469025 
0.245989 0.762392 0.353614 
0.343806 0.761439 0.253043 
0.386744 0.738481 0.208553 
0.419347 0.708827 0.175303 
0.456483 0.658323 0.138962 
0.460766 0.651151 0.134930 
0.412740 0.715834 0.181969 
0.346871 0.760316 0.249862 
0.270586 0.768333 0.328513 
0.207496 0.743689 0.392906 
0.254554 0.764951 0.344881 
0.398026 0.729567 0.196958 
0.507650 0.551955 0.093948 
0.555692 0.413219 0.059813 
0.558055 0.405739 0.058374 
0.559631 0.400731 0.057428 
0.602793 0.264529 0.035540 
0.649063 0.144767 0.020032 
0.661734 0.119850 0.016985 
0.697239 0.068008 0.010570 
0.765353 0.021496 0.004161 
0.800476 0.011939 0.002564 
0.791382 0.013885 0.002908 
0.744393 0.030685 0.005550 
0.689252 0.077544 0.011775 
0.642244 0.159662 0.021866 
0.597276 0.281258 0.037913 
0.545095 0.446258 0.066550 
0.489295 0.595422 0.109226 
0.476013 0.623130 0.120925 
0.489387 0.595217 0.109147 
0.501411 0.567400 0.099017 
0.498653 0.574009 0.101300 
0.448596 0.670756 0.146485 
0.327999 0.766100 0.269431 
0.196564 0.735911 0.404139 
0.145264 0.679045 0.458280 
0.206179 0.742816 0.394256 
0.321650 0.767458 0.276003 
0.439137 0.684403 0.155660 
0.506271 0.555428 0.095058 
0.468469 0.637490 0.127784 
0.371665 0.748407 0.224139 
0.339078 0.763029 0.257947 
0.333236 0.764761 0.264006 
0.259298 0.766139 0.340043 
0.177826 0.719472 0.423573 
0.105194 0.597817 0.504262 
0.058329 0.418886 0.569390 
0.031358 0.242144 0.622896 
0.021903 0.165059 0.649809 
0.025165 0.192318 0.639651 
0.023397 0.177612 0.645016 
0.017678 0.129179 0.665005 
0.012934 0.089149 0.686421 
0.009127 0.058534 0.709955 
0.008088 0.050664 0.718207 
0.011166 0.074656 0.696340 
0.018117 0.132919 0.663290 
0.019481 0.144525 0.658185 
0.017842 0.130577 0.664360 
0.012022 0.081621 0.691364 
0.007675 0.047619 0.721830 
0.006158 0.036986 0.737507 
0.006038 0.036191 0.738960 
0.006364 0.038368 0.735106 
0.008294 0.052198 0.716484 
0.016688 0.120757 0.669008 
0.033943 0.262011 0.616633 
0.068808 0.470590 0.552953 
0.146208 0.680479 0.457249 
0.286884 0.769964 0.311822 
0.396740 0.730652 0.198276 
0.450159 0.668370 0.144984 
0.496750 0.578490 0.102889 
0.497540 0.576638 0.102228 
0.492209 0.588921 0.106728 
0.510692 0.544180 0.091526 
0.505667 0.556939 0.095545 
0.450318 0.668124 0.144831 
0.418867 0.709355 0.175787 
0.476012 0.623133 0.120927 
0.527595 0.498196 0.078681 
0.514756 0.533547 0.088341 
0.423516 0.704121 0.171122 
0.324836 0.766812 0.272706 
0.330058 0.765597 0.267298 
0.371729 0.748370 0.224072 
0.372548 0.747885 0.223224 
0.328601 0.765956 0.268807 
0.239239 0.759990 0.360492 
0.143504 0.676327 0.460205 
0.107806 0.604594 0.501090 
0.135963 0.663926 0.468535 
0.197407 0.736555 0.403271 
0.256787 0.765530 0.342605 
0.321097 0.767563 0.276575 
0.409444 0.719129 0.185311 
0.487990 0.598283 0.110353 
0.514879 0.533222 0.088246 
0.490453 0.592856 0.108230 
0.491029 0.591572 0.107737 
0.544804 0.447153 0.066742 
0.579494 0.337125 0.046396 
0.567546 0.375437 0.052833 
0.540897 0.459058 0.069348 
0.515408 0.531816 0.087836 
0.463056 0.647194 0.132791 
0.400257 0.727644 0.194675 
0.336802 0.763734 0.260308 
0.253071 0.764546 0.346394 
0.218825 0.750515 0.381314 
0.252648 0.764427 0.346826 
0.289660 0.770063 0.308974 
0.226753 0.754606 0.373221 
0.171830 0.713272 0.429857 
0.130733 0.654561 0.474393 
0.094457 0.567125 0.517663 
0.187986 0.728906 0.413003 
0.313934 0.768727 0.283977 
0.367001 0.751049 0.228973 
0.413239 0.715324 0.181465 
0.461829 0.649324 0.133935 
0.502967 0.563613 0.097741 
0.450502 0.667840 0.144655 
0.410164 0.718420 0.184580 
0.453515 0.663116 0.141777 
0.390064 0.735996 0.205134 
0.196952 0.736209 0.403739 
0.045294 0.341884 0.592548 
0.010950 0.072916 0.697655 
0.005726 0.034160 0.742937 
0.004338 0.026138 0.766022 
0.003832 0.024053 0.778697 
0.004164 0.025331 0.769961 
0.007888 0.049186 0.719931 
0.021555 0.162121 0.650964 
0.029951 0.231086 0.626467 
0.035660 0.274877 0.612660 
0.076385 0.503107 0.541920 
0.194997 0.734693 0.405755 
0.200151 0.738600 0.400446 
0.104757 0.596660 0.504795 
0.056710 0.410128 0.572079 
0.032238 0.248971 0.620724 
0.035460 0.273391 0.613116 
0.101017 0.586441 0.509402 
0.267718 0.767859 0.331445 
0.429951 0.696407 0.164712 
0.511384 0.542389 0.090979 
0.602989 0.263943 0.035458 
0.683314 0.085387 0.012753 
0.695481 0.070012 0.010825 
0.684350 0.083971 0.012577 
0.660181 0.122711 0.017335 
0.616174 0.225740 0.030275 
0.550990 0.427992 0.062744 
0.497912 0.575761 0.101917 
0.489430 0.595123 0.109110 
0.489303 0.595404 0.109219 
0.473142 0.628711 0.123518 
0.437934 0.686043 0.156838 
0.340635 0.762524 0.256332 
0.246510 0.762563 0.353083 
0.265088 0.767375 0.334131 
0.357166 0.755997 0.239175 
0.461040 0.650682 0.134673 
0.522893 0.511441 0.082146 
0.559141 0.402291 0.057721 
0.575071 0.351289 0.048710 
0.579574 0.336869 0.046355 
0.584920 0.319847 0.043670 
0.615123 0.228683 0.030665 
0.676471 0.095273 0.013975 
0.720426 0.046113 0.007708 
0.720499 0.046056 0.007701 
0.684648 0.083567 0.012527 
0.632985 0.181522 0.024589 
0.565832 0.380931 0.053806 
0.504431 0.560009 0.096547 
0.461436 0.650003 0.134303 
0.412088 0.716496 0.182630 
0.368934 0.749978 0.226969 
0.322167 0.767358 0.275468 
0.243107 0.761409 0.356551 
0.159632 0.699033 0.442773 
0.119788 0.632674 0.486908 
0.126017 0.645530 0.479740 
0.175131 0.716747 0.426393 
0.241614 0.760875 0.358073 
0.335631 0.764082 0.261522 
0.406785 0.721694 0.188015 
0.416210 0.712221 0.178463 
0.420269 0.707805 0.174377 
0.428818 0.697805 0.165836 
0.399314 0.728464 0.195640 
0.305405 0.769651 0.292777 
0.234899 0.758261 0.364916 
0.205817 0.742573 0.394627 
0.169036 0.710210 0.432799 
0.119378 0.631789 0.487384 
0.081452 0.522843 0.534859 
0.071563 0.482851 0.548870 
0.063740 0.446629 0.560708 
0.079111 0.513915 0.538092 
0.133615 0.659804 0.471156 
0.213420 0.747407 0.386839 
0.267165 0.767761 0.332010 
0.283205 0.769752 0.315595 
0.279962 0.769490 0.318919 
0.281029 0.769584 0.317826 
0.294368 0.770115 0.304138 
0.315384 0.768520 0.282480 
0.356153 0.756460 0.240227 
0.376478 0.745474 0.219156 
0.370221 0.749246 0.225635 
0.366231 0.751467 0.229771 
0.354909 0.757017 0.241518 
0.342917 0.761751 0.253965 
0.343004 0.761720 0.253874 
0.318454 0.768034 0.279308 
0.276422 0.769123 0.322544 
0.259717 0.766236 0.339615 
0.272825 0.768663 0.326224 
0.302704 0.769840 0.295560 
0.339213 0.762986 0.257807 
0.359440 0.754926 0.236815 
0.332704 0.764906 0.264556 
0.290678 0.770087 0.307928 
0.299812 0.769988 0.298538 
0.308914 0.769331 0.289159 
0.303901 0.769762 0.294327 
0.308755 0.769347 0.289323 
0.333398 0.764716 0.263838 
0.376809 0.745265 0.218814 
0.410807 0.717783 0.183929 
0.443755 0.677908 0.151161 
0.466257 0.641516 0.129822 
0.485774 0.603072 0.112278 
0.519131 0.521794 0.084980 
0.552516 0.423215 0.061783 
0.561588 0.394498 0.056267 
0.576659 0.346195 0.047869 
0.590060 0.303639 0.041200 
0.574758 0.352291 0.048876 
0.566077 0.380146 0.053666 
0.573544 0.356187 0.049527 
0.568735 0.371622 0.052166 
0.547523 0.438773 0.064965 
0.548771 0.434904 0.064160 
0.571545 0.362605 0.050612 
0.603263 0.263121 0.035344 
0.623780 0.205048 0.027579 
0.614471 0.230518 0.030908 
0.547456 0.438980 0.065009 
0.406010 0.722425 0.188803 
0.251066 0.763973 0.348438 
0.146747 0.681289 0.456662 
0.100920 0.586168 0.509523 
0.094230 0.566426 0.517953 
0.129522 0.652295 0.475761 
0.191852 0.732166 0.409002 
0.215416 0.748586 0.384797 
0.198235 0.737180 0.402418 
0.210358 0.745527 0.389973 
0.249126 0.763391 0.350417 
0.244394 0.761855 0.355240 
0.224400 0.753449 0.375621 
0.250874 0.763917 0.348634 
0.265751 0.767501 0.333455 
0.278802 0.769379 0.320107 
0.327857 0.766133 0.269578 
0.417073 0.711301 0.177593 
0.469437 0.635702 0.126896 
0.461139 0.650512 0.134580 
0.453688 0.662841 0.141613 
0.417642 0.710688 0.177020 
0.335421 0.764143 0.261740 
0.279923 0.769486 0.318959 
0.256274 0.765400 0.343127 
0.262729 0.766900 0.336541 
0.317452 0.768200 0.280344 
0.335152 0.764221 0.262018 
0.303345 0.769800 0.294900 
0.251910 0.764218 0.347578 
0.205569 0.742406 0.394882 
0.209034 0.744686 0.391330 
0.241997 0.761014 0.357682 
0.279428 0.769440 0.319466 
0.301505 0.769908 0.296794 
0.306530 0.769557 0.291618 
0.341188 0.762340 0.255759 
0.342903 0.761755 0.253979 
0.343237 0.761639 0.253632 
0.349876 0.759143 0.246742 
0.335081 0.764241 0.262093 
0.316231 0.768392 0.281606 
0.287057 0.769971 0.311645 
0.270574 0.768331 0.328526 
0.222453 0.752455 0.377609 
0.143311 0.676025 0.460417 
0.089189 0.550214 0.524485 
0.056069 0.406603 0.573156 
0.044721 0.338147 0.593657 
0.040725 0.311202 0.601680 
0.034820 0.268618 0.614586 
0.032737 0.252815 0.619510 
0.049347 0.367459 0.584941 
0.100256 0.584294 0.510348 
0.156031 0.694373 0.446627 
0.201219 0.739374 0.399348 
0.234977 0.758293 0.364837 
0.285547 0.769897 0.313194 
0.334849 0.764308 0.262333 
0.364379 0.752449 0.231691 
0.371499 0.748505 0.224311 
0.330871 0.765390 0.266456 
0.268600 0.768011 0.330543 
0.209764 0.745152 0.390581 
0.159911 0.699385 0.442476 
0.135863 0.663753 0.468647 
0.163152 0.703379 0.439026 
0.228295 0.755340 0.371648 
0.276250 0.769103 0.322720 
0.324265 0.766933 0.273297 
0.376819 0.745258 0.218803 
0.409943 0.718639 0.184805 
0.440667 0.682287 0.154166 
0.486928 0.600588 0.111273 
0.522205 0.513352 0.082661 
0.541866 0.456118 0.068695 
0.537367 0.469664 0.071755 
0.528124 0.496685 0.078296 
0.523790 0.508941 0.081479 
0.517417 0.526436 0.086288 
0.527937 0.497221 0.078432 
0.557510 0.407467 0.058704 
0.555875 0.412642 0.059701 
0.513033 0.538088 0.089684 
0.473900 0.627251 0.122831 
0.438644 0.685078 0.156143 
0.409107 0.719459 0.185654 
0.404546 0.723789 0.190295 
0.405675 0.722739 0.189144 
0.356007 0.756526 0.240379 
0.302047 0.769879 0.296237 
0.298518 0.770036 0.299870 
0.317147 0.768249 0.280658 
0.332447 0.764976 0.264823 
0.330254 0.765548 0.267095 
0.329240 0.765801 0.268146 
0.345262 0.760914 0.251531 
0.367396 0.750833 0.228562 
0.380781 0.742667 0.214707 
0.360505 0.754410 0.235710 
0.294167 0.770115 0.304343 
0.210243 0.745455 0.390090 
0.156433 0.694904 0.446196 
0.163902 0.704280 0.438229 
0.218373 0.750265 0.381775 
0.289329 0.770054 0.309313 
0.354813 0.757060 0.241617 
0.386666 0.738538 0.208634 
0.412174 0.716410 0.182543 
0.460040 0.652388 0.135611 
0.506713 0.554319 0.094701 
0.539859 0.462192 0.070051 
0.557926 0.406149 0.058452 
0.548115 0.436941 0.064583 
0.530657 0.489397 0.076470 
0.497783 0.576065 0.102025 
0.426132 0.701052 0.168510 
0.365157 0.752040 0.230884 
0.345332 0.760889 0.251458 
0.361535 0.753901 0.234642 
0.405051 0.723322 0.189781 
0.415551 0.712919 0.179128 
0.365174 0.752031 0.230866 
0.321040 0.767574 0.276633 
0.280796 0.769564 0.318064 
0.187890 0.728823 0.413102 
0.120845 0.634933 0.485683 
0.120862 0.634970 0.485663 
0.139818 0.670420 0.464261 
0.168412 0.709510 0.433457 
0.249189 0.763411 0.350352 
0.319758 0.767808 0.277959 
0.295433 0.770105 0.303042 
0.235254 0.758408 0.364554 
0.154087 0.691765 0.448715 
0.080120 0.517803 0.536692 
0.062167 0.438801 0.563186 
0.052978 0.389100 0.578459 
0.035705 0.275208 0.612558 
0.019850 0.147668 0.656853 
0.008008 0.050067 0.718896 
0.006082 0.036480 0.738425 
0.006621 0.040130 0.732236 
0.007728 0.048011 0.721348 
0.014833 0.105039 0.677112 
0.040250 0.307899 0.602668 
0.080711 0.520051 0.535877 
0.167173 0.708104 0.434766 
0.317167 0.768246 0.280638 
0.412807 0.715766 0.181902 
0.453262 0.663519 0.142019 
0.502417 0.564956 0.098191 
0.548888 0.434542 0.064085 
0.561639 0.394337 0.056238 
0.528413 0.495858 0.078087 
0.450127 0.668419 0.145015 
0.370264 0.749221 0.225590 
0.316290 0.768383 0.281544 
0.282360 0.769690 0.316462 
0.254752 0.765003 0.344681 
0.207394 0.743622 0.393010 
0.177368 0.719017 0.424051 
0.192107 0.732376 0.408738 
0.201210 0.739367 0.399357 
0.186407 0.727524 0.414640 
0.170179 0.711477 0.431594 
0.160248 0.699808 0.442117 
0.183792 0.725168 0.417355 
0.229819 0.756045 0.370094 
0.241181 0.760717 0.358513 
0.239650 0.760146 0.360074 
0.245226 0.762138 0.354391 
0.264445 0.767249 0.334788 
0.287003 0.769969 0.311701 
0.284096 0.769812 0.314682 
0.209813 0.745183 0.390531 
0.127814 0.649039 0.477695 
0.086290 0.540328 0.528319 
0.062066 0.438293 0.563346 
0.056165 0.407132 0.572994 
0.060874 0.432225 0.565250 
0.070861 0.479777 0.549902 
0.108156 0.605484 0.500667 
0.189366 0.730090 0.411573 
0.253671 0.764711 0.345782 
0.288426 0.770025 0.310240 
0.316116 0.768410 0.281724 
0.343605 0.761510 0.253251 
0.378440 0.744216 0.217127 
0.397430 0.730073 0.197570 
0.411931 0.716655 0.182789 
0.415748 0.712712 0.178930 
0.376588 0.745405 0.219043 
0.326770 0.766385 0.270704 
0.317834 0.768137 0.279949 
0.294823 0.770112 0.303669 
0.219060 0.750644 0.381074 
0.166144 0.706919 0.435854 
0.121155 0.635590 0.485324 
0.077615 0.508037 0.540185 
0.061541 0.435632 0.564183 
0.073400 0.490748 0.546193 
0.181989 0.723495 0.419231 
0.394932 0.732146 0.200131 
0.497477 0.576785 0.102280 
0.506878 0.553904 0.094569 
0.439503 0.683900 0.155302 
0.342253 0.761980 0.254654 
0.355660 0.756683 0.240739 
0.450025 0.668575 0.145112 
0.538592 0.466000 0.070914 
0.580722 0.333201 0.045769 
0.579136 0.338269 0.046581 
0.571803 0.361776 0.050471 
0.565459 0.382124 0.054019 
0.548957 0.434328 0.064041 
0.510670 0.544238 0.091544 
0.468383 0.637648 0.127863 
0.440600 0.682380 0.154231 
0.423670 0.703943 0.170969 
0.423127 0.704570 0.171512 
0.408405 0.720141 0.186367 
0.365218 0.752008 0.230821 
0.318762 0.767982 0.278990 
0.302008 0.769881 0.296277 
0.286602 0.769951 0.312111 
0.278766 0.769375 0.320144 
0.310799 0.769124 0.287214 
0.338496 0.763213 0.258551 
0.336218 0.763909 0.260914 
0.322229 0.767346 0.275404 
0.325000 0.766777 0.272536 
0.325471 0.766675 0.272049 
0.301178 0.769925 0.297131 
0.253243 0.764594 0.346218 
0.212037 0.746569 0.388254 
0.188103 0.729007 0.412882 
0.169974 0.711251 0.431810 
0.166941 0.707838 0.435011 
0.180668 0.722243 0.420607 
0.209677 0.745097 0.390670 
0.238806 0.759824 0.360934 
0.263476 0.767054 0.335778 
0.283346 0.769762 0.315451 
0.302001 0.769881 0.296284 
0.323081 0.767177 0.274523 
0.332623 0.764928 0.264640 
0.368397 0.750279 0.227525 
0.426754 0.700309 0.167890 
0.464901 0.643941 0.131076 
0.472788 0.629390 0.123840 
0.447141 0.672943 0.147885 
0.422299 0.705518 0.172341 
0.394571 0.732440 0.200501 
0.333639 0.764650 0.263588 
0.259763 0.766247 0.339568 
0.188835 0.729637 0.412123 
0.146266 0.680566 0.457186 
0.131986 0.656866 0.472983 
0.094041 0.565837 0.518195 
0.070318 0.477377 0.550704 
0.093947 0.565546 0.518316 
0.140592 0.671685 0.463407 
0.161232 0.701034 0.441067 
0.104676 0.596443 0.504895 
0.053734 0.393454 0.577146 
0.035942 0.276961 0.612021 
0.026439 0.202798 0.635965 
0.032703 0.252554 0.619593 
0.048895 0.364682 0.585770 
0.058611 0.420390 0.568926 
0.066316 0.459041 0.556725 
0.054318 0.396786 0.576138 
0.050506 0.374494 0.582841 
0.062249 0.439215 0.563056 
0.054202 0.396130 0.576337 
0.034009 0.262513 0.616477 
0.033743 0.260498 0.617104 
0.052107 0.384016 0.579988 
0.075132 0.497987 0.543703 
0.118739 0.630398 0.488128 
0.216676 0.749311 0.383509 
0.306997 0.769516 0.291136 
0.350719 0.758801 0.245867 
0.375474 0.746104 0.220195 
0.427640 0.699241 0.167007 
0.502144 0.565621 0.098415 
0.532126 0.485127 0.075423 
0.538515 0.466232 0.070967 
0.534251 0.478901 0.073922 
0.534310 0.478726 0.073881 
0.550094 0.430790 0.063314 
0.575760 0.349079 0.048344 
0.593176 0.293914 0.039755 
0.593124 0.294075 0.039778 
0.585315 0.318596 0.043477 
0.566880 0.377571 0.053210 
0.573845 0.355220 0.049365 
0.597397 0.280886 0.037859 
0.588843 0.307458 0.041775 
0.547066 0.440186 0.065262 
0.486880 0.600693 0.111316 
0.403057 0.725151 0.191814 
0.258417 0.765930 0.340941 
0.093625 0.564541 0.518729 
0.055803 0.405130 0.573605 
0.086381 0.540647 0.528197 
0.127550 0.648528 0.477995 
0.189697 0.730371 0.411230 
0.312839 0.768873 0.285108 
0.418892 0.709327 0.175761 
0.473720 0.627599 0.122995 
0.523492 0.509772 0.081700 
0.558588 0.404046 0.058053 
0.577557 0.343321 0.047399 
0.567439 0.375779 0.052893 
0.533111 0.482249 0.074725 
0.504718 0.559298 0.096314 
0.476931 0.621316 0.120101 
0.484198 0.606425 0.113656 
0.519788 0.520003 0.084481 
0.528262 0.496291 0.078196 
0.495028 0.582488 0.104337 
0.490582 0.592568 0.108119 
0.516521 0.528843 0.086976 
0.539318 0.463820 0.070418 
0.556097 0.411939 0.059564 
0.522583 0.512302 0.082378 
0.440963 0.681873 0.153877 
0.383477 0.740818 0.211923 
0.379244 0.743690 0.216295 
0.395478 0.731698 0.199571 
0.391544 0.734852 0.203612 
0.329931 0.765629 0.267430 
0.279851 0.769480 0.319033 
0.276248 0.769103 0.322722 
0.263443 0.767048 0.335811 
0.233811 0.757804 0.366025 
0.191984 0.732274 0.408866 
0.132926 0.658568 0.471928 
0.099691 0.582685 0.511052 
0.090241 0.553698 0.523108 
0.070306 0.477325 0.550721 
0.054615 0.398469 0.575628 
0.037753 0.290182 0.607999 
0.025672 0.196501 0.638167 
0.019450 0.144262 0.658298 
0.020189 0.150545 0.655651 
0.043999 0.333390 0.595071 
0.095967 0.571737 0.515740 
0.118591 0.630074 0.488300 
0.114621 0.621139 0.492955 
0.111647 0.614113 0.496481 
0.119587 0.632241 0.487141 
0.123539 0.640545 0.482577 
0.165980 0.706728 0.436028 
0.270977 0.768393 0.328114 
0.369323 0.749758 0.226565 
0.429202 0.697333 0.165454 
0.441442 0.681202 0.153411 
0.454673 0.661263 0.140677 
0.487289 0.599807 0.110960 
0.519277 0.521396 0.084869 
0.565293 0.382657 0.054114 
0.584989 0.319627 0.043636 
0.583781 0.323460 0.044232 
0.590141 0.303384 0.041161 
0.599659 0.273986 0.036873 
0.621474 0.211208 0.028375 
0.648043 0.146930 0.020297 
0.666162 0.111977 0.016024 
0.671228 0.103490 0.014985 
0.661238 0.120757 0.017096 
0.623376 0.206120 0.027717 
0.584049 0.322610 0.044100 
0.561874 0.393587 0.056099 
0.576625 0.346306 0.047887 
0.593351 0.293371 0.039675 
0.583257 0.325127 0.044493 
0.561694 0.394162 0.056205 
0.496732 0.578532 0.102904 
0.422805 0.704940 0.171834 
0.328893 0.765885 0.268506 
0.204625 0.741764 0.395850 
0.134175 0.660799 0.470530 
0.111548 0.613874 0.496599 
0.098782 0.580068 0.512189 
0.068743 0.470297 0.553050 
0.041320 0.315313 0.600452 
0.034934 0.269466 0.614324 
0.047375 0.355210 0.588588 
0.093668 0.564677 0.518673 
0.168870 0.710024 0.432974 
0.207581 0.743745 0.392818 
0.179171 0.720797 0.422169 
0.123058 0.639560 0.483129 
0.090175 0.553480 0.523194 
0.075691 0.500282 0.542906 
0.074473 0.495253 0.544647 
0.075182 0.498194 0.543631 
0.088598 0.548234 0.525261 
0.119020 0.631011 0.487800 
0.126224 0.645938 0.479504 
0.071673 0.483332 0.548708 
0.036901 0.284002 0.609873 
0.033693 0.260120 0.617222 
0.038072 0.292478 0.607304 
0.050745 0.375931 0.582411 
0.066921 0.461886 0.555802 
0.105814 0.599448 0.503506 
0.171440 0.712852 0.430267 
0.169669 0.710914 0.432132 
0.110727 0.611880 0.497579 
0.068322 0.468371 0.553683 
0.045399 0.342566 0.592345 
0.029334 0.226189 0.628071 
0.021813 0.164292 0.650110 
0.022945 0.173822 0.646441 
0.031662 0.244511 0.622141 
0.044619 0.337481 0.593855 
0.056544 0.409221 0.572357 
0.065857 0.456867 0.557428 
0.065868 0.456916 0.557412 
0.075294 0.498656 0.543471 
0.125037 0.643578 0.480860 
0.217487 0.749771 0.382680 
0.305116 0.769673 0.293075 
0.354346 0.757265 0.242102 
0.395588 0.731608 0.199458 
0.448383 0.671078 0.146690 
0.492784 0.587620 0.106238 
0.519354 0.521187 0.084810 
0.549183 0.433625 0.063896 
0.566073 0.380159 0.053669 
0.538070 0.467563 0.071272 
0.488147 0.597939 0.110217 
0.464374 0.644877 0.131566 
0.479660 0.615834 0.117664 
0.492167 0.589016 0.106764 
0.488543 0.597074 0.109875 
0.472510 0.629920 0.124092 
0.447358 0.672619 0.147676 
0.412765 0.715809 0.181945 
0.355098 0.756934 0.241322 
0.297331 0.770070 0.301091 
0.268746 0.768035 0.330394 
0.266843 0.767703 0.332339 
0.267704 0.767856 0.331459 
0.239309 0.760017 0.360421 
0.167031 0.707942 0.434916 
0.116871 0.626264 0.490309 
0.093546 0.564295 0.518830 
0.071836 0.484042 0.548469 
0.040165 0.307310 0.602844 
0.023442 0.177986 0.644877 
0.025991 0.199128 0.637244 
0.031523 0.243432 0.622485 
0.035514 0.273793 0.612993 
0.080435 0.519003 0.536258 
0.218254 0.750199 0.381897 
0.376891 0.745212 0.218729 
0.524022 0.508291 0.081306 
0.613872 0.232208 0.031133 
0.647274 0.148574 0.020499 
0.644584 0.154435 0.021221 
0.594813 0.288839 0.039011 
0.520122 0.519088 0.084228 
0.455179 0.660445 0.140196 
0.393671 0.733167 0.201425 
0.370609 0.749023 0.225233 
0.344366 0.761239 0.252461 
0.299493 0.770001 0.298866 
0.303784 0.769770 0.294448 
0.331186 0.765309 0.266130 
0.315257 0.768538 0.282611 
0.224949 0.753723 0.375062 
0.146941 0.681578 0.456451 
