0.306329 0.769575 0.291825 
0.306329 0.769575 0.291825 
0.174212 0.715795 0.427356 
0.438318 0.685522 0.156462 
0.542776 0.453353 0.068087 
0.610663 0.241376 0.032361 
0.443648 0.678063 0.151265 
0.145880 0.679983 0.457607 
0.103985 0.594596 0.505740 
0.100079 0.583792 0.510568 
0.149449 0.685264 0.453725 
0.139980 0.670687 0.464082 
0.046149 0.347405 0.590908 
0.187795 0.728740 0.413201 
0.354569 0.757167 0.241871 
0.494314 0.584131 0.104940 
0.632482 0.182761 0.024745 
0.588333 0.309062 0.042017 
0.630522 0.187645 0.025360 
0.497173 0.577499 0.102535 
0.236457 0.758898 0.363328 
0.135952 0.663906 0.468548 
0.084766 0.534957 0.530359 
0.127430 0.648297 0.478131 
0.254905 0.765044 0.344524 
0.409754 0.718825 0.184997 
0.459761 0.652861 0.135873 
0.360538 0.754393 0.235676 
0.328311 0.766026 0.269108 
0.499017 0.573144 0.100997 
0.584669 0.320644 0.043794 
0.604060 0.260742 0.035012 
0.630532 0.187622 0.025357 
0.518376 0.523843 0.085554 
0.142056 0.674040 0.461796 
0.010583 0.069969 0.699954 
0.007456 0.046033 0.723838 
0.017595 0.128470 0.665334 
0.066283 0.458887 0.556775 
0.120843 0.634930 0.485685 
0.090139 0.553363 0.523241 
0.198821 0.737618 0.401815 
0.299700 0.769993 0.298653 
0.228404 0.755391 0.371538 
0.225642 0.754065 0.374355 
0.302804 0.769834 0.295457 
0.278184 0.769316 0.320739 
0.257892 0.765804 0.341477 
0.454543 0.661472 0.140800 
0.400851 0.727123 0.194068 
0.340821 0.762462 0.256139 
0.409871 0.718710 0.184878 
0.329073 0.765842 0.268319 
0.443008 0.678981 0.151887 
0.576840 0.345616 0.047774 
0.530974 0.488478 0.076244 
0.314148 0.768697 0.283757 
0.079862 0.516812 0.537050 
0.049465 0.368183 0.584726 
0.355678 0.756675 0.240720 
0.613520 0.233205 0.031266 
0.575594 0.349612 0.048432 
0.453042 0.663867 0.142228 
0.428202 0.698559 0.166448 
0.452250 0.665117 0.142984 
0.325745 0.766615 0.271765 
0.110821 0.612110 0.497467 
0.080432 0.518993 0.536261 
0.072319 0.486127 0.547764 
0.102179 0.589675 0.507963 
0.455124 0.660534 0.140249 
0.666045 0.112179 0.016048 
0.653908 0.134818 0.018814 
0.525280 0.504759 0.080376 
0.320087 0.767749 0.277620 
0.315571 0.768492 0.282287 
0.529068 0.493979 0.077613 
0.563865 0.387227 0.054937 
0.397885 0.729687 0.197103 
0.543109 0.452337 0.067865 
0.726820 0.041376 0.007063 
0.625409 0.200760 0.027029 
0.184392 0.725716 0.416731 
0.011760 0.079482 0.692848 
0.013756 0.095991 0.682247 
0.035179 0.271300 0.613759 
0.054242 0.396353 0.576269 
0.051791 0.382154 0.580547 
0.060933 0.432526 0.565156 
0.241161 0.760709 0.358534 
0.368985 0.749949 0.226916 
0.364639 0.752314 0.231422 
0.292310 0.770110 0.306252 
0.091714 0.558485 0.521192 
0.016903 0.122585 0.668121 
0.018628 0.137270 0.661340 
0.118704 0.630321 0.488169 
0.504710 0.559318 0.096320 
0.608704 0.247052 0.033130 
0.636304 0.173471 0.023581 
0.559312 0.401748 0.057619 
0.128716 0.650769 0.476672 
0.026967 0.207115 0.634476 
0.184429 0.725750 0.416693 
0.284898 0.769861 0.313859 
0.077993 0.509537 0.539653 
0.062695 0.441450 0.562351 
0.053960 0.394748 0.576755 
0.059756 0.426430 0.567056 
0.058117 0.417756 0.569739 
0.129788 0.652796 0.475460 
0.376342 0.745560 0.219297 
0.268044 0.767916 0.331112 
0.155983 0.694310 0.446678 
0.125303 0.644110 0.480556 
0.082345 0.526167 0.533637 
0.201513 0.739585 0.399046 
0.521017 0.516632 0.083553 
0.550503 0.429515 0.063054 
0.346050 0.760624 0.250714 
0.256582 0.765478 0.342814 
0.087892 0.545843 0.526193 
0.038698 0.296961 0.605952 
0.090432 0.554325 0.522858 
0.281221 0.769600 0.317629 
0.369149 0.749856 0.226745 
0.529924 0.491515 0.076996 
0.651103 0.140514 0.019511 
0.591695 0.298524 0.040436 
0.574235 0.353969 0.049156 
0.607814 0.249650 0.033484 
0.660850 0.121473 0.017183 
0.608751 0.246915 0.033112 
0.499700 0.571517 0.100431 
0.496121 0.579956 0.103417 
0.310291 0.769182 0.287738 
0.279490 0.769446 0.319402 
0.395338 0.731813 0.199715 
0.280167 0.769509 0.318708 
0.075482 0.499428 0.543203 
0.171036 0.712413 0.430693 
0.519449 0.520927 0.084738 
0.524403 0.507225 0.081024 
0.236899 0.759076 0.362878 
0.023316 0.176932 0.645271 
0.032463 0.250711 0.620174 
0.325014 0.766774 0.272522 
0.446629 0.673706 0.148380 
0.309465 0.769273 0.288591 
0.146937 0.681572 0.456455 
0.053182 0.390278 0.578104 
0.038648 0.296600 0.606061 
0.147537 0.682465 0.455802 
0.426800 0.700254 0.167844 
0.509969 0.546044 0.092099 
0.488308 0.597589 0.110078 
0.499538 0.571903 0.100565 
0.570264 0.366716 0.051316 
0.579122 0.338312 0.046588 
0.431812 0.694071 0.162868 
0.181968 0.723476 0.419252 
0.309170 0.769304 0.288895 
0.538979 0.464839 0.070650 
0.485514 0.603628 0.112505 
0.232327 0.757165 0.367537 
0.154076 0.691750 0.448727 
0.168808 0.709956 0.433039 
0.079501 0.515425 0.537550 
0.072791 0.488154 0.547077 
0.088645 0.548393 0.525199 
0.060850 0.432098 0.565290 
0.186108 0.727258 0.414950 
0.416789 0.711604 0.177879 
0.425488 0.701816 0.169152 
0.103494 0.593270 0.506343 
0.117117 0.626815 0.490021 
0.142758 0.675154 0.461024 
0.134807 0.661913 0.469824 
0.609233 0.245514 0.032921 
0.628619 0.192465 0.025971 
0.477174 0.620833 0.119883 
0.468497 0.637438 0.127758 
0.489711 0.594501 0.108867 
0.480584 0.613947 0.116843 
0.083656 0.530968 0.531856 
0.138698 0.668567 0.465500 
0.471179 0.632444 0.125303 
0.074303 0.494545 0.544891 
0.006381 0.038486 0.734907 
0.004932 0.029309 0.754751 
0.005111 0.030356 0.751824 
0.008050 0.050379 0.718535 
0.013081 0.090369 0.685656 
0.025456 0.194719 0.638797 
0.548537 0.435631 0.064310 
0.821982 0.008383 0.001901 
0.729088 0.039813 0.006847 
0.458277 0.655355 0.137268 
0.388559 0.737136 0.206683 
0.589866 0.304248 0.041291 
0.673732 0.099494 0.014495 
0.324960 0.766786 0.272578 
0.029168 0.224863 0.628508 
0.054979 0.400524 0.575005 
0.070828 0.479630 0.549951 
0.352166 0.758201 0.244365 
0.663210 0.117177 0.016659 
0.719775 0.046624 0.007777 
0.702736 0.062078 0.009811 
0.597109 0.281769 0.037986 
0.672564 0.101341 0.014721 
0.696370 0.068992 0.010695 
0.403363 0.724873 0.191502 
0.211051 0.745960 0.389263 
0.121983 0.637330 0.484368 
0.050731 0.375844 0.582437 
0.026597 0.204095 0.635516 
0.065111 0.453295 0.558578 
0.263627 0.767085 0.335624 
0.305702 0.769627 0.292471 
0.227363 0.754899 0.372599 
0.149863 0.685860 0.453277 
0.031430 0.242705 0.622717 
0.046481 0.349532 0.590276 
0.368836 0.750033 0.227070 
0.565762 0.381155 0.053846 
0.620401 0.214109 0.028751 
0.552715 0.422591 0.061658 
0.483873 0.607111 0.113941 
0.397077 0.730370 0.197931 
0.333801 0.764604 0.263419 
0.339273 0.762967 0.257745 
0.479746 0.615657 0.117587 
0.634578 0.177629 0.024101 
0.596980 0.282166 0.038043 
0.307021 0.769514 0.291111 
0.051847 0.382486 0.580447 
0.028698 0.221107 0.629752 
0.021631 0.162756 0.650713 
0.043837 0.332319 0.595389 
0.111151 0.612914 0.497072 
0.106727 0.601825 0.502396 
0.140452 0.671458 0.463561 
0.139076 0.669196 0.465081 
0.069393 0.473236 0.552079 
0.056609 0.409577 0.572248 
0.140967 0.672292 0.462994 
0.334582 0.764384 0.262609 
0.482494 0.610000 0.115154 
0.509354 0.547619 0.092587 
0.567075 0.376945 0.053099 
0.531400 0.487240 0.075939 
0.344465 0.761203 0.252358 
0.323165 0.767160 0.274435 
0.341918 0.762094 0.255002 
0.184007 0.725365 0.417132 
0.040470 0.309432 0.602209 
0.086335 0.540484 0.528259 
0.202456 0.740256 0.398077 
0.170527 0.711858 0.431228 
0.110806 0.612072 0.497485 
0.115815 0.623879 0.491548 
0.240746 0.760557 0.358957 
0.248655 0.763246 0.350897 
0.406857 0.721625 0.187941 
0.536553 0.472088 0.072318 
0.553709 0.419468 0.061038 
0.472431 0.630072 0.124164 
0.360647 0.754340 0.235563 
0.294971 0.770110 0.303517 
0.310041 0.769210 0.287996 
0.351943 0.758295 0.244597 
0.377729 0.744676 0.217862 
0.441614 0.680959 0.153243 
0.380389 0.742931 0.215112 
0.282112 0.769672 0.316716 
0.291056 0.770094 0.307540 
0.263224 0.767003 0.336035 
0.261413 0.766618 0.337884 
0.306649 0.769547 0.291494 
0.216473 0.749195 0.383717 
0.160319 0.699898 0.442040 
0.247480 0.762876 0.352094 
0.350922 0.758718 0.245657 
0.404751 0.723600 0.190086 
0.427165 0.699815 0.167480 
0.378328 0.744289 0.217243 
0.206829 0.743249 0.393589 
0.158960 0.698180 0.443491 
0.337935 0.763388 0.259133 
0.338015 0.763363 0.259050 
0.288489 0.770028 0.310176 
0.323378 0.767117 0.274215 
0.390431 0.735714 0.204756 
0.452506 0.664714 0.142739 
0.430898 0.695224 0.163772 
0.434958 0.690012 0.159762 
0.402511 0.725644 0.192372 
0.394607 0.732410 0.200464 
0.458400 0.655150 0.137152 
0.470093 0.634482 0.126295 
0.358092 0.755566 0.238214 
0.392924 0.733764 0.202193 
0.386635 0.738560 0.208665 
0.209637 0.745071 0.390712 
0.253003 0.764527 0.346463 
0.350584 0.758857 0.246008 
0.276842 0.769171 0.322114 
0.181757 0.723277 0.419472 
0.313454 0.768792 0.284474 
0.430149 0.696160 0.164515 
0.482037 0.610950 0.115557 
0.434239 0.690953 0.160471 
0.241248 0.760742 0.358445 
0.025058 0.191438 0.639966 
0.006677 0.040512 0.731640 
0.010412 0.068602 0.701055 
0.031643 0.244361 0.622188 
0.109115 0.607898 0.499511 
0.269899 0.768224 0.329216 
0.461340 0.650167 0.134392 
0.515308 0.532081 0.087913 
0.387582 0.737864 0.207690 
0.243730 0.761627 0.355917 
0.349170 0.759425 0.247476 
0.431758 0.694139 0.162921 
0.289748 0.770066 0.308884 
0.235340 0.758443 0.364466 
0.394295 0.732664 0.200785 
0.356759 0.756184 0.239598 
0.350766 0.758782 0.245818 
0.461166 0.650466 0.134555 
0.574461 0.353245 0.049035 
0.503425 0.562489 0.097367 
0.267385 0.767800 0.331785 
0.272033 0.768550 0.327034 
0.152841 0.690056 0.450058 
0.051331 0.379431 0.581363 
0.119748 0.632587 0.486954 
0.223086 0.752781 0.376963 
0.328551 0.765968 0.268859 
0.475218 0.624689 0.121641 
0.368044 0.750475 0.227891 
0.192033 0.732315 0.408815 
0.133358 0.659344 0.471444 
0.146845 0.681435 0.456555 
0.318717 0.767989 0.279036 
0.414915 0.713587 0.179770 
0.426633 0.700454 0.168011 
0.380516 0.742846 0.214981 
0.323939 0.767002 0.273634 
0.421911 0.705959 0.172729 
0.312606 0.768903 0.285349 
0.307555 0.769465 0.290561 
0.330569 0.765468 0.266769 
0.251323 0.764048 0.348176 
0.237580 0.759346 0.362184 
0.202646 0.740390 0.397882 
0.248133 0.763083 0.351429 
0.142864 0.675321 0.460908 
0.059132 0.423155 0.568072 
0.077511 0.507625 0.540331 
0.096212 0.572477 0.515428 
0.196477 0.735844 0.404229 
0.260517 0.766419 0.338799 
0.229058 0.755695 0.370871 
0.275682 0.769036 0.323301 
0.480746 0.613615 0.116699 
0.579860 0.335956 0.046209 
0.518006 0.524845 0.085837 
0.459493 0.653314 0.136124 
0.417989 0.710311 0.176670 
0.463277 0.646806 0.132585 
0.462540 0.648094 0.133272 
0.409014 0.719550 0.185748 
0.333110 0.764795 0.264136 
0.157586 0.696413 0.444960 
0.103232 0.592559 0.506665 
0.112764 0.616786 0.495152 
0.127756 0.648927 0.477761 
0.206183 0.742819 0.394251 
0.411253 0.717337 0.183476 
0.509099 0.548272 0.092791 
0.456352 0.658536 0.139085 
0.458042 0.655746 0.137489 
0.477673 0.619838 0.119436 
0.427928 0.698893 0.166721 
0.426680 0.700398 0.167964 
0.491438 0.590657 0.107387 
0.466638 0.640827 0.129470 
0.407694 0.720826 0.187089 
0.280940 0.769576 0.317917 
0.254861 0.765032 0.344569 
0.282730 0.769718 0.316083 
0.272021 0.768549 0.327046 
0.361132 0.754101 0.235059 
0.456162 0.658847 0.139265 
0.296726 0.770084 0.301713 
0.092086 0.559678 0.520711 
0.121342 0.635984 0.485108 
0.149436 0.685245 0.453739 
0.181492 0.723026 0.419749 
0.287597 0.769994 0.311091 
0.310915 0.769111 0.287094 
0.122398 0.638194 0.483889 
0.120978 0.635216 0.485528 
0.293844 0.770116 0.304676 
0.370099 0.749316 0.225762 
0.359870 0.754719 0.236369 
0.298365 0.770041 0.300027 
0.302659 0.769843 0.295607 
0.363072 0.753125 0.233048 
0.385481 0.739397 0.209855 
0.356512 0.756297 0.239855 
0.227828 0.755120 0.372125 
0.090165 0.553450 0.523206 
0.061531 0.435580 0.564199 
0.115837 0.623930 0.491522 
0.335525 0.764113 0.261633 
0.482242 0.610525 0.115376 
0.514789 0.533460 0.088316 
0.506348 0.555235 0.094995 
0.419598 0.708550 0.175051 
0.403090 0.725121 0.191780 
0.486958 0.600524 0.111248 
0.500214 0.570284 0.100004 
0.464652 0.644383 0.131307 
0.403937 0.724350 0.190917 
0.248727 0.763268 0.350823 
0.207764 0.743864 0.392631 
0.139177 0.669364 0.464969 
0.046955 0.352548 0.589380 
0.087619 0.544915 0.526553 
0.231332 0.756727 0.368552 
0.364870 0.752192 0.231182 
0.458641 0.654746 0.136925 
0.348611 0.759646 0.248056 
0.117764 0.628254 0.489264 
0.147724 0.682741 0.455599 
0.165713 0.706417 0.436311 
0.047804 0.357903 0.587787 
0.071259 0.481526 0.549315 
0.306410 0.769568 0.291741 
0.386604 0.738583 0.208697 
0.414297 0.714232 0.180395 
0.543465 0.451250 0.067628 
0.514405 0.534477 0.088614 
0.219197 0.750719 0.380934 
0.110235 0.610674 0.498168 
0.058824 0.421524 0.568576 
0.037797 0.290496 0.607903 
0.180866 0.722432 0.420401 
0.227759 0.755087 0.372195 
0.124197 0.641885 0.481822 
0.058330 0.418894 0.569388 
0.008274 0.052052 0.716646 
0.061056 0.433159 0.564958 
0.402406 0.725738 0.192478 
0.450632 0.667639 0.144530 
0.648556 0.145840 0.020164 
0.667845 0.109096 0.015671 
0.572127 0.360734 0.050294 
0.610173 0.242789 0.032552 
0.671114 0.103675 0.015008 
0.586201 0.315789 0.043044 
0.462042 0.648958 0.133737 
0.506356 0.555215 0.094989 
0.516958 0.527671 0.086640 
0.377790 0.744637 0.217799 
0.126067 0.645628 0.479683 
0.031375 0.242276 0.622854 
0.047493 0.355949 0.588369 
0.118416 0.629690 0.488504 
0.186596 0.727691 0.414443 
0.209366 0.744899 0.390989 
0.144021 0.677131 0.459640 
0.195264 0.734902 0.405480 
0.359807 0.754749 0.236435 
0.339049 0.763038 0.257978 
0.251355 0.764058 0.348144 
0.244184 0.761784 0.355453 
0.267134 0.767756 0.332041 
0.392268 0.734284 0.202868 
0.455371 0.660134 0.140014 
0.345385 0.760869 0.251403 
0.300969 0.769936 0.297346 
0.325633 0.766640 0.271881 
0.370910 0.748848 0.224921 
0.381647 0.742081 0.213813 
0.296134 0.770095 0.302321 
0.078330 0.510864 0.539182 
0.050298 0.373240 0.583216 
0.109067 0.607778 0.499569 
0.146281 0.680588 0.457170 
0.257183 0.765629 0.342201 
0.344726 0.761109 0.252088 
0.377943 0.744538 0.217641 
0.493779 0.585356 0.105394 
0.572328 0.360091 0.050185 
0.501531 0.567110 0.098919 
0.418870 0.709351 0.175783 
0.398755 0.728945 0.196212 
0.400282 0.727622 0.194649 
0.427489 0.699425 0.167158 
0.378203 0.744370 0.217371 
0.363542 0.752884 0.232560 
0.322021 0.767387 0.275618 
0.152587 0.689704 0.450332 
0.128678 0.650695 0.476716 
0.273962 0.768818 0.325061 
0.223932 0.753212 0.376099 
0.075827 0.500840 0.542711 
0.121051 0.635371 0.485443 
0.125421 0.644346 0.480421 
0.093396 0.563826 0.519022 
0.191363 0.731764 0.409507 
0.388947 0.736845 0.206284 
0.661081 0.121046 0.017131 
0.760178 0.023465 0.004468 
0.635072 0.176433 0.023951 
0.353046 0.757828 0.243452 
0.051028 0.377626 0.581904 
0.031224 0.241100 0.623231 
0.354779 0.757075 0.241653 
0.597032 0.282007 0.038020 
0.627784 0.194603 0.026243 
0.515273 0.532174 0.087940 
0.296429 0.770090 0.302019 
0.260723 0.766465 0.338588 
0.267617 0.767841 0.331548 
0.208721 0.744485 0.391650 
0.110763 0.611969 0.497536 
0.111197 0.613024 0.497018 
0.180656 0.722232 0.420619 
0.232540 0.757258 0.367320 
0.304038 0.769753 0.294186 
0.244345 0.761839 0.355289 
0.141297 0.672826 0.462630 
0.140681 0.671830 0.463309 
0.246097 0.762428 0.353503 
0.251579 0.764123 0.347916 
0.278747 0.769374 0.320163 
0.411629 0.716959 0.183095 
0.400457 0.727468 0.194470 
0.297991 0.770053 0.300412 
0.255150 0.765109 0.344274 
0.316245 0.768390 0.281591 
0.308021 0.769420 0.290080 
0.218906 0.750559 0.381231 
0.143515 0.676344 0.460193 
0.163148 0.703375 0.439030 
0.218420 0.750291 0.381727 
0.237013 0.759121 0.362762 
0.294543 0.770114 0.303957 
0.357421 0.755879 0.238911 
0.406205 0.722242 0.188605 
0.403310 0.724921 0.191556 
0.388264 0.737358 0.206988 
0.373041 0.747590 0.222713 
0.369571 0.749618 0.226308 
0.378348 0.744276 0.217222 
0.340222 0.762660 0.256761 
0.428752 0.697887 0.165902 
0.505576 0.557166 0.095619 
0.458035 0.655759 0.137496 
0.342635 0.761848 0.254257 
0.188411 0.729273 0.412562 
0.198131 0.737102 0.402526 
0.192285 0.732521 0.408555 
0.095733 0.571031 0.516036 
0.078079 0.509873 0.539534 
0.083096 0.528930 0.532615 
0.144812 0.678354 0.458774 
0.244626 0.761935 0.355003 
0.128520 0.650395 0.476894 
0.161049 0.700808 0.441262 
0.440030 0.683172 0.154788 
0.497814 0.575991 0.101999 
0.386808 0.738434 0.208488 
0.083838 0.531625 0.531610 
0.045554 0.343572 0.592046 
0.121419 0.636146 0.485019 
0.155757 0.694010 0.446921 
0.406591 0.721877 0.188211 
0.477852 0.619479 0.119276 
0.389844 0.736164 0.205360 
0.364791 0.752233 0.231264 
0.208298 0.744212 0.392083 
0.270812 0.768368 0.328282 
0.401944 0.726153 0.192951 
0.238246 0.759608 0.361504 
0.099052 0.580848 0.511851 
0.302463 0.769855 0.295808 
0.488989 0.596094 0.109490 
0.465411 0.643032 0.130604 
0.509234 0.547927 0.092683 
0.598958 0.276119 0.037177 
0.558190 0.405310 0.058293 
0.449227 0.669797 0.145878 
0.395094 0.732013 0.199965 
0.489143 0.595755 0.109357 
0.576056 0.348129 0.048187 
0.449492 0.669392 0.145623 
0.341129 0.762360 0.255820 
0.282479 0.769699 0.316339 
0.306657 0.769546 0.291487 
0.391000 0.735275 0.204171 
0.444926 0.676211 0.150026 
0.409137 0.719430 0.185624 
0.305996 0.769603 0.292168 
0.255948 0.765316 0.343460 
0.192351 0.732575 0.408486 
0.347736 0.759985 0.248963 
0.441718 0.680812 0.153141 
0.250549 0.763821 0.348966 
0.082959 0.528426 0.532802 
0.051488 0.380359 0.581085 
0.034678 0.267551 0.614915 
0.012591 0.086306 0.688241 
0.007114 0.043579 0.727133 
0.079637 0.515947 0.537362 
0.492862 0.587444 0.106172 
0.488198 0.597829 0.110173 
0.515890 0.530531 0.087463 
0.623475 0.205858 0.027683 
0.608322 0.248167 0.033282 
0.512060 0.540632 0.090447 
0.516931 0.527744 0.086661 
0.479137 0.616894 0.118129 
0.413222 0.715341 0.181482 
0.243816 0.761657 0.355828 
0.119188 0.631377 0.487605 
0.157839 0.696740 0.444690 
0.169884 0.711152 0.431905 
0.340787 0.762474 0.256175 
0.466960 0.640245 0.129172 
0.350914 0.758722 0.245665 
0.138557 0.668333 0.465656 
0.284086 0.769811 0.314692 
0.428409 0.698306 0.166243 
0.421259 0.706697 0.173384 
0.397197 0.730269 0.197808 
0.126967 0.647395 0.478658 
0.029402 0.226726 0.627894 
0.091592 0.558093 0.521350 
0.289760 0.770066 0.308871 
0.368136 0.750424 0.227796 
0.290593 0.770085 0.308016 
0.094830 0.568275 0.517186 
0.135227 0.662648 0.469355 
0.293717 0.770116 0.304806 
0.261268 0.766586 0.338032 
0.202278 0.740130 0.398260 
0.158846 0.698035 0.443613 
0.093771 0.564999 0.518541 
0.150514 0.686791 0.452572 
0.253671 0.764711 0.345782 
0.180624 0.722201 0.420653 
0.183022 0.724459 0.418156 
0.134133 0.660724 0.470577 
0.123387 0.640236 0.482751 
0.160760 0.700448 0.441570 
0.326618 0.766420 0.270861 
0.602090 0.266639 0.035836 
0.597834 0.279550 0.037667 
0.413047 0.715521 0.181659 
0.287341 0.769984 0.311353 
0.291834 0.770105 0.306741 
0.343629 0.761501 0.253226 
0.324464 0.766892 0.273091 
0.464609 0.644460 0.131347 
0.593377 0.293290 0.039663 
0.580509 0.333882 0.045877 
0.510312 0.545161 0.091827 
0.357992 0.755613 0.238318 
0.363599 0.752855 0.232500 
0.445642 0.675163 0.149333 
0.453232 0.663567 0.142048 
0.522577 0.512318 0.082382 
0.418839 0.709385 0.175814 
0.298710 0.770030 0.299671 
0.345862 0.760694 0.250909 
0.365997 0.751592 0.230013 
0.440461 0.682573 0.154367 
0.474783 0.625538 0.122033 
0.433853 0.691454 0.160852 
0.345783 0.760723 0.250990 
0.226652 0.754558 0.373324 
0.068643 0.469837 0.553201 
0.078081 0.509884 0.539530 
0.171676 0.713107 0.430019 
0.391224 0.735101 0.203941 
0.405499 0.722904 0.189324 
0.241322 0.760768 0.358370 
0.175293 0.716914 0.426223 
0.039480 0.302504 0.604285 
0.044023 0.333551 0.595023 
0.036858 0.283690 0.609968 
0.022052 0.166315 0.649320 
0.070626 0.478739 0.550249 
0.201398 0.739502 0.399165 
0.240281 0.760384 0.359431 
0.129710 0.652650 0.475548 
0.085879 0.538893 0.528867 
0.223598 0.753043 0.376440 
0.441020 0.681794 0.153822 
0.570647 0.365485 0.051105 
0.571690 0.362138 0.050533 
0.437648 0.686430 0.157118 
0.201228 0.739380 0.399340 
0.096016 0.571885 0.515678 
0.143516 0.676345 0.460193 
0.216573 0.749252 0.383615 
0.298213 0.770046 0.300183 
0.311046 0.769095 0.286959 
0.385714 0.739229 0.209615 
0.448839 0.670387 0.146250 
0.338975 0.763062 0.258054 
0.059864 0.426992 0.566881 
0.049897 0.370810 0.583942 
0.261250 0.766582 0.338050 
0.364319 0.752481 0.231754 
0.433828 0.691486 0.160876 
0.430126 0.696189 0.164538 
0.505256 0.557962 0.095877 
0.538595 0.465990 0.070912 
0.299494 0.770001 0.298865 
0.082360 0.526223 0.533617 
0.085084 0.536089 0.529931 
0.118617 0.630133 0.488269 
0.107387 0.603523 0.501597 
0.155902 0.694202 0.446765 
0.332855 0.764865 0.264400 
0.453982 0.662372 0.141334 
0.456503 0.658289 0.138943 
0.413264 0.715298 0.181439 
0.377739 0.744670 0.217852 
0.306404 0.769568 0.291747 
0.370237 0.749237 0.225618 
0.527915 0.497282 0.078448 
0.584513 0.321139 0.043871 
0.552405 0.423563 0.061852 
0.464876 0.643987 0.131100 
0.449895 0.668775 0.145237 
0.497359 0.577063 0.102379 
0.487662 0.598996 0.110637 
0.431787 0.694103 0.162893 
0.454444 0.661630 0.140894 
0.399976 0.727889 0.194963 
0.148034 0.683199 0.455262 
0.077692 0.508345 0.540076 
0.192477 0.732678 0.408356 
0.375769 0.745920 0.219890 
0.365530 0.751842 0.230498 
0.288329 0.770022 0.310339 
0.228114 0.755255 0.371833 
0.190593 0.731123 0.410304 
0.160029 0.699533 0.442350 
0.099126 0.581060 0.511759 
0.111181 0.612987 0.497036 
0.205660 0.742468 0.394788 
0.299697 0.769993 0.298656 
0.309321 0.769288 0.288740 
0.206622 0.743112 0.393801 
0.076766 0.504644 0.541381 
0.107922 0.604890 0.500949 
0.186724 0.727804 0.414311 
0.173175 0.714707 0.428444 
0.066811 0.461372 0.555969 
0.073346 0.490516 0.546272 
0.358422 0.755411 0.237872 
0.398329 0.729309 0.196648 
0.363351 0.752982 0.232757 
0.605046 0.257808 0.034606 
0.698129 0.067013 0.010444 
0.685257 0.082748 0.012425 
0.724436 0.043084 0.007297 
0.675246 0.097142 0.014205 
0.508009 0.551046 0.093661 
0.286205 0.769931 0.312520 
0.042520 0.323493 0.598014 
0.021858 0.164677 0.649959 
0.051204 0.378675 0.581590 
0.077956 0.509391 0.539705 
0.215450 0.748606 0.384762 
0.207095 0.743425 0.393317 
0.148755 0.684256 0.454478 
0.321363 0.767513 0.276300 
0.398917 0.728806 0.196046 
0.248392 0.763164 0.351164 
0.052294 0.385111 0.579659 
0.061903 0.437468 0.563606 
