0.454726 0.586195 0.164967 
0.490584 0.556049 0.150570 
0.170580 0.789479 0.270047 
0.352698 0.631391 0.217194 
0.484448 0.533530 0.267768 
0.472251 0.568719 0.365375 
0.324926 0.704919 0.149268 
0.109010 0.776193 0.382178 
0.212805 0.652079 0.442038 
0.203892 0.632612 0.476200 
0.246670 0.651441 0.413880 
0.263526 0.662269 0.372155 
0.233210 0.626359 0.472316 
0.237993 0.724790 0.253035 
0.446699 0.581057 0.194152 
0.286886 0.674144 0.252355 
0.398660 0.597473 0.198201 
0.461965 0.535688 0.206757 
0.584596 0.452067 0.211527 
0.507698 0.499379 0.218890 
0.217638 0.615641 0.423009 
0.150263 0.650500 0.450866 
0.163521 0.628893 0.461890 
0.187120 0.713809 0.340350 
0.344754 0.675163 0.161815 
0.455729 0.558068 0.165905 
0.491371 0.520065 0.170854 
0.384098 0.641961 0.148017 
0.353355 0.671803 0.153428 
0.489616 0.518105 0.180599 
0.590133 0.481529 0.242075 
0.565391 0.522077 0.290535 
0.548988 0.532079 0.304030 
0.464966 0.550524 0.337438 
0.114126 0.723685 0.434166 
0.193508 0.563107 0.557944 
0.212839 0.549567 0.574885 
0.215939 0.608246 0.515997 
0.313838 0.641123 0.370960 
0.315914 0.655869 0.320863 
0.210757 0.618936 0.500470 
0.331232 0.662662 0.235282 
0.467953 0.571263 0.174092 
0.253283 0.648984 0.387836 
0.258288 0.650957 0.377070 
0.524032 0.532930 0.154968 
0.564538 0.522327 0.165637 
0.570073 0.534824 0.182607 
0.487526 0.532397 0.159160 
0.590822 0.481562 0.132335 
0.446769 0.591185 0.138667 
0.575521 0.491064 0.138718 
0.473959 0.556567 0.184371 
0.367740 0.657433 0.150603 
0.478634 0.530929 0.166971 
0.362251 0.629284 0.196771 
0.427943 0.571717 0.232962 
0.258299 0.623667 0.454126 
0.241649 0.605429 0.501856 
0.400441 0.619074 0.156171 
0.591631 0.425124 0.196658 
0.486263 0.514407 0.189134 
0.345347 0.615546 0.249735 
0.440435 0.553973 0.203880 
0.519140 0.492021 0.193650 
0.263590 0.733051 0.199866 
0.165288 0.672414 0.452294 
0.211383 0.641598 0.453392 
0.245958 0.647097 0.415632 
0.347072 0.642338 0.269362 
0.567652 0.449407 0.197478 
0.568309 0.536963 0.308682 
0.590990 0.515539 0.283100 
0.517117 0.540678 0.322648 
0.157924 0.676725 0.419843 
0.309850 0.564338 0.481186 
0.497679 0.562947 0.355371 
0.528986 0.550889 0.333766 
0.331712 0.574720 0.460041 
0.389139 0.593016 0.435420 
0.561975 0.566957 0.337878 
0.393161 0.595608 0.433402 
0.224934 0.472649 0.598742 
0.162999 0.520668 0.555566 
0.207133 0.552579 0.491519 
0.234172 0.565080 0.465165 
0.256603 0.541317 0.496987 
0.207895 0.572142 0.469056 
0.267186 0.567606 0.452222 
0.427378 0.580557 0.456631 
0.414044 0.590651 0.422245 
0.373654 0.590072 0.438320 
0.328200 0.577248 0.470028 
0.115929 0.661418 0.473008 
0.132304 0.661691 0.485228 
0.151329 0.670982 0.456941 
0.180468 0.695608 0.376425 
0.440857 0.583617 0.410946 
0.497254 0.568101 0.367230 
0.571369 0.529589 0.300569 
0.550801 0.487380 0.229830 
0.103949 0.695329 0.470617 
0.115389 0.628304 0.511298 
0.229331 0.525168 0.522348 
0.199442 0.728439 0.301168 
0.126053 0.570928 0.536708 
0.124390 0.585374 0.529089 
0.124171 0.617879 0.509141 
0.134379 0.599259 0.512964 
0.296133 0.609548 0.471042 
0.342574 0.628008 0.316037 
0.403498 0.601068 0.186056 
0.485560 0.561233 0.193756 
0.341034 0.644650 0.278515 
0.340188 0.647338 0.278648 
0.280976 0.651347 0.377980 
0.434919 0.593998 0.192129 
0.392609 0.604665 0.192516 
0.508217 0.534582 0.157011 
0.343209 0.631654 0.275501 
0.299634 0.643843 0.327038 
0.216981 0.619803 0.494676 
0.230529 0.586105 0.539948 
0.247178 0.658392 0.410073 
0.485438 0.561324 0.184308 
0.496569 0.550644 0.170851 
0.356085 0.662976 0.162533 
0.385375 0.640492 0.150352 
0.394661 0.607917 0.199363 
0.450098 0.575724 0.145540 
0.534620 0.481069 0.165582 
0.552648 0.456007 0.187223 
0.463493 0.537858 0.179977 
0.438200 0.560300 0.187656 
0.579798 0.488697 0.245029 
0.186768 0.791247 0.237795 
0.260620 0.629459 0.359105 
0.386241 0.596615 0.227337 
0.129568 0.756252 0.374408 
0.245726 0.648104 0.418470 
0.162324 0.721936 0.362486 
0.541714 0.534026 0.309498 
0.512505 0.536512 0.320150 
0.112315 0.780932 0.379373 
0.235594 0.637217 0.444245 
0.249501 0.677466 0.336780 
0.423544 0.589443 0.167098 
0.428411 0.575211 0.177512 
0.255403 0.735703 0.210551 
0.297740 0.650571 0.344523 
0.262749 0.633491 0.425016 
0.226291 0.625400 0.472407 
0.276411 0.705091 0.242009 
0.471489 0.550017 0.150717 
0.495219 0.518821 0.160915 
0.422071 0.588956 0.164553 
0.430365 0.570741 0.180567 
0.567793 0.456235 0.196775 
0.591110 0.468483 0.232572 
0.397851 0.607870 0.177239 
0.125755 0.773544 0.362293 
0.334414 0.577173 0.450187 
0.579322 0.517373 0.285133 
0.527138 0.532484 0.306621 
0.163051 0.679941 0.405838 
0.207152 0.661787 0.377331 
0.153400 0.729520 0.367640 
0.220772 0.648429 0.434479 
0.259994 0.672798 0.329883 
0.324322 0.646318 0.315242 
0.237098 0.653644 0.420734 
0.207284 0.792332 0.204024 
0.457066 0.559095 0.158597 
0.415231 0.597748 0.164118 
0.287906 0.668470 0.319386 
0.174070 0.781842 0.272378 
0.436248 0.602371 0.179047 
0.181174 0.800550 0.235477 
0.578751 0.507208 0.274990 
0.504908 0.498764 0.194309 
0.539316 0.481577 0.212361 
0.585872 0.458215 0.204453 
0.533018 0.538338 0.312912 
0.481906 0.556769 0.352614 
0.133087 0.749492 0.394697 
0.303076 0.561639 0.488787 
0.491744 0.546903 0.340043 
0.146906 0.691993 0.450647 
0.218044 0.635165 0.471853 
0.228673 0.603421 0.514773 
0.226996 0.598790 0.520001 
0.222764 0.589052 0.534532 
0.238311 0.593648 0.529956 
0.240061 0.615186 0.498860 
0.321631 0.666309 0.209747 
0.531803 0.481869 0.205135 
0.510551 0.519423 0.174379 
0.416749 0.579922 0.259072 
0.482548 0.561060 0.244022 
0.503377 0.514050 0.191974 
0.536971 0.480836 0.200888 
0.545145 0.514464 0.195683 
0.292173 0.612759 0.463178 
0.294424 0.615756 0.462279 
0.290014 0.620802 0.452903 
0.452560 0.564746 0.182789 
0.590737 0.434249 0.192114 
0.602100 0.419282 0.194034 
0.568299 0.441492 0.190717 
0.447916 0.548025 0.192339 
0.522838 0.559325 0.344471 
0.535889 0.547667 0.327791 
0.149026 0.623052 0.483218 
0.198108 0.593897 0.455217 
0.139507 0.706879 0.407789 
0.125527 0.605811 0.520123 
0.119366 0.645566 0.506997 
0.149435 0.687999 0.413518 
0.248970 0.684786 0.297499 
0.202849 0.760557 0.255913 
0.322608 0.651173 0.289779 
0.237111 0.632026 0.448663 
0.223770 0.572204 0.538057 
0.146145 0.695910 0.428354 
0.488653 0.526359 0.160382 
0.595999 0.427924 0.196119 
0.588761 0.435826 0.192899 
0.529095 0.539752 0.317907 
0.463965 0.566251 0.364637 
0.327851 0.570605 0.463105 
0.314073 0.569061 0.471389 
0.384463 0.586195 0.438300 
0.492000 0.566694 0.352678 
0.570750 0.524749 0.294258 
0.424441 0.574532 0.395781 
0.221538 0.494934 0.572654 
0.170588 0.519969 0.545620 
0.226772 0.615503 0.410884 
0.196998 0.713183 0.333839 
0.191679 0.700820 0.351585 
0.161030 0.732302 0.355865 
0.142194 0.736527 0.375538 
0.182430 0.736330 0.319627 
0.119633 0.761140 0.386125 
0.238934 0.635654 0.453058 
0.275177 0.623060 0.448214 
0.318968 0.652667 0.316647 
0.280010 0.731356 0.181789 
0.357991 0.661593 0.160925 
0.563958 0.508091 0.260775 
0.564188 0.525174 0.293919 
0.551501 0.497914 0.263176 
0.245910 0.682186 0.306874 
0.400937 0.578608 0.395690 
0.473743 0.547627 0.323723 
0.121886 0.699178 0.444399 
0.209104 0.624502 0.490842 
0.127487 0.718202 0.410614 
0.224509 0.753683 0.244086 
0.167813 0.776265 0.301041 
0.280339 0.661421 0.361453 
0.291502 0.664103 0.325903 
0.424861 0.603080 0.195557 
0.278532 0.657350 0.339592 
0.268509 0.733267 0.193778 
0.458017 0.548422 0.177678 
0.513415 0.495091 0.179048 
0.428571 0.592398 0.150663 
0.357983 0.668358 0.150341 
0.326516 0.710940 0.140061 
0.322413 0.702369 0.156162 
0.322383 0.699192 0.160177 
0.465765 0.539142 0.218608 
0.573393 0.512038 0.273282 
0.457375 0.547423 0.193504 
0.177007 0.753781 0.310271 
0.311203 0.648637 0.257949 
0.277807 0.738205 0.176646 
0.233399 0.773084 0.189655 
0.311786 0.715544 0.153524 
0.315923 0.668200 0.264193 
0.250072 0.682464 0.350502 
0.286579 0.742715 0.154302 
0.462124 0.554752 0.159969 
0.491596 0.521175 0.175269 
0.552002 0.474552 0.196055 
0.402885 0.611387 0.164835 
0.326271 0.660522 0.270436 
0.225559 0.749535 0.251978 
0.534003 0.508664 0.234266 
0.360449 0.674371 0.140354 
0.280988 0.741681 0.162964 
0.344877 0.688203 0.142973 
0.468774 0.564107 0.352423 
0.540117 0.536905 0.306382 
0.544833 0.536980 0.299679 
0.526520 0.545867 0.312146 
0.435194 0.571602 0.378730 
0.413922 0.577840 0.394401 
0.516410 0.553644 0.337205 
0.540042 0.543178 0.318986 
0.351292 0.578774 0.440345 
0.344144 0.582864 0.458597 
0.354401 0.577992 0.434557 
0.313754 0.562270 0.492433 
0.357392 0.583177 0.478210 
0.358294 0.585915 0.460721 
0.309639 0.563158 0.486883 
0.317712 0.562727 0.495972 
0.366548 0.588205 0.467495 
0.402723 0.595859 0.434394 
0.462947 0.584659 0.396913 
0.339722 0.583414 0.458664 
0.275099 0.491534 0.612763 
0.132818 0.471209 0.630684 
0.143005 0.457199 0.643973 
0.139516 0.488895 0.622337 
0.209616 0.645176 0.416318 
0.344537 0.569756 0.358995 
0.424467 0.547454 0.245995 
0.452290 0.533583 0.245516 
0.443885 0.545066 0.230209 
0.252447 0.737710 0.211946 
0.105992 0.798010 0.369495 
0.321419 0.602797 0.338361 
0.408043 0.566915 0.331288 
0.133257 0.778645 0.343836 
0.292717 0.584679 0.429524 
0.398305 0.587861 0.428558 
0.287442 0.649472 0.292638 
0.330019 0.578617 0.453284 
0.402471 0.588231 0.423989 
0.466615 0.587532 0.392593 
0.488827 0.519568 0.200180 
0.227245 0.589135 0.434346 
0.312601 0.583391 0.400735 
0.150335 0.636879 0.451542 
0.119091 0.627064 0.506145 
0.170972 0.575990 0.494210 
0.184022 0.741771 0.308296 
0.338940 0.581452 0.436010 
0.408899 0.583619 0.412088 
0.345081 0.579269 0.406258 
0.121020 0.671608 0.454775 
0.122110 0.643538 0.480268 
0.139220 0.664363 0.441145 
0.342741 0.581781 0.444193 
0.342782 0.582856 0.456418 
0.344271 0.584301 0.457116 
0.337880 0.582066 0.447543 
0.343129 0.586725 0.460487 
0.370902 0.598198 0.447502 
0.291123 0.611292 0.352115 
0.337798 0.583165 0.465505 
0.300241 0.598681 0.366699 
0.311399 0.566636 0.484767 
0.245494 0.564958 0.457806 
0.290433 0.557041 0.489831 
0.340880 0.580109 0.447011 
0.140730 0.743433 0.374837 
0.239723 0.620977 0.477170 
0.242346 0.638504 0.446703 
0.253790 0.658317 0.399143 
0.223021 0.764790 0.221218 
0.456645 0.579053 0.181137 
0.453746 0.583328 0.186239 
0.442781 0.587608 0.188959 
0.284701 0.675707 0.253780 
0.312147 0.662561 0.230688 
0.302643 0.659950 0.251660 
0.268399 0.707922 0.230535 
0.323290 0.654380 0.229542 
0.449721 0.577689 0.383356 
0.434496 0.581360 0.397235 
0.416932 0.581496 0.404642 
0.376308 0.576520 0.410513 
0.109420 0.749075 0.406050 
0.121224 0.704583 0.428971 
0.125696 0.727160 0.410125 
0.136607 0.717340 0.402816 
0.375410 0.632845 0.255701 
0.356312 0.609862 0.260080 
0.431714 0.570006 0.199762 
0.482365 0.528725 0.212246 
0.509835 0.551487 0.325052 
0.522900 0.544482 0.318344 
0.464158 0.562862 0.361388 
0.456385 0.568929 0.372605 
0.505679 0.558216 0.347331 
0.486832 0.561088 0.351674 
0.388408 0.587588 0.428861 
0.302204 0.564002 0.469848 
0.329030 0.569935 0.488909 
0.344934 0.581704 0.474800 
0.345269 0.580135 0.479147 
0.355740 0.588815 0.451756 
0.398158 0.596805 0.431620 
0.237102 0.653996 0.349481 
0.190707 0.619005 0.436665 
0.264447 0.590474 0.422840 
0.230796 0.622535 0.408707 
0.250153 0.616279 0.404879 
0.362536 0.592915 0.433805 
0.317751 0.583139 0.436510 
0.118306 0.652978 0.483545 
0.240533 0.530394 0.524578 
0.358562 0.589717 0.427696 
0.396446 0.594566 0.398137 
0.372489 0.596166 0.405651 
0.358581 0.602720 0.415105 
0.393747 0.611976 0.401949 
0.394429 0.594689 0.399447 
0.404987 0.592381 0.392832 
0.397081 0.594394 0.398963 
0.221232 0.604348 0.432181 
0.119707 0.625021 0.511274 
0.118280 0.651099 0.495480 
0.152519 0.701451 0.404974 
0.390129 0.585819 0.415423 
0.405133 0.583692 0.409259 
0.412403 0.582216 0.403392 
0.435236 0.579793 0.385864 
0.359998 0.582196 0.419795 
0.345251 0.582118 0.433739 
0.450789 0.578258 0.384493 
0.469958 0.572968 0.372258 
0.473592 0.576995 0.378726 
0.414264 0.589689 0.424871 
0.315123 0.565199 0.489343 
0.337160 0.569510 0.497754 
0.255461 0.532715 0.518249 
0.173270 0.455393 0.595044 
0.268134 0.515313 0.557615 
0.324474 0.569312 0.486764 
0.354955 0.586251 0.446168 
0.400054 0.591676 0.430727 
0.322609 0.583596 0.395113 
0.126135 0.540390 0.562815 
0.213326 0.504399 0.547408 
0.143708 0.659335 0.441268 
0.119975 0.625369 0.523678 
0.139812 0.637495 0.470461 
0.408008 0.570377 0.377856 
0.385404 0.572205 0.385071 
0.364405 0.583177 0.437872 
0.428590 0.582614 0.411278 
0.392810 0.575983 0.409055 
0.114591 0.726415 0.419591 
0.145371 0.628747 0.471450 
0.140063 0.696439 0.433194 
0.137557 0.700216 0.434658 
0.260347 0.719017 0.228919 
0.233036 0.762474 0.209609 
0.236211 0.696336 0.337330 
0.250523 0.642371 0.441584 
0.274729 0.603376 0.513575 
0.130655 0.756356 0.374015 
0.325557 0.684310 0.179751 
0.275580 0.721173 0.199443 
0.402574 0.592035 0.199562 
0.372894 0.619584 0.203750 
0.267370 0.706353 0.234344 
0.418610 0.577798 0.397432 
0.526422 0.543778 0.322351 
0.473606 0.564123 0.371297 
0.407412 0.577601 0.436964 
0.418395 0.580572 0.415589 
0.421843 0.583401 0.412435 
0.335856 0.578725 0.469273 
0.270393 0.541844 0.508004 
0.196409 0.518486 0.531546 
0.231503 0.533130 0.514086 
0.254265 0.561865 0.472132 
0.234886 0.574692 0.452650 
0.208624 0.616980 0.415207 
0.353587 0.631376 0.367324 
0.168638 0.755182 0.314875 
0.403927 0.580908 0.222877 
0.303199 0.701887 0.187736 
0.216394 0.696821 0.363837 
0.272989 0.711126 0.244523 
0.440347 0.601673 0.208602 
0.360600 0.584996 0.421551 
0.392750 0.576133 0.287824 
0.171658 0.788430 0.268679 
0.215413 0.776797 0.212313 
0.340565 0.668664 0.179992 
0.472345 0.562941 0.330494 
0.464617 0.561950 0.337669 
0.218771 0.785424 0.195075 
0.261438 0.634138 0.463080 
0.286768 0.632371 0.436905 
0.378126 0.632859 0.321204 
0.324741 0.650354 0.327956 
0.460537 0.582292 0.200748 
0.528736 0.538359 0.171209 
0.556338 0.549769 0.201560 
0.316489 0.707879 0.158051 
0.495791 0.525768 0.151839 
0.413537 0.607262 0.151680 
0.387985 0.636417 0.149392 
0.470201 0.559108 0.138446 
0.470961 0.554406 0.146367 
0.532949 0.550907 0.302522 
0.465393 0.536906 0.224834 
0.409779 0.577423 0.399587 
0.334290 0.661690 0.197407 
0.140893 0.790003 0.325229 
0.158727 0.784789 0.301853 
0.327703 0.682302 0.177553 
0.479549 0.577107 0.177934 
0.359846 0.636335 0.408380 
0.440996 0.623491 0.287123 
0.462036 0.620718 0.286202 
0.353207 0.637403 0.419468 
0.530687 0.561424 0.197394 
0.528004 0.514327 0.139882 
0.592926 0.504356 0.270370 
0.618844 0.486652 0.249681 
0.548924 0.469825 0.200388 
0.189920 0.767281 0.269109 
0.210529 0.641329 0.459231 
0.146525 0.751311 0.368341 
0.494671 0.516199 0.188535 
0.571663 0.516974 0.286268 
0.555400 0.528168 0.300392 
0.502283 0.533079 0.311242 
0.238421 0.536259 0.506504 
0.305248 0.562974 0.479375 
0.374827 0.579794 0.456430 
0.308197 0.561668 0.481038 
0.152207 0.589374 0.503258 
0.267351 0.560542 0.467976 
0.403561 0.567310 0.398815 
0.397784 0.584430 0.421337 
0.380515 0.588769 0.432462 
0.237158 0.672838 0.321907 
0.123131 0.750549 0.405536 
0.140558 0.737591 0.400105 
0.218370 0.707813 0.301790 
0.238031 0.756730 0.221277 
0.322450 0.586165 0.409226 
0.467727 0.571518 0.362234 
0.416963 0.578900 0.394104 
0.230783 0.725720 0.262020 
0.268697 0.631799 0.342864 
0.367203 0.586212 0.416583 
0.355647 0.580568 0.369393 
0.130077 0.763778 0.354287 
0.197522 0.662499 0.430775 
0.148505 0.751534 0.350885 
0.329329 0.659137 0.251983 
0.292324 0.674912 0.284409 
0.223930 0.767223 0.216279 
0.298079 0.701242 0.195658 
0.334665 0.664833 0.193834 
0.293501 0.716708 0.179505 
0.394752 0.603277 0.204383 
0.343950 0.654028 0.195875 
0.395204 0.578819 0.402883 
0.467358 0.568828 0.358385 
0.401364 0.578421 0.394534 
0.387330 0.592959 0.432686 
0.423355 0.605414 0.425957 
0.427396 0.606820 0.426070 
0.366537 0.597134 0.443749 
0.150971 0.583166 0.508562 
0.303847 0.560562 0.491236 
0.197371 0.705214 0.332145 
0.109501 0.717439 0.442047 
0.214663 0.631827 0.468020 
0.235229 0.621943 0.477137 
0.262252 0.675992 0.336764 
0.376263 0.634200 0.220261 
0.253805 0.666311 0.380585 
0.183397 0.774501 0.271919 
0.336381 0.654026 0.206224 
0.265213 0.715915 0.223284 
0.177150 0.786943 0.262585 
0.219642 0.637436 0.469309 
0.252054 0.634796 0.447842 
0.317301 0.657811 0.303259 
0.267448 0.668367 0.348136 
0.258494 0.731214 0.211614 
0.456271 0.576639 0.161511 
0.375267 0.629181 0.211897 
0.429972 0.593736 0.192428 
0.362079 0.641230 0.229011 
0.375623 0.645467 0.168521 
0.496087 0.547038 0.151888 
0.336480 0.644353 0.261204 
0.238474 0.674065 0.388361 
0.287064 0.725062 0.177456 
0.436781 0.588720 0.150604 
0.421056 0.577171 0.220285 
0.480551 0.536609 0.162128 
0.581437 0.433785 0.196282 
0.450411 0.547523 0.187704 
0.384840 0.610624 0.191034 
0.376736 0.634934 0.167572 
0.480678 0.558114 0.362540 
0.532051 0.543048 0.325033 
0.481925 0.522297 0.247281 
0.331079 0.574876 0.425998 
0.242704 0.645611 0.354151 
0.325597 0.572075 0.474187 
0.382860 0.583475 0.426885 
0.413822 0.581921 0.408655 
0.372696 0.573505 0.394051 
0.313277 0.566954 0.476204 
0.290719 0.559002 0.477288 
0.250578 0.519204 0.538460 
0.341293 0.580194 0.472186 
0.423266 0.594823 0.427519 
0.230915 0.615411 0.406669 
0.122862 0.628135 0.510118 
0.119430 0.660202 0.486197 
0.159418 0.652088 0.472512 
0.208568 0.600729 0.523686 
0.226738 0.531619 0.595678 
0.349685 0.541902 0.414397 
0.553851 0.451873 0.238069 
0.395088 0.609502 0.184128 
0.464158 0.537324 0.208607 
0.655687 0.455717 0.218233 
0.535012 0.525388 0.306290 
0.474135 0.545748 0.361059 
0.594070 0.520353 0.287181 
0.433445 0.582241 0.401912 
0.345108 0.579474 0.451346 
0.273274 0.565211 0.452345 
0.293216 0.553946 0.492160 
0.294339 0.552234 0.498443 
0.310008 0.561766 0.492228 
0.449123 0.597925 0.430376 
0.512191 0.576785 0.366964 
0.344872 0.573596 0.425972 
0.128625 0.641881 0.481014 
0.332297 0.576695 0.470850 
0.439014 0.581246 0.395611 
0.383588 0.587910 0.429409 
0.344422 0.584023 0.452216 
0.126913 0.626192 0.493883 
0.117937 0.636202 0.491567 
0.223374 0.515107 0.532318 
0.344050 0.586120 0.455520 
0.394760 0.590927 0.426967 
0.296110 0.577306 0.426512 
0.121178 0.566953 0.549047 
0.242562 0.516473 0.538405 
0.387817 0.583101 0.424081 
0.246363 0.636483 0.360708 
0.117329 0.689792 0.451698 
0.109471 0.692922 0.463730 
0.220861 0.625617 0.477881 
0.158606 0.766158 0.317984 
0.291324 0.701000 0.211128 
0.296965 0.658529 0.323854 
0.330012 0.652801 0.275596 
0.284969 0.668472 0.326363 
0.396731 0.620708 0.240470 
0.432807 0.599928 0.202327 
0.269007 0.726921 0.201860 
0.487502 0.508745 0.244538 
0.346479 0.633023 0.224405 
0.168220 0.770365 0.301922 
0.181242 0.780710 0.266004 
0.243557 0.758155 0.197436 
0.300714 0.716788 0.169681 
0.321646 0.694860 0.177443 
0.427533 0.569461 0.214536 
0.555972 0.527054 0.297254 
0.555568 0.528005 0.298573 
0.483310 0.557513 0.357815 
0.356486 0.578872 0.332321 
0.360865 0.583563 0.440771 
0.512760 0.560307 0.348192 
0.575160 0.527697 0.299754 
0.597080 0.519509 0.286537 
0.356437 0.574623 0.358894 
0.272350 0.519914 0.554033 
0.387847 0.586376 0.452850 
0.397397 0.589273 0.453278 
0.451384 0.586534 0.413095 
0.484268 0.577074 0.386636 
0.413318 0.587153 0.430525 
0.368187 0.582131 0.465965 
0.298808 0.554309 0.501227 
0.210922 0.478762 0.585761 
0.300616 0.555096 0.501541 
0.350533 0.575621 0.482587 
0.436660 0.590328 0.435911 
0.351623 0.581418 0.424568 
0.293406 0.545944 0.516072 
0.294338 0.549715 0.508997 
0.140332 0.491225 0.587341 
0.229476 0.498083 0.560917 
0.136251 0.636137 0.481867 
0.129282 0.639172 0.488346 
0.205005 0.641987 0.415692 
0.339139 0.619076 0.271175 
0.222946 0.743559 0.249221 
0.224566 0.663549 0.417385 
0.225905 0.645604 0.449945 
0.214913 0.764068 0.233403 
0.394315 0.598051 0.204011 
0.477709 0.573747 0.384041 
0.394154 0.578910 0.415810 
0.314065 0.568911 0.437526 
0.106096 0.787350 0.380498 
0.107716 0.677496 0.487510 
0.118957 0.732533 0.416561 
0.259485 0.701616 0.253622 
0.428131 0.554711 0.233951 
0.319011 0.660589 0.224636 
0.341041 0.618622 0.263793 
0.443444 0.542922 0.257328 
0.430657 0.596442 0.202479 
0.222799 0.612143 0.506002 
0.190874 0.675193 0.419292 
0.419882 0.596083 0.170169 
0.467159 0.561117 0.162784 
0.464715 0.554622 0.177365 
0.230337 0.745366 0.242186 
0.361933 0.594497 0.314345 
0.338215 0.669738 0.181142 
0.244828 0.678338 0.353909 
0.259104 0.610150 0.504530 
0.265220 0.623594 0.477955 
0.274238 0.630776 0.449650 
0.233522 0.623671 0.481025 
0.247360 0.642793 0.421293 
0.412277 0.606014 0.190770 
0.473498 0.563861 0.159448 
0.380076 0.617659 0.228590 
0.404616 0.597360 0.242015 
0.467251 0.568734 0.237126 
0.431906 0.584744 0.247558 
0.452844 0.579118 0.152650 
0.503883 0.506929 0.171925 
0.563571 0.452997 0.196567 
0.510994 0.493724 0.201479 
0.473059 0.514657 0.265677 
0.442941 0.578218 0.399411 
0.476352 0.582175 0.384287 
0.413520 0.591490 0.423930 
0.380945 0.589030 0.437835 
0.436207 0.589935 0.410423 
0.357605 0.577851 0.436930 
0.120284 0.682977 0.461122 
0.172593 0.710674 0.364457 
0.297874 0.622869 0.325027 
0.434581 0.580235 0.396750 
0.340729 0.635559 0.230120 
0.325294 0.576269 0.410536 
0.195640 0.744128 0.289104 
0.179813 0.743671 0.314282 
0.272144 0.685471 0.294443 
0.218948 0.626714 0.481022 
0.218001 0.629270 0.479635 
0.212890 0.791893 0.199636 
0.310540 0.720943 0.150877 
0.267868 0.745712 0.180133 
0.299710 0.674041 0.275926 
0.203893 0.606314 0.519757 
0.281023 0.670045 0.344626 
0.476196 0.583308 0.194210 
0.327878 0.641565 0.345289 
0.295475 0.593157 0.531224 
0.350172 0.637416 0.411036 
0.510524 0.498402 0.193568 
0.575876 0.500371 0.146073 
0.565238 0.517982 0.160798 
0.541906 0.461762 0.199467 
0.583964 0.430230 0.188380 
0.640545 0.468152 0.226236 
0.663204 0.448441 0.207877 
0.519334 0.540020 0.320836 
0.376024 0.550936 0.501021 
0.171412 0.547603 0.525470 
0.118354 0.628626 0.520765 
0.143674 0.722685 0.390489 
0.168884 0.736152 0.341989 
0.113967 0.635544 0.523218 
0.204795 0.700329 0.328483 
0.239827 0.734959 0.233828 
0.171925 0.744299 0.321184 
0.500535 0.517129 0.167428 
0.503800 0.509859 0.166275 
0.453728 0.588051 0.158701 
0.208914 0.611439 0.507490 
0.326374 0.645709 0.371674 
