0.267480 0.617003 0.277129 
0.267480 0.617003 0.277129 
0.239095 0.612837 0.308435 
0.377667 0.569772 0.170417 
0.389394 0.557873 0.160885 
0.381221 0.566314 0.167484 
0.282493 0.616701 0.261092 
0.191938 0.590906 0.362849 
0.175701 0.577916 0.382192 
0.130473 0.517756 0.438033 
0.125139 0.507161 0.444932 
0.157742 0.559088 0.403956 
0.160905 0.562800 0.400092 
0.270461 0.617081 0.273915 
0.243215 0.613831 0.303816 
0.247073 0.614640 0.299514 
0.265844 0.616931 0.278900 
0.260449 0.616550 0.284769 
0.401961 0.543583 0.151146 
0.271707 0.617093 0.272575 
0.133208 0.522810 0.434535 
0.132132 0.520851 0.435908 
0.142433 0.538202 0.422888 
0.207030 0.600221 0.345141 
0.307988 0.612114 0.234798 
0.356259 0.587845 0.188863 
0.383395 0.564135 0.165709 
0.279146 0.616919 0.264634 
0.237569 0.612435 0.310151 
0.323873 0.606503 0.219081 
0.379856 0.567657 0.168606 
0.415033 0.527109 0.141551 
0.403113 0.542194 0.150278 
0.283855 0.616588 0.259657 
0.140209 0.534708 0.425677 
0.063259 0.190139 0.596685 
0.060375 0.138591 0.657057 
0.086953 0.385098 0.501751 
0.312618 0.610705 0.230161 
0.269720 0.617068 0.274712 
0.090660 0.402433 0.495010 
0.237820 0.612502 0.309868 
0.290443 0.615832 0.252761 
0.087424 0.387404 0.500863 
0.090819 0.403137 0.494732 
0.327788 0.604776 0.215293 
0.306443 0.612543 0.236355 
0.286266 0.616351 0.257124 
0.466360 0.449709 0.109171 
0.322529 0.607064 0.220390 
0.277044 0.617012 0.266869 
0.250898 0.615327 0.295271 
0.149692 0.548750 0.413860 
0.251636 0.615447 0.294454 
0.344744 0.595641 0.199307 
0.184450 0.585332 0.371733 
0.105286 0.456651 0.472003 
0.089944 0.399225 0.496270 
0.074591 0.309934 0.530859 
0.313274 0.610491 0.229508 
0.532058 0.337677 0.078533 
0.297019 0.614733 0.245957 
0.145644 0.543023 0.418882 
0.255875 0.616052 0.289781 
0.361741 0.583665 0.184016 
0.256672 0.616150 0.288904 
0.111228 0.473952 0.463587 
0.116723 0.488159 0.456076 
0.139812 0.534071 0.426176 
0.260585 0.616562 0.284620 
0.471220 0.441633 0.106523 
0.485285 0.417861 0.099230 
0.505878 0.382472 0.089486 
0.343674 0.596299 0.200294 
0.142463 0.538248 0.422851 
0.236759 0.612213 0.311064 
0.421193 0.518815 0.137223 
0.462574 0.455939 0.111282 
0.295313 0.615052 0.247714 
0.369388 0.577320 0.177395 
0.644395 0.178127 0.045621 
0.372260 0.574782 0.174952 
0.102161 0.446605 0.476592 
0.106831 0.461364 0.469780 
0.214954 0.604190 0.335950 
0.267188 0.616991 0.277445 
0.259884 0.616497 0.285386 
0.257062 0.616196 0.288477 
0.357806 0.586696 0.187487 
0.540511 0.323493 0.075304 
0.448458 0.478581 0.119530 
0.395379 0.551262 0.156184 
0.291394 0.615694 0.251772 
0.177370 0.579411 0.380190 
0.174904 0.577188 0.383149 
0.241996 0.613551 0.305181 
0.340616 0.598118 0.203134 
0.444176 0.485236 0.122152 
0.480964 0.425217 0.101413 
0.543874 0.317908 0.074058 
0.358532 0.586149 0.186844 
0.128160 0.513286 0.441012 
0.154880 0.555563 0.407466 
0.262980 0.616756 0.282009 
0.270051 0.617074 0.274355 
0.157969 0.559360 0.403678 
0.158001 0.559399 0.403639 
0.153701 0.554065 0.408914 
0.145720 0.543134 0.418787 
0.169931 0.572434 0.389140 
0.260877 0.616588 0.284301 
0.382414 0.565125 0.166509 
0.275369 0.617061 0.268654 
0.198693 0.595375 0.354891 
0.231175 0.610543 0.317378 
0.197554 0.594657 0.356229 
0.264909 0.616881 0.279914 
0.414875 0.527317 0.141664 
0.341190 0.597784 0.202600 
0.137062 0.529536 0.429642 
0.109434 0.468957 0.466091 
0.078632 0.338210 0.519672 
0.076885 0.326534 0.524221 
0.124798 0.506448 0.445377 
0.237646 0.612456 0.310064 
0.259242 0.616434 0.286088 
0.305979 0.612668 0.236824 
0.280217 0.616859 0.263499 
0.152056 0.551925 0.410940 
0.289588 0.615949 0.253651 
0.423970 0.514971 0.135312 
0.442125 0.488383 0.123428 
0.283563 0.616613 0.259964 
0.258872 0.616396 0.286493 
0.376400 0.570972 0.171472 
0.230694 0.610387 0.317923 
0.274843 0.617072 0.269216 
0.278270 0.616962 0.265564 
0.146912 0.544857 0.417306 
0.157532 0.558834 0.404213 
0.246084 0.614444 0.300615 
0.375978 0.571369 0.171824 
0.278445 0.616954 0.265378 
0.137336 0.529997 0.429296 
0.129216 0.515350 0.439650 
0.258443 0.616351 0.286962 
0.370575 0.576281 0.176382 
0.270422 0.617080 0.273957 
0.182445 0.583723 0.374121 
0.172664 0.575093 0.385843 
0.141451 0.536675 0.424119 
0.099547 0.437634 0.480539 
0.186680 0.587063 0.369080 
0.377187 0.570229 0.170816 
0.386980 0.560437 0.162813 
0.263117 0.616766 0.281861 
0.258989 0.616408 0.286365 
0.358551 0.586134 0.186827 
0.368680 0.577932 0.178001 
0.293180 0.615417 0.249920 
0.192410 0.591234 0.362292 
0.271396 0.617091 0.272910 
0.482631 0.422384 0.100565 
0.396098 0.550444 0.155628 
0.212880 0.603209 0.338349 
0.294130 0.615259 0.248936 
0.236778 0.612219 0.311042 
0.138657 0.532191 0.427630 
0.274454 0.617079 0.269632 
0.267558 0.617006 0.277045 
0.146407 0.544131 0.417934 
0.252180 0.615532 0.293852 
0.361416 0.583921 0.184301 
0.279808 0.616883 0.263932 
0.181968 0.583332 0.374691 
0.285605 0.616420 0.257817 
0.272038 0.617095 0.272219 
0.286557 0.616319 0.256818 
0.433511 0.501298 0.128935 
0.305689 0.612746 0.237117 
0.293102 0.615429 0.250000 
0.378262 0.569202 0.169924 
0.357100 0.587224 0.188115 
0.265454 0.616911 0.279322 
0.156950 0.558129 0.404925 
0.257645 0.616263 0.287837 
0.251442 0.615415 0.294669 
0.108673 0.466781 0.467163 
0.112186 0.476545 0.462261 
0.125428 0.507762 0.444555 
0.122504 0.501534 0.448383 
0.100074 0.439487 0.479734 
0.096632 0.426944 0.485084 
0.117781 0.490720 0.454654 
0.270577 0.617082 0.273789 
0.491530 0.407172 0.096162 
0.318550 0.608630 0.224287 
0.121534 0.499391 0.449661 
0.149427 0.548387 0.414187 
0.276167 0.617040 0.267802 
0.275953 0.617046 0.268031 
0.156290 0.557320 0.405735 
0.116736 0.488189 0.456059 
0.117916 0.491042 0.454473 
0.126380 0.509719 0.443317 
0.289297 0.615988 0.253955 
0.512886 0.370404 0.086405 
0.527193 0.345921 0.080456 
0.479896 0.427028 0.101960 
0.255388 0.615989 0.290315 
0.443273 0.486625 0.122712 
0.445429 0.483299 0.121379 
0.104807 0.455156 0.472699 
0.243487 0.613892 0.303513 
0.218076 0.605593 0.332349 
0.102953 0.449220 0.475416 
0.089111 0.395409 0.497761 
0.223058 0.607650 0.326629 
0.282824 0.616675 0.260743 
0.246995 0.614625 0.299601 
0.251170 0.615371 0.294970 
0.119074 0.493778 0.452925 
0.070525 0.276040 0.545423 
0.149334 0.548259 0.414303 
0.422071 0.517606 0.136616 
0.488372 0.412584 0.097700 
0.444895 0.484126 0.121708 
0.344209 0.595972 0.199800 
0.309243 0.611750 0.233537 
0.172716 0.575142 0.385781 
0.243545 0.613905 0.303448 
0.398801 0.547322 0.153548 
0.435173 0.498845 0.127854 
0.494993 0.401222 0.094504 
0.275038 0.617068 0.269008 
0.104651 0.454667 0.472925 
0.128808 0.514559 0.440175 
0.288908 0.616039 0.254360 
0.291180 0.615726 0.251993 
0.303988 0.613185 0.238839 
0.254941 0.615930 0.290808 
0.227109 0.609164 0.322002 
0.293024 0.615442 0.250080 
0.159302 0.560941 0.402049 
0.165947 0.568349 0.393961 
0.227836 0.609421 0.321172 
0.267480 0.617003 0.277129 
0.321165 0.607617 0.221722 
0.373486 0.573672 0.173916 
0.419599 0.520992 0.138331 
0.444093 0.485362 0.122203 
0.309841 0.611572 0.232937 
0.127354 0.511684 0.442055 
0.328536 0.604430 0.214573 
0.366806 0.579530 0.179612 
0.111114 0.473642 0.463744 
0.100996 0.442674 0.478338 
0.244630 0.614141 0.302236 
0.262786 0.616742 0.282221 
0.237087 0.612304 0.310694 
0.232982 0.611112 0.315329 
0.273090 0.617093 0.271091 
0.275291 0.617063 0.268737 
0.112140 0.476422 0.462324 
0.288869 0.616044 0.254400 
0.463519 0.454389 0.110751 
0.448974 0.477771 0.119217 
0.321780 0.607370 0.221121 
0.267012 0.616984 0.277635 
0.264227 0.616840 0.280654 
0.269584 0.617065 0.274859 
0.231982 0.610800 0.316462 
0.240912 0.613292 0.306395 
0.434463 0.499895 0.128314 
0.303389 0.613334 0.239448 
0.128038 0.513047 0.441169 
0.229217 0.609896 0.319602 
0.241667 0.613473 0.305549 
0.260507 0.616555 0.284705 
0.288092 0.616141 0.255212 
0.154752 0.555402 0.407622 
0.134603 0.525297 0.432759 
0.290598 0.615810 0.252599 
0.421771 0.518019 0.136822 
0.382972 0.564564 0.166053 
0.390980 0.556156 0.159629 
0.296573 0.614819 0.246416 
0.164044 0.566307 0.396271 
0.255700 0.616029 0.289973 
0.369675 0.577070 0.177150 
0.248897 0.614982 0.297487 
0.257217 0.616214 0.288306 
0.297756 0.614588 0.245201 
0.289316 0.615986 0.253934 
0.395360 0.551284 0.156200 
0.405874 0.538818 0.148216 
0.375844 0.571494 0.171936 
0.251752 0.615465 0.294325 
0.280645 0.616832 0.263046 
0.431145 0.504753 0.130489 
0.469126 0.445124 0.107656 
0.318954 0.608477 0.223890 
0.299964 0.614128 0.242938 
0.313717 0.610344 0.229067 
0.276187 0.617040 0.267781 
0.378262 0.569202 0.169924 
0.379645 0.567864 0.168780 
0.256225 0.616095 0.289396 
0.274921 0.617070 0.269132 
0.413649 0.528928 0.142542 
0.432964 0.502100 0.129292 
0.475359 0.434693 0.104320 
0.260429 0.616548 0.284790 
0.081250 0.354374 0.513473 
0.058622 0.114676 0.717636 
0.056327 0.103063 0.798392 
0.062344 0.174953 0.610266 
0.412977 0.529804 0.143024 
0.616049 0.210831 0.052026 
0.584548 0.254006 0.060599 
0.494455 0.402147 0.094760 
0.466613 0.449291 0.109032 
0.294324 0.615225 0.248735 
0.114596 0.482846 0.458957 
0.258288 0.616334 0.287133 
0.320819 0.607754 0.222060 
0.143032 0.539120 0.422140 
0.252374 0.615562 0.293638 
0.410413 0.533111 0.144880 
0.265357 0.616906 0.279428 
0.262143 0.616693 0.282921 
0.396895 0.549531 0.155012 
0.452327 0.472476 0.117209 
0.330875 0.603315 0.212332 
0.252336 0.615556 0.293681 
0.362314 0.583210 0.183514 
0.258833 0.616392 0.286536 
0.173782 0.576148 0.384498 
0.278095 0.616970 0.265750 
0.297349 0.614669 0.245619 
0.297058 0.614726 0.245918 
0.375729 0.571602 0.172033 
0.265259 0.616900 0.279534 
0.171996 0.574453 0.386649 
0.184717 0.585543 0.371415 
0.223039 0.607643 0.326651 
0.309860 0.611566 0.232917 
0.265629 0.616920 0.279132 
0.261208 0.616617 0.283940 
0.258560 0.616363 0.286834 
0.266896 0.616980 0.277761 
0.379606 0.567901 0.168812 
0.280606 0.616835 0.263087 
0.266467 0.616961 0.278225 
0.264870 0.616879 0.279956 
0.245987 0.614424 0.300723 
0.261948 0.616678 0.283133 
0.284419 0.616536 0.259064 
0.369503 0.577220 0.177297 
0.262026 0.616684 0.283048 
0.177753 0.579749 0.379730 
0.183419 0.584512 0.372960 
0.190058 0.589569 0.365074 
0.277842 0.616981 0.266019 
0.282240 0.616721 0.261359 
0.279788 0.616884 0.263953 
0.253638 0.615750 0.292243 
0.262143 0.616693 0.282921 
0.284710 0.616509 0.258757 
0.263272 0.616777 0.281691 
0.254494 0.615870 0.291300 
0.276518 0.617029 0.267429 
0.381433 0.566104 0.167311 
0.332005 0.602758 0.211253 
0.296825 0.614770 0.246157 
0.213030 0.603281 0.338174 
0.143392 0.539668 0.421690 
0.218512 0.605782 0.331847 
0.222562 0.607456 0.327197 
0.222562 0.607456 0.327197 
0.267480 0.617003 0.277129 
0.322126 0.607229 0.220783 
0.322126 0.607229 0.220783 
0.307814 0.612163 0.234973 
0.365161 0.580901 0.181034 
0.365333 0.580759 0.180885 
0.270149 0.617076 0.274250 
0.306482 0.612533 0.236316 
0.391347 0.555755 0.159339 
0.358971 0.585815 0.186455 
0.358264 0.586351 0.187080 
0.258113 0.616315 0.287325 
0.255777 0.616039 0.289888 
0.273480 0.617090 0.270674 
0.267655 0.617009 0.276940 
0.349996 0.592249 0.194500 
0.398685 0.547458 0.153637 
0.289860 0.615913 0.253367 
0.270928 0.617087 0.273412 
0.370536 0.576315 0.176415 
0.354694 0.588983 0.190262 
0.370919 0.575977 0.176089 
0.396389 0.550111 0.155402 
0.286888 0.616282 0.256472 
0.178138 0.580086 0.379270 
0.277881 0.616979 0.265978 
0.357596 0.586853 0.187673 
0.349003 0.592911 0.195403 
0.301415 0.613803 0.241456 
0.311789 0.610971 0.230988 
0.360442 0.584683 0.185157 
0.358455 0.586207 0.186911 
0.362085 0.583392 0.183715 
0.376573 0.570810 0.171328 
0.256206 0.616093 0.289417 
0.153098 0.553287 0.409656 
0.166635 0.569073 0.393127 
0.264422 0.616852 0.280442 
0.369656 0.577087 0.177166 
0.353281 0.589988 0.191531 
0.348354 0.593339 0.195995 
0.372260 0.574782 0.174952 
0.257801 0.616281 0.287666 
0.262922 0.616752 0.282073 
0.392645 0.554327 0.158318 
0.399055 0.547025 0.153354 
0.454654 0.468767 0.115835 
0.451519 0.473758 0.117690 
0.284166 0.616560 0.259330 
0.271084 0.617089 0.273245 
0.253580 0.615741 0.292307 
0.158992 0.560577 0.402427 
0.253599 0.615744 0.292286 
0.334992 0.601228 0.208416 
0.358284 0.586337 0.187063 
0.414183 0.528228 0.142159 
0.284905 0.616490 0.258552 
0.119397 0.494530 0.452495 
0.228986 0.609818 0.319864 
0.240448 0.613179 0.306915 
0.119534 0.494848 0.452312 
0.243738 0.613948 0.303232 
0.367246 0.579158 0.179233 
0.307911 0.612136 0.234876 
0.324641 0.606175 0.218335 
0.407443 0.536867 0.147055 
0.308471 0.611976 0.234313 
0.148962 0.547745 0.414764 
0.253016 0.615659 0.292929 
0.252938 0.615647 0.293015 
0.247461 0.614715 0.299083 
0.364741 0.581247 0.181399 
0.260040 0.616512 0.285216 
0.192464 0.591272 0.362228 
0.170970 0.573458 0.387886 
0.122210 0.500887 0.448770 
0.243661 0.613930 0.303318 
0.270461 0.617081 0.273915 
0.268103 0.617025 0.276456 
0.401570 0.544050 0.151441 
0.330990 0.603259 0.212222 
0.246762 0.614579 0.299860 
0.308046 0.612097 0.234740 
0.377129 0.570283 0.170864 
0.272448 0.617095 0.271780 
0.144355 0.541119 0.420487 
0.238902 0.612787 0.308652 
0.279808 0.616883 0.263932 
0.220792 0.606742 0.329228 
0.216674 0.604974 0.333964 
0.169846 0.572349 0.389243 
0.217489 0.605336 0.333026 
0.327616 0.604855 0.215459 
0.254416 0.615859 0.291386 
0.242383 0.613641 0.304747 
0.280839 0.616820 0.262840 
0.267402 0.617000 0.277213 
0.500659 0.391466 0.091856 
0.361340 0.583981 0.184368 
0.116518 0.487656 0.456353 
0.236026 0.612009 0.311890 
0.270461 0.617081 0.273915 
0.275739 0.617052 0.268259 
0.251500 0.615425 0.294604 
0.151144 0.550715 0.412065 
0.247228 0.614670 0.299342 
0.355037 0.588735 0.189954 
0.374751 0.572511 0.172852 
0.328057 0.604652 0.215034 
0.207497 0.600472 0.344597 
0.134660 0.525397 0.432686 
0.230061 0.610179 0.318642 
0.284496 0.616529 0.258982 
0.184717 0.585543 0.371415 
0.246316 0.614490 0.300356 
0.301222 0.613847 0.241653 
0.246006 0.614428 0.300702 
0.285780 0.616402 0.257634 
0.375000 0.572280 0.172643 
0.278134 0.616968 0.265709 
0.261169 0.616613 0.283983 
0.348068 0.593526 0.196257 
0.335107 0.601167 0.208307 
0.351352 0.591329 0.193271 
0.262474 0.616719 0.282560 
0.263643 0.616802 0.281289 
0.282318 0.616715 0.261277 
0.194847 0.592893 0.359416 
0.242441 0.613655 0.304682 
0.315258 0.609819 0.227537 
0.230944 0.610468 0.317639 
0.146636 0.544461 0.417649 
0.253385 0.615713 0.292522 
0.243235 0.613835 0.303794 
0.146682 0.544527 0.417591 
0.302731 0.613494 0.240116 
0.426254 0.511762 0.133758 
0.486978 0.414969 0.098388 
0.524088 0.351207 0.081710 
0.317511 0.609016 0.225311 
0.166416 0.568844 0.393391 
0.114172 0.481759 0.459535 
0.212899 0.603218 0.338327 
0.430156 0.506185 0.131143 
0.427700 0.509709 0.132783 
0.401902 0.543653 0.151191 
0.284360 0.616542 0.259125 
0.169591 0.572095 0.389551 
0.276226 0.617038 0.267740 
0.417095 0.524369 0.140089 
0.298201 0.614499 0.244743 
0.137077 0.529560 0.429624 
0.267422 0.617001 0.277192 
0.439978 0.491649 0.124779 
0.419898 0.520586 0.138123 
0.381913 0.565626 0.166917 
0.252530 0.615586 0.293466 
0.137077 0.529560 0.429624 
0.163164 0.565341 0.397340 
0.262279 0.616704 0.282772 
0.243060 0.613796 0.303989 
0.274415 0.617079 0.269674 
0.401297 0.544376 0.151648 
0.301067 0.613882 0.241811 
0.195651 0.593425 0.358469 
0.255388 0.615989 0.290315 
0.322875 0.606921 0.220053 
0.254377 0.615854 0.291429 
0.177561 0.579580 0.379960 
0.170186 0.572687 0.388832 
0.260585 0.616562 0.284620 
0.291452 0.615686 0.251711 
0.210868 0.602218 0.340680 
0.269526 0.617064 0.274922 
0.344209 0.595972 0.199800 
0.348049 0.593539 0.196274 
0.281832 0.616751 0.261790 
0.291433 0.615689 0.251731 
0.251927 0.615493 0.294132 
0.242209 0.613601 0.304942 
0.365181 0.580885 0.181017 
0.260157 0.616523 0.285088 
0.277939 0.616976 0.265916 
0.406285 0.538309 0.147911 
0.435843 0.497851 0.127420 
0.332695 0.602412 0.210596 
0.115094 0.484108 0.458281 
0.224680 0.608273 0.324774 
0.282240 0.616721 0.261359 
0.152893 0.553020 0.409910 
0.177213 0.579272 0.380378 
0.163214 0.565396 0.397280 
0.264013 0.616827 0.280887 
0.279282 0.616912 0.264489 
0.173042 0.575452 0.385388 
0.270246 0.617077 0.274146 
0.376726 0.570665 0.171200 
0.259884 0.616497 0.285386 
0.170424 0.572922 0.388544 
0.125639 0.508198 0.444281 
0.206545 0.599959 0.345706 
0.235948 0.611987 0.311977 
0.133432 0.523214 0.434249 
0.253210 0.615687 0.292715 
0.267597 0.617007 0.277003 
0.173438 0.575825 0.384912 
0.184966 0.585739 0.371118 
0.183508 0.584583 0.372854 
0.270948 0.617087 0.273391 
0.243041 0.613792 0.304011 
0.127233 0.511443 0.442211 
0.148327 0.546861 0.415550 
0.270733 0.617085 0.273622 
0.285566 0.616424 0.257858 
0.146422 0.544153 0.417915 
0.333039 0.602237 0.210268 
0.508358 0.378198 0.088383 
0.256342 0.616110 0.289267 
0.216428 0.604864 0.334248 
0.248489 0.614908 0.297940 
0.258872 0.616396 0.286493 
0.377168 0.570247 0.170832 
0.277472 0.616996 0.266413 
0.257918 0.616294 0.287538 
0.284302 0.616547 0.259186 
0.272214 0.617095 0.272031 
0.338972 0.599059 0.204670 
0.355591 0.588333 0.189459 
0.269214 0.617056 0.275258 
0.268805 0.617046 0.275699 
0.260429 0.616548 0.284790 
0.163396 0.565597 0.397058 
0.289103 0.616013 0.254157 
0.450318 0.475657 0.118408 
0.279983 0.616873 0.263746 
0.098088 0.432379 0.482793 
0.109756 0.469868 0.465640 
0.113493 0.480001 0.460464 
0.079153 0.341547 0.518385 
0.062417 0.176220 0.609040 
0.634503 0.188810 0.047713 
0.780967 0.110792 0.033168 
0.365945 0.580251 0.180355 
0.294072 0.615269 0.248996 
0.697053 0.135627 0.037237 
0.322779 0.606961 0.220146 
0.164577 0.566885 0.395623 
0.582768 0.256632 0.061130 
0.343235 0.596566 0.200701 
0.258463 0.616353 0.286941 
0.276206 0.617039 0.267761 
0.266175 0.616947 0.278541 
0.251752 0.615465 0.294325 
0.256342 0.616110 0.289267 
0.531739 0.338216 0.078657 
0.513425 0.369478 0.086173 
0.265512 0.616914 0.279259 
0.132146 0.520876 0.435890 
0.301957 0.613677 0.240904 
0.383376 0.564155 0.165724 
0.348870 0.593000 0.195525 
0.271318 0.617091 0.272993 
0.131162 0.519052 0.437150 
0.149816 0.548920 0.413706 
0.271999 0.617094 0.272261 
0.370862 0.576028 0.176138 
0.423250 0.515974 0.135805 
0.292617 0.615507 0.250503 
0.119958 0.495826 0.451748 
0.260079 0.616515 0.285173 
0.417016 0.524475 0.140145 
0.276148 0.617041 0.267823 
0.126274 0.509502 0.443455 
0.121002 0.498199 0.450364 
0.139021 0.532788 0.427171 
0.268727 0.617044 0.275783 
0.289666 0.615939 0.253570 
0.162519 0.564625 0.398125 
0.201015 0.596797 0.352168 
0.186376 0.586831 0.369442 
0.325601 0.605758 0.217405 
0.296380 0.614855 0.246616 
0.269233 0.617057 0.275237 
0.479384 0.427896 0.102224 
0.301338 0.613821 0.241535 
0.150894 0.550379 0.412375 
0.186895 0.587227 0.368825 
0.291045 0.615746 0.252135 
0.350321 0.592030 0.194205 
0.261695 0.616657 0.283409 
0.293199 0.615414 0.249899 
0.419758 0.520775 0.138220 
0.405266 0.539568 0.148668 
0.274220 0.617082 0.269882 
0.159481 0.561152 0.401830 
0.258015 0.616305 0.287431 
0.444874 0.484158 0.121720 
0.551374 0.305588 0.071357 
0.616702 0.210007 0.051864 
0.213709 0.603606 0.337389 
0.120347 0.496715 0.451232 
0.436433 0.496975 0.127041 
0.457675 0.463908 0.114076 
0.489961 0.409862 0.096923 
0.509393 0.376415 0.087926 
0.449305 0.477252 0.119018 
0.420336 0.519988 0.137818 
0.253269 0.615696 0.292651 
0.110438 0.471776 0.464686 
0.275252 0.617063 0.268779 
0.410945 0.532430 0.144493 
0.520032 0.358140 0.083378 
0.317645 0.608966 0.225178 
0.213162 0.603345 0.338022 
0.253638 0.615750 0.292243 
0.100577 0.441234 0.478971 
0.240119 0.613097 0.307284 
0.247267 0.614677 0.299299 
0.223897 0.607976 0.325669 
0.393401 0.553487 0.157726 
0.433957 0.500642 0.128644 
0.270324 0.617079 0.274062 
0.126274 0.509502 0.443455 
0.137409 0.530119 0.429205 
0.245230 0.614268 0.301566 
0.419122 0.521640 0.138665 
0.462952 0.455320 0.111070 
0.309011 0.611818 0.233769 
0.159155 0.560769 0.402228 
0.124132 0.505043 0.446247 
0.117610 0.490309 0.454883 
0.136257 0.528167 0.430661 
0.299480 0.614232 0.243434 
0.492368 0.405732 0.095758 
0.317357 0.609072 0.225462 
0.311211 0.611153 0.231566 
0.435417 0.498484 0.127696 
0.275077 0.617067 0.268966 
0.107605 0.463668 0.468675 
0.242673 0.613708 0.304422 
0.418207 0.522876 0.139306 
0.379683 0.567826 0.168749 
0.412819 0.530010 0.143138 
0.193918 0.592268 0.360511 
0.218740 0.605880 0.331585 
0.277881 0.616979 0.265978 
0.098163 0.432652 0.482677 
0.094978 0.420532 0.487739 
0.114008 0.481336 0.459760 
0.097949 0.431869 0.483010 
0.082944 0.364089 0.509774 
0.087090 0.385772 0.501491 
0.235563 0.611877 0.312412 
0.283096 0.616653 0.260456 
0.146223 0.543866 0.418162 
0.127904 0.512780 0.441343 
0.136013 0.527750 0.430970 
0.125599 0.508117 0.444332 
0.239211 0.612867 0.308304 
0.430782 0.505280 0.130729 
0.426435 0.511507 0.133636 
0.293451 0.615372 0.249638 
0.182198 0.583520 0.374417 
0.273460 0.617091 0.270695 
0.393691 0.553162 0.157499 
0.284146 0.616561 0.259350 
0.271279 0.617090 0.273035 
0.411181 0.532126 0.144321 
0.260955 0.616595 0.284216 
0.128376 0.513711 0.440733 
0.272564 0.617095 0.271655 
0.406246 0.538357 0.147940 
0.389626 0.557623 0.160701 
0.264441 0.616853 0.280421 
0.279983 0.616873 0.263746 
0.294596 0.615179 0.248455 
0.280489 0.616842 0.263210 
0.259592 0.616468 0.285705 
0.089340 0.396470 0.497348 
0.083180 0.365400 0.509275 
0.241725 0.613487 0.305484 
0.221572 0.607060 0.328332 
0.167207 0.569669 0.392434 
0.123418 0.503518 0.447182 
0.070346 0.274385 0.546182 
0.221001 0.606828 0.328987 
0.290248 0.615859 0.252963 
0.119671 0.495165 0.452130 
0.070946 0.279868 0.543688 
0.178120 0.580070 0.379291 
0.554057 0.301231 0.070416 
0.326139 0.605520 0.216885 
0.273110 0.617093 0.271070 
0.553563 0.302031 0.070589 
0.529948 0.341246 0.079361 
0.546114 0.314209 0.073241 
0.644244 0.178284 0.045652 
0.298124 0.614514 0.244823 
0.072504 0.293354 0.537776 
0.123924 0.504600 0.446519 
0.083808 0.368839 0.507966 
0.214425 0.603944 0.336561 
0.284244 0.616552 0.259248 
0.076875 0.326465 0.524248 
0.242770 0.613730 0.304314 
0.282532 0.616698 0.261051 
0.244242 0.614058 0.302669 
0.467964 0.447054 0.108290 
0.449036 0.477674 0.119180 
0.252413 0.615568 0.293595 
0.078060 0.334470 0.521121 
0.217849 0.605494 0.332611 
