0.229470 0.847048 0.259123 
0.240483 0.849017 0.247726 
0.244427 0.849359 0.243727 
0.227371 0.846500 0.261334 
0.329030 0.814838 0.167648 
0.229021 0.846936 0.259594 
0.307570 0.830798 0.185149 
0.266663 0.847865 0.221935 
0.235062 0.848237 0.253293 
0.205681 0.837371 0.285022 
0.168418 0.804385 0.330314 
0.189703 0.826217 0.303611 
0.220385 0.844261 0.268793 
0.150787 0.778834 0.354601 
0.189090 0.825706 0.304347 
0.149251 0.776225 0.356829 
0.118387 0.707043 0.406518 
0.118270 0.706708 0.406728 
0.112008 0.687840 0.418216 
0.108790 0.677364 0.424347 
0.072969 0.515060 0.506435 
0.088174 0.595443 0.467998 
0.079280 0.550762 0.489701 
0.099176 0.642568 0.443687 
0.154603 0.785031 0.349148 
0.191777 0.827898 0.301135 
0.189762 0.826266 0.303540 
0.228758 0.846869 0.259872 
0.202148 0.835250 0.289041 
0.273796 0.846195 0.215211 
0.296067 0.837403 0.195051 
0.281430 0.843784 0.208156 
0.276386 0.845448 0.212800 
0.216368 0.842679 0.273152 
0.297401 0.836708 0.193884 
0.367844 0.774354 0.139303 
0.354415 0.790017 0.148626 
0.310780 0.828710 0.182450 
0.316660 0.824610 0.177579 
0.306020 0.831768 0.186462 
0.264700 0.848226 0.223808 
0.272464 0.846550 0.216457 
0.248434 0.849515 0.239706 
0.276583 0.845389 0.212618 
0.251042 0.849515 0.237112 
0.355774 0.788512 0.147660 
0.509214 0.518947 0.068157 
0.620389 0.274477 0.036790 
0.415060 0.705997 0.110412 
0.413262 0.708963 0.111407 
0.390282 0.744386 0.124839 
0.420099 0.697542 0.107667 
0.367133 0.775226 0.139784 
0.324446 0.818640 0.171278 
0.320570 0.821688 0.174394 
0.321234 0.821177 0.173857 
0.347565 0.797338 0.153579 
0.402205 0.726588 0.117701 
0.405519 0.721417 0.115782 
0.258399 0.849087 0.229887 
0.260882 0.848801 0.227479 
0.206065 0.837590 0.284589 
0.180383 0.817727 0.314998 
0.175475 0.812606 0.321179 
0.199421 0.833482 0.292177 
0.214323 0.841788 0.275392 
0.238711 0.848801 0.249537 
0.224673 0.845711 0.264196 
0.220999 0.844484 0.268131 
0.269137 0.847350 0.219589 
0.181267 0.818601 0.313899 
0.129974 0.737187 0.386646 
0.173711 0.810648 0.323434 
0.211738 0.840579 0.278245 
0.217088 0.842979 0.272366 
0.214657 0.841937 0.275026 
0.203691 0.836199 0.287280 
0.210824 0.840129 0.279258 
0.171196 0.807746 0.326681 
0.097596 0.636305 0.447027 
0.066432 0.474323 0.525138 
0.079652 0.552756 0.488753 
0.085944 0.584825 0.473253 
0.084939 0.579915 0.475660 
0.111126 0.685023 0.419881 
0.091976 0.612686 0.459306 
0.082626 0.568313 0.481297 
0.094157 0.622108 0.454463 
0.106830 0.670708 0.428162 
0.109353 0.679235 0.423264 
0.140194 0.759417 0.370389 
0.137692 0.754314 0.374270 
0.112376 0.689003 0.417525 
0.216208 0.842611 0.273326 
0.290011 0.840321 0.200406 
0.347814 0.797081 0.153397 
0.290989 0.839876 0.199534 
0.196121 0.831187 0.296013 
0.225911 0.846085 0.262880 
0.225842 0.846065 0.262953 
0.232303 0.847700 0.256158 
0.269247 0.847326 0.219484 
0.234251 0.848089 0.254133 
0.203379 0.836010 0.287635 
0.193824 0.829487 0.298710 
0.155225 0.786004 0.348270 
0.159751 0.792783 0.341972 
0.143257 0.765385 0.365719 
0.106347 0.669034 0.429112 
0.082086 0.565544 0.482632 
0.087566 0.592587 0.469418 
0.153601 0.783441 0.350569 
0.136373 0.751539 0.376340 
0.177811 0.815101 0.318221 
0.191058 0.827323 0.301991 
0.163399 0.797879 0.337003 
0.242718 0.849234 0.245454 
0.247022 0.849482 0.241118 
0.261645 0.848699 0.226744 
0.266214 0.847952 0.222363 
0.287649 0.841353 0.202520 
0.332631 0.811705 0.164838 
0.360002 0.783711 0.144686 
0.346528 0.798407 0.154340 
0.403568 0.724473 0.116909 
0.364848 0.777998 0.141339 
0.259430 0.848977 0.228885 
0.234264 0.848091 0.254119 
0.212397 0.840896 0.277515 
0.250304 0.849523 0.237844 
0.235314 0.848281 0.253033 
0.259012 0.849023 0.229291 
0.248688 0.849519 0.239453 
0.275727 0.845645 0.213412 
0.317987 0.823636 0.176494 
0.290157 0.840255 0.200275 
0.262186 0.848623 0.226222 
0.236066 0.848408 0.252256 
0.211769 0.840594 0.278210 
0.242197 0.849188 0.245983 
0.232338 0.847707 0.256121 
0.254046 0.849416 0.234145 
0.238163 0.848727 0.250098 
0.259671 0.848949 0.228652 
0.258964 0.849028 0.229338 
0.291176 0.839790 0.199368 
0.262696 0.848548 0.225731 
0.222246 0.844920 0.266791 
0.167425 0.803144 0.331623 
0.162157 0.796180 0.338684 
0.159009 0.791707 0.342994 
0.179994 0.817338 0.315483 
0.205834 0.837458 0.284850 
0.206624 0.837906 0.283959 
0.277830 0.845000 0.211464 
0.270528 0.847030 0.218276 
0.303701 0.833174 0.188440 
0.266278 0.847940 0.222302 
0.242850 0.849244 0.245321 
0.250209 0.849524 0.237939 
0.309022 0.829867 0.183925 
0.260659 0.848830 0.227695 
0.261441 0.848727 0.226940 
0.229408 0.847033 0.259187 
0.217538 0.843163 0.271876 
0.224093 0.845529 0.264815 
0.207713 0.838507 0.282733 
0.226455 0.846243 0.262304 
0.229341 0.847016 0.259258 
0.261525 0.848716 0.226859 
0.252854 0.849468 0.235319 
0.241605 0.849133 0.246584 
0.229348 0.847018 0.259250 
0.193894 0.829540 0.298628 
0.278376 0.844825 0.210960 
0.256920 0.849223 0.231328 
0.329714 0.814253 0.167111 
0.298669 0.836030 0.192780 
0.240454 0.849013 0.247756 
0.212929 0.841148 0.276927 
0.266128 0.847968 0.222445 
0.313331 0.826975 0.180325 
0.291960 0.839424 0.198671 
0.268855 0.847412 0.219856 
0.348616 0.796245 0.152811 
0.283886 0.842874 0.205919 
0.228442 0.846787 0.260204 
0.290869 0.839931 0.199641 
0.274895 0.845887 0.214186 
0.295266 0.837811 0.195754 
0.277536 0.845094 0.211737 
0.274940 0.845874 0.214144 
0.362678 0.780583 0.142829 
0.363695 0.779377 0.142130 
0.144495 0.767713 0.363857 
0.107211 0.672016 0.427417 
0.078441 0.546213 0.491858 
0.090369 0.605525 0.462941 
0.068691 0.488845 0.518503 
0.073570 0.518606 0.504790 
0.073847 0.520236 0.504033 
0.088965 0.599118 0.466162 
0.086997 0.589888 0.470755 
0.074542 0.524284 0.502150 
0.080930 0.559532 0.485519 
0.083228 0.571375 0.479816 
0.100260 0.646768 0.441426 
0.130025 0.737306 0.386562 
0.229161 0.846971 0.259447 
0.211634 0.840529 0.278359 
0.138217 0.755404 0.373449 
0.128939 0.734719 0.388356 
0.155899 0.787047 0.347322 
0.199635 0.833625 0.291930 
0.223993 0.845497 0.264922 
0.141199 0.761408 0.368847 
0.152243 0.781244 0.352508 
0.168242 0.804166 0.330546 
0.107077 0.671557 0.427678 
0.174537 0.811573 0.322376 
0.186311 0.823307 0.307705 
0.156869 0.788527 0.345964 
0.172595 0.809376 0.324871 
0.159022 0.791726 0.342976 
0.271802 0.846719 0.217078 
0.240661 0.849036 0.247545 
0.266810 0.847837 0.221795 
0.274644 0.845958 0.214419 
0.266462 0.847904 0.222127 
0.258725 0.849053 0.229571 
0.257865 0.849139 0.230407 
0.302043 0.834144 0.189862 
0.324357 0.818712 0.171350 
0.267459 0.847707 0.221179 
0.215738 0.842411 0.273841 
0.261612 0.848704 0.226775 
0.090350 0.605443 0.462982 
0.144123 0.767018 0.364416 
0.182174 0.819481 0.312776 
0.221176 0.844547 0.267940 
0.186305 0.823302 0.307712 
0.190279 0.826691 0.302922 
0.165549 0.800736 0.334117 
0.174240 0.811241 0.322757 
0.175020 0.812106 0.321760 
0.151514 0.780044 0.353554 
0.201152 0.834617 0.290183 
0.285160 0.842376 0.204764 
0.319424 0.822561 0.175323 
0.326506 0.816958 0.169640 
0.263614 0.848406 0.224850 
0.216231 0.842621 0.273302 
0.177190 0.814449 0.319004 
0.202479 0.835456 0.288662 
0.171524 0.808132 0.326257 
0.161534 0.795314 0.339531 
0.234449 0.848125 0.253928 
0.230643 0.847330 0.257892 
0.206731 0.837965 0.283838 
0.243020 0.849258 0.245149 
0.279894 0.844320 0.209564 
0.312167 0.827775 0.181293 
0.276483 0.845419 0.212711 
0.241136 0.849086 0.247062 
0.232550 0.847752 0.255901 
0.267007 0.847798 0.221608 
0.289244 0.840662 0.201090 
0.289736 0.840444 0.200651 
0.362605 0.780670 0.142880 
0.352784 0.791803 0.149794 
0.311156 0.828459 0.182136 
0.345140 0.799821 0.155364 
0.319196 0.822733 0.175509 
0.304950 0.832424 0.187373 
0.223297 0.845272 0.265665 
0.199693 0.833664 0.291863 
0.228288 0.846747 0.260366 
0.243313 0.849281 0.244852 
0.306623 0.831394 0.185951 
0.271722 0.846739 0.217153 
0.306391 0.831539 0.186147 
0.261262 0.848751 0.227113 
0.222919 0.845148 0.266069 
0.219082 0.843772 0.270201 
0.240817 0.849053 0.247386 
0.265221 0.848134 0.223311 
0.285209 0.842357 0.204719 
0.347808 0.797086 0.153401 
0.358291 0.785674 0.145884 
0.318838 0.823002 0.175799 
0.333105 0.811283 0.164471 
0.331934 0.812322 0.165379 
0.304117 0.832926 0.188084 
0.296150 0.837360 0.194978 
0.300092 0.835249 0.191545 
0.354318 0.790125 0.148696 
0.356331 0.787889 0.147266 
0.282498 0.843397 0.207182 
0.267803 0.847637 0.220852 
0.233838 0.848010 0.254562 
0.271441 0.846809 0.217417 
0.166937 0.802525 0.332270 
0.116235 0.700787 0.410400 
0.152910 0.782330 0.351553 
0.107992 0.674679 0.425893 
0.097226 0.634815 0.447816 
0.122589 0.718640 0.399118 
0.141625 0.762242 0.368197 
0.138771 0.756540 0.372589 
0.105670 0.666664 0.430450 
0.101368 0.650989 0.439134 
0.146116 0.770690 0.361439 
0.097120 0.634388 0.448042 
0.072598 0.512851 0.507457 
0.184470 0.821643 0.309951 
0.199010 0.833206 0.292652 
0.242317 0.849199 0.245861 
0.275832 0.845614 0.213315 
0.259360 0.848985 0.228953 
0.273928 0.846158 0.215088 
0.249143 0.849523 0.238999 
0.300128 0.835229 0.191515 
0.265913 0.848008 0.222650 
0.276111 0.845531 0.213056 
0.246447 0.849462 0.241694 
0.246556 0.849466 0.241586 
0.279254 0.844536 0.210152 
0.331254 0.812919 0.165909 
0.177703 0.814989 0.318357 
0.192324 0.828329 0.300486 
0.165420 0.800568 0.334289 
0.156066 0.787303 0.347089 
0.103182 0.657734 0.435432 
0.149650 0.776909 0.356248 
0.179081 0.816414 0.316625 
0.180361 0.817706 0.315025 
0.181751 0.819073 0.313299 
0.209073 0.839233 0.281210 
0.211457 0.840442 0.278556 
0.237433 0.848622 0.250848 
0.226554 0.846271 0.262199 
0.225927 0.846090 0.262863 
0.215571 0.842338 0.274024 
0.185972 0.823005 0.308117 
0.175616 0.812759 0.321000 
0.150184 0.777816 0.355474 
0.197961 0.832488 0.293868 
0.110856 0.684153 0.420393 
0.099045 0.642054 0.443962 
0.070491 0.500075 0.513351 
0.073239 0.516660 0.505693 
0.056900 0.407825 0.555405 
0.100950 0.649406 0.439996 
0.081603 0.563042 0.483836 
0.120595 0.713236 0.402601 
0.115504 0.698613 0.411733 
0.108560 0.676593 0.424792 
0.136225 0.751223 0.376574 
0.192452 0.828429 0.300334 
0.220870 0.844438 0.268269 
0.247700 0.849501 0.240439 
0.248558 0.849517 0.239582 
0.261963 0.848655 0.226437 
0.257916 0.849134 0.230357 
0.265835 0.848023 0.222724 
0.325384 0.817879 0.170531 
0.286342 0.841899 0.203696 
0.244933 0.849389 0.243217 
0.209159 0.839278 0.281114 
0.237254 0.848596 0.251032 
0.219798 0.844044 0.269426 
0.222566 0.845029 0.266448 
0.180328 0.817673 0.315066 
0.140081 0.759192 0.370562 
0.150725 0.778729 0.354690 
0.175491 0.812622 0.321159 
0.204591 0.836736 0.286258 
0.219611 0.843973 0.269628 
0.194404 0.829924 0.298028 
0.150992 0.779176 0.354305 
0.162657 0.796869 0.338006 
0.207862 0.838588 0.282566 
0.247502 0.849496 0.240638 
0.256424 0.849263 0.231813 
0.307177 0.831046 0.185481 
0.295156 0.837867 0.195850 
0.246603 0.849467 0.241538 
0.224091 0.845529 0.264817 
0.185789 0.822842 0.308340 
0.246124 0.849448 0.242019 
0.142711 0.764343 0.366545 
0.180918 0.818258 0.314332 
0.107559 0.673209 0.426735 
0.074768 0.525588 0.501542 
0.074229 0.522463 0.502998 
0.102597 0.655582 0.436619 
0.083892 0.574717 0.478194 
0.211468 0.840447 0.278544 
0.228193 0.846722 0.260467 
0.240273 0.848993 0.247941 
0.322754 0.819990 0.172633 
0.360561 0.783063 0.144296 
0.356850 0.787305 0.146898 
0.275982 0.845570 0.213176 
0.305657 0.831992 0.186771 
0.299815 0.835403 0.191785 
0.323286 0.819568 0.172206 
0.398180 0.732738 0.120069 
0.408317 0.716976 0.114184 
0.464984 0.613566 0.085773 
0.549301 0.428372 0.054989 
0.390469 0.744117 0.124725 
0.380082 0.758589 0.131244 
0.378820 0.760279 0.132056 
0.359031 0.784829 0.145365 
0.334030 0.810453 0.163757 
0.342357 0.802598 0.157433 
0.396152 0.735784 0.121279 
0.274432 0.846018 0.214617 
0.289113 0.840720 0.201207 
0.283289 0.843101 0.206461 
0.292135 0.839341 0.198516 
0.243737 0.849312 0.244424 
0.200340 0.834091 0.291116 
0.179776 0.817119 0.315756 
0.180488 0.817832 0.314867 
0.173526 0.810438 0.323673 
0.169538 0.805761 0.328843 
0.130882 0.739316 0.385156 
0.082882 0.569619 0.480666 
0.171368 0.807948 0.326459 
0.127153 0.730365 0.391333 
0.149694 0.776984 0.356185 
0.150228 0.777892 0.355409 
0.146581 0.771529 0.360751 
0.128916 0.734665 0.388393 
0.199888 0.833793 0.291637 
0.198213 0.832662 0.293575 
0.207342 0.838304 0.283151 
0.203384 0.836013 0.287629 
0.224068 0.845522 0.264841 
0.200145 0.833963 0.291341 
0.207804 0.838556 0.282631 
0.210078 0.839753 0.280088 
0.194121 0.829712 0.298360 
0.210264 0.839847 0.279882 
0.183426 0.820672 0.311232 
0.201376 0.834761 0.289925 
0.227343 0.846492 0.261364 
0.260940 0.848794 0.227424 
0.302375 0.833952 0.189577 
0.318074 0.823571 0.176422 
0.321255 0.821161 0.173841 
0.316217 0.824931 0.177943 
0.334339 0.810173 0.163518 
0.437574 0.666621 0.098611 
0.286822 0.841701 0.203264 
0.291325 0.839721 0.199236 
0.267131 0.847773 0.221491 
0.270270 0.847091 0.218519 
0.293545 0.838665 0.197269 
0.274070 0.846119 0.214955 
0.220222 0.844201 0.268968 
0.244090 0.849337 0.244067 
0.172216 0.808939 0.325360 
0.121904 0.716804 0.400309 
0.128265 0.733092 0.389474 
0.116877 0.702677 0.409235 
0.098663 0.640551 0.444766 
0.041868 0.286923 0.612805 
0.062612 0.448692 0.536803 
0.031894 0.199697 0.660377 
0.047599 0.335057 0.589250 
0.041403 0.282926 0.614825 
0.068371 0.486816 0.519432 
0.097930 0.637644 0.446316 
0.160041 0.793201 0.341572 
0.185693 0.822755 0.308457 
0.191468 0.827652 0.301503 
0.221332 0.844603 0.267772 
0.406721 0.719517 0.115093 
0.420835 0.696288 0.107270 
0.298512 0.836114 0.192916 
0.207928 0.838623 0.282493 
0.205210 0.837099 0.285556 
0.241770 0.849149 0.246417 
0.261681 0.848694 0.226708 
0.295604 0.837639 0.195456 
0.263586 0.848411 0.224876 
0.216994 0.842940 0.272469 
0.412249 0.710621 0.111971 
0.402202 0.726593 0.117703 
0.435959 0.669578 0.099418 
0.399968 0.730024 0.119012 
0.410119 0.714079 0.113165 
0.440770 0.660708 0.097031 
0.677836 0.171912 0.025813 
0.420289 0.697219 0.107565 
0.455831 0.631851 0.089883 
0.384696 0.752283 0.128312 
0.396243 0.735648 0.121224 
0.455034 0.633417 0.090249 
0.465085 0.613362 0.085729 
0.468643 0.606110 0.084177 
0.264468 0.848265 0.224030 
0.230826 0.847373 0.257701 
0.235935 0.848387 0.252391 
0.327096 0.816468 0.169173 
0.335680 0.808951 0.162488 
0.298709 0.836008 0.192745 
0.444964 0.652836 0.094991 
0.567894 0.386454 0.049650 
0.579786 0.360058 0.046463 
0.644677 0.228036 0.031798 
0.567592 0.387128 0.049732 
0.554959 0.415557 0.053316 
0.462156 0.619272 0.087025 
0.246554 0.849466 0.241588 
0.263478 0.848428 0.224980 
0.264436 0.848271 0.224062 
0.272398 0.846567 0.216519 
0.328663 0.815151 0.167937 
0.302327 0.833980 0.189618 
0.246052 0.849445 0.242091 
0.236638 0.848501 0.251666 
0.257586 0.849165 0.230678 
0.218944 0.843719 0.270350 
0.174315 0.811325 0.322661 
0.222593 0.845039 0.266418 
0.222430 0.844983 0.266593 
0.175828 0.812990 0.320730 
0.232137 0.847664 0.256331 
0.253491 0.849442 0.234692 
0.271929 0.846686 0.216958 
0.284049 0.842811 0.205771 
0.146080 0.770624 0.361494 
0.156779 0.788391 0.346090 
0.234643 0.848161 0.253727 
0.257451 0.849177 0.230810 
0.291593 0.839596 0.198997 
0.278766 0.844698 0.210601 
0.255170 0.849352 0.233041 
0.250788 0.849519 0.237363 
0.191341 0.827550 0.301654 
0.214434 0.841838 0.275270 
0.205123 0.837048 0.285654 
0.208595 0.838981 0.281744 
0.167490 0.803225 0.331538 
0.165378 0.800513 0.334345 
0.169413 0.805608 0.329007 
0.175327 0.812443 0.321369 
0.163177 0.797579 0.337302 
0.161334 0.795035 0.339803 
0.208655 0.839013 0.281677 
0.178757 0.816082 0.317031 
0.237739 0.848667 0.250534 
0.242977 0.849255 0.245193 
0.273413 0.846299 0.215569 
0.223454 0.845324 0.265497 
0.203125 0.835855 0.287925 
0.250325 0.849523 0.237824 
0.220278 0.844222 0.268907 
0.074656 0.524945 0.501842 
0.018816 0.089832 0.742151 
0.019470 0.094871 0.737297 
0.039754 0.268687 0.622120 
0.131763 0.741352 0.383720 
0.106544 0.669717 0.428724 
0.159833 0.792901 0.341859 
0.184473 0.821646 0.309947 
0.213151 0.841252 0.276683 
0.200749 0.834357 0.290646 
0.240896 0.849061 0.247305 
0.200964 0.834496 0.290399 
0.239724 0.848929 0.248501 
0.230004 0.847179 0.258562 
0.255318 0.849342 0.232896 
0.209392 0.839400 0.280853 
0.180828 0.818169 0.314444 
0.263085 0.848489 0.225358 
0.306861 0.831245 0.185749 
0.299957 0.835324 0.191662 
0.288045 0.841184 0.202164 
0.227019 0.846403 0.261706 
0.252186 0.849490 0.235979 
0.238899 0.848826 0.249345 
0.195933 0.831052 0.296232 
0.241074 0.849080 0.247125 
0.215555 0.842332 0.274040 
0.209766 0.839593 0.280436 
0.232339 0.847707 0.256120 
0.262938 0.848512 0.225498 
0.222447 0.844989 0.266576 
0.168391 0.804351 0.330350 
0.097697 0.636712 0.446811 
0.135738 0.750180 0.377344 
0.149637 0.776887 0.356268 
0.175237 0.812345 0.321482 
0.215353 0.842244 0.274262 
0.232718 0.847787 0.255725 
0.197930 0.832467 0.293904 
0.201805 0.835033 0.289434 
0.202244 0.835310 0.288931 
0.240552 0.849024 0.247656 
0.185772 0.822826 0.308361 
0.145639 0.769821 0.362149 
0.202755 0.835628 0.288347 
0.199938 0.833826 0.291579 
0.231368 0.847496 0.257134 
0.240328 0.848999 0.247884 
0.236575 0.848491 0.251732 
0.157641 0.789688 0.344889 
0.097535 0.636063 0.447155 
0.106635 0.670033 0.428545 
0.203132 0.835859 0.287917 
0.186977 0.823895 0.306896 
0.165501 0.800673 0.334181 
0.168014 0.803883 0.330846 
0.242893 0.849248 0.245277 
0.293291 0.838789 0.197493 
0.145143 0.768912 0.362888 
0.163771 0.798381 0.336501 
0.159390 0.792262 0.342468 
0.124524 0.723717 0.395787 
0.140058 0.759145 0.370598 
0.142461 0.763864 0.366924 
0.195639 0.830837 0.296577 
0.158829 0.791444 0.343243 
0.134297 0.747046 0.379636 
0.156979 0.788692 0.345812 
0.193795 0.829465 0.298745 
0.214970 0.842076 0.274682 
0.120063 0.711764 0.403539 
0.068224 0.485882 0.519860 
0.103136 0.657566 0.435526 
0.102116 0.653793 0.437602 
0.133350 0.744945 0.381154 
0.151076 0.779316 0.354185 
0.129851 0.736896 0.386848 
0.166085 0.801432 0.333402 
0.137423 0.753754 0.374690 
0.110201 0.682024 0.421640 
0.181177 0.818512 0.314011 
0.160863 0.794371 0.340446 
0.111782 0.687122 0.418642 
0.110370 0.682575 0.421317 
0.154200 0.784394 0.349719 
0.128456 0.733556 0.389156 
0.158719 0.791283 0.343394 
0.143172 0.765224 0.365848 
0.175109 0.812204 0.321646 
0.152563 0.781766 0.352049 
0.183212 0.820470 0.311495 
0.171667 0.808300 0.326070 
0.206024 0.837567 0.284636 
0.228719 0.846859 0.259912 
0.174373 0.811390 0.322586 
0.185343 0.822440 0.308883 
0.220820 0.844420 0.268323 
0.252776 0.849471 0.235396 
0.312320 0.827671 0.181165 
0.329982 0.814023 0.166902 
0.231231 0.847465 0.257277 
0.190513 0.826882 0.302642 
0.152512 0.781683 0.352122 
0.174790 0.811852 0.322053 
0.182634 0.819922 0.312207 
0.251274 0.849511 0.236882 
0.295359 0.837764 0.195672 
0.286768 0.841723 0.203312 
0.238160 0.848727 0.250102 
0.254594 0.849387 0.233606 
0.269935 0.847169 0.218835 
0.199892 0.833796 0.291632 
0.167089 0.802718 0.332069 
0.133694 0.745713 0.380601 
0.173809 0.810758 0.323309 
0.221378 0.844619 0.267723 
0.164756 0.799696 0.335177 
0.189245 0.825835 0.304161 
0.189471 0.826024 0.303889 
0.185747 0.822804 0.308391 
0.156528 0.788009 0.346442 
0.168834 0.804899 0.329767 
0.193779 0.829453 0.298763 
0.204430 0.836641 0.286440 
0.204989 0.836970 0.285806 
0.204318 0.836575 0.286567 
0.216539 0.842751 0.272966 
0.219698 0.844006 0.269534 
0.223839 0.845449 0.265085 
0.178906 0.816235 0.316845 
0.204317 0.836574 0.286568 
0.152628 0.781872 0.351956 
0.147343 0.772890 0.359626 
0.158506 0.790971 0.343688 
0.165683 0.800911 0.333938 
0.214950 0.842068 0.274703 
0.251173 0.849513 0.236982 
0.250780 0.849519 0.237371 
0.246499 0.849464 0.241643 
0.257828 0.849142 0.230442 
0.262183 0.848624 0.226225 
0.258177 0.849109 0.230103 
0.224605 0.845690 0.264269 
0.315777 0.825248 0.178304 
0.268016 0.847592 0.220650 
0.244385 0.849356 0.243769 
0.232003 0.847635 0.256471 
0.252782 0.849470 0.235391 
0.227850 0.846630 0.260829 
0.152764 0.782092 0.351762 
0.145007 0.768662 0.363091 
0.157982 0.790195 0.344416 
0.133809 0.745968 0.380417 
0.132534 0.743108 0.382471 
0.130159 0.737622 0.386342 
0.164405 0.799230 0.335648 
0.304725 0.832560 0.187564 
0.300553 0.834992 0.191147 
0.439435 0.663188 0.097688 
0.536910 0.456502 0.058806 
0.559668 0.404926 0.051956 
0.473688 0.595701 0.082020 
0.411763 0.711414 0.112242 
0.442082 0.658259 0.096388 
0.465143 0.613243 0.085703 
0.430172 0.680013 0.102360 
0.427717 0.684360 0.103631 
0.442782 0.656948 0.096048 
0.376956 0.762749 0.133263 
0.354082 0.790384 0.148864 
0.285304 0.842319 0.204634 
0.270211 0.847105 0.218574 
0.223996 0.845498 0.264919 
0.152151 0.781093 0.352639 
0.092945 0.616912 0.457142 
0.110998 0.684611 0.420123 
0.184735 0.821887 0.309626 
0.203568 0.836125 0.287420 
0.165986 0.801304 0.333534 
0.126355 0.728377 0.392677 
0.125608 0.726494 0.393940 
0.123782 0.721789 0.397059 
0.092934 0.616867 0.457166 
0.076536 0.535659 0.496832 
0.094447 0.623337 0.453827 
0.110104 0.681706 0.421826 
0.135319 0.749277 0.378008 
0.196532 0.831483 0.295532 
0.247242 0.849489 0.240898 
0.193562 0.829288 0.299020 
0.191125 0.827377 0.301912 
0.203386 0.836015 0.287627 
0.225988 0.846108 0.262798 
0.252310 0.849486 0.235857 
0.307475 0.830859 0.185229 
0.313435 0.826903 0.180239 
0.316461 0.824755 0.177743 
0.331539 0.812669 0.165686 
0.307814 0.830643 0.184943 
0.300334 0.835114 0.191336 
0.305616 0.832018 0.186806 
0.293523 0.838676 0.197288 
0.285036 0.842425 0.204876 
0.331356 0.812829 0.165829 
0.445283 0.652231 0.094838 
0.448471 0.646152 0.093315 
0.529999 0.472181 0.061030 
0.534272 0.462489 0.059646 
0.387416 0.748473 0.126610 
0.443748 0.655131 0.095579 
0.510886 0.515220 0.067559 
0.306675 0.831362 0.185907 
0.379764 0.759017 0.131449 
0.357130 0.786991 0.146701 
0.315786 0.825242 0.178298 
0.277871 0.844987 0.211427 
0.216316 0.842657 0.273208 
0.228570 0.846820 0.260069 
0.192757 0.828667 0.299972 
0.238271 0.848742 0.249988 
0.288466 0.841003 0.201787 
0.196857 0.831714 0.295153 
0.149238 0.776203 0.356848 
0.146543 0.771461 0.360806 
0.151620 0.780219 0.353401 
0.147621 0.773382 0.359216 
0.221011 0.844488 0.268118 
0.230338 0.847259 0.258211 
0.282695 0.843324 0.207002 
0.443223 0.656118 0.095833 
