0.441591 0.652703 0.157582 
0.390923 0.722899 0.210333 
0.370158 0.739724 0.231916 
0.374628 0.736574 0.227285 
0.395943 0.717935 0.205094 
0.438328 0.658750 0.160943 
0.420062 0.688392 0.179904 
0.399920 0.713730 0.200940 
0.357723 0.747247 0.244744 
0.320811 0.760206 0.282268 
0.277612 0.760294 0.325119 
0.225405 0.739842 0.375949 
0.133931 0.625333 0.467968 
0.126125 0.607870 0.476480 
0.086332 0.485323 0.523853 
0.112791 0.573657 0.491503 
0.127801 0.611768 0.474637 
0.163555 0.677864 0.437015 
0.224391 0.739200 0.376934 
0.228259 0.741595 0.373177 
0.221988 0.737636 0.379270 
0.192162 0.712895 0.408424 
0.158192 0.669753 0.442492 
0.135311 0.628245 0.466481 
0.128297 0.612905 0.474094 
0.140973 0.639663 0.460435 
0.153525 0.662233 0.447297 
0.147201 0.651311 0.453874 
0.154463 0.663782 0.446327 
0.202097 0.722304 0.398666 
0.261917 0.756597 0.340462 
0.341900 0.754407 0.260936 
0.423573 0.683222 0.176245 
0.460395 0.612965 0.138461 
0.454809 0.625670 0.144089 
0.403345 0.709910 0.197362 
0.348335 0.751803 0.254370 
0.294117 0.762046 0.308869 
0.256863 0.754975 0.345386 
0.209051 0.728169 0.391868 
0.152369 0.660302 0.448493 
0.132660 0.622607 0.469342 
0.104217 0.548313 0.501555 
0.077675 0.449123 0.535492 
0.057401 0.347129 0.566028 
0.047595 0.288551 0.583268 
0.033673 0.196241 0.612588 
0.026979 0.149598 0.630049 
0.028169 0.157910 0.626715 
0.021608 0.112408 0.646781 
0.020869 0.107374 0.649351 
0.018654 0.092514 0.657547 
0.016360 0.077565 0.667000 
0.017960 0.087937 0.660291 
0.022563 0.118950 0.643571 
0.024855 0.134792 0.636309 
0.022083 0.115654 0.645171 
0.015959 0.075009 0.668776 
0.012428 0.053465 0.686548 
0.014177 0.063901 0.677210 
0.018641 0.092427 0.657598 
0.022512 0.118598 0.643740 
0.025589 0.139897 0.634100 
0.031673 0.182365 0.617500 
0.040589 0.243229 0.597120 
0.041193 0.247237 0.595862 
0.034378 0.201107 0.610909 
0.029535 0.167451 0.623024 
0.022258 0.116856 0.644583 
0.019339 0.097075 0.654923 
0.026298 0.144844 0.632011 
0.046785 0.283451 0.584793 
0.078047 0.450763 0.534978 
0.107824 0.559323 0.497283 
0.120755 0.594797 0.482450 
0.160270 0.672961 0.440364 
0.249311 0.752151 0.352732 
0.327660 0.758764 0.275373 
0.369492 0.740172 0.232605 
0.474355 0.577723 0.124653 
0.566184 0.258219 0.051221 
0.616336 0.121367 0.028729 
0.631963 0.094121 0.023994 
0.625639 0.104347 0.025801 
0.631586 0.094702 0.024098 
0.630211 0.096850 0.024481 
0.634355 0.090517 0.023347 
0.624717 0.105927 0.026077 
0.623902 0.107343 0.026323 
0.634973 0.089610 0.023183 
0.647993 0.072509 0.020006 
0.659725 0.060044 0.017556 
0.665232 0.055014 0.016524 
0.650526 0.069600 0.019446 
0.621615 0.111411 0.027027 
0.596073 0.167401 0.036353 
0.587275 0.191401 0.040255 
0.610578 0.133160 0.030713 
0.628888 0.098963 0.024855 
0.666757 0.053704 0.016251 
0.678194 0.044923 0.014359 
0.664584 0.055580 0.016642 
0.645902 0.075007 0.020481 
0.655989 0.063741 0.018297 
0.646167 0.074686 0.020420 
0.627292 0.101573 0.025315 
0.606946 0.141116 0.032037 
0.576844 0.222917 0.045387 
0.547857 0.324395 0.062683 
0.502809 0.490497 0.098099 
0.476117 0.572916 0.122942 
0.461449 0.610480 0.137405 
0.409544 0.702503 0.190884 
0.361303 0.745261 0.241060 
0.274302 0.759681 0.328362 
0.188706 0.709318 0.411834 
0.133066 0.623483 0.468903 
0.141499 0.640683 0.459877 
0.114023 0.577073 0.490085 
0.083742 0.474917 0.527267 
0.055922 0.338678 0.568499 
0.027538 0.153502 0.628468 
0.015192 0.070175 0.672291 
0.010237 0.041207 0.700361 
0.008479 0.032213 0.714069 
0.007124 0.025965 0.727314 
0.007201 0.026299 0.726473 
0.007372 0.027053 0.724647 
0.007363 0.027014 0.724740 
0.007787 0.028933 0.720452 
0.008616 0.032882 0.712884 
0.011229 0.046629 0.693755 
0.013031 0.057004 0.683189 
0.016447 0.078118 0.666623 
0.021258 0.110018 0.647990 
0.021148 0.109270 0.648372 
0.026636 0.147201 0.631033 
0.032696 0.189472 0.614960 
0.034804 0.204037 0.609909 
0.027241 0.151422 0.629307 
0.033306 0.193702 0.613472 
0.052124 0.316347 0.575042 
0.072537 0.425643 0.542740 
0.066118 0.394094 0.552221 
0.044017 0.265737 0.590150 
0.037296 0.221082 0.604223 
0.046867 0.283972 0.584637 
0.052147 0.316486 0.575001 
0.051825 0.314553 0.575569 
0.041643 0.250215 0.594933 
0.029269 0.165598 0.623730 
0.020083 0.102066 0.652166 
0.018179 0.089374 0.659417 
0.019436 0.097722 0.654559 
0.021918 0.114523 0.645728 
0.024270 0.130736 0.638106 
0.030714 0.175684 0.619940 
0.046416 0.281116 0.585494 
0.070748 0.417105 0.545330 
0.081184 0.464287 0.530695 
0.078149 0.451210 0.534837 
0.108309 0.560764 0.496714 
0.168599 0.685006 0.431904 
0.209300 0.728369 0.391625 
0.216315 0.733707 0.384788 
0.231754 0.743634 0.369783 
0.234746 0.745286 0.366877 
0.208676 0.727868 0.392233 
0.193929 0.714661 0.406684 
0.162702 0.676611 0.437883 
0.125978 0.607524 0.476642 
0.125488 0.606366 0.477183 
0.138931 0.635640 0.462606 
0.146448 0.649950 0.454663 
0.091827 0.506274 0.516779 
0.093039 0.510692 0.515248 
0.054916 0.332855 0.570202 
0.051120 0.310295 0.576822 
0.088082 0.492161 0.521575 
0.102893 0.544140 0.503140 
0.126912 0.609711 0.475614 
0.152589 0.660672 0.448265 
0.200369 0.720757 0.400359 
0.239722 0.747847 0.362047 
0.176766 0.695643 0.423700 
0.222683 0.738095 0.378594 
0.250399 0.752588 0.351674 
0.180910 0.700630 0.419565 
0.094422 0.515651 0.513513 
0.035963 0.211995 0.607227 
0.014895 0.068324 0.673697 
0.008595 0.032778 0.713066 
0.006093 0.021775 0.740136 
0.005166 0.018732 0.755632 
0.005281 0.019050 0.753379 
0.005754 0.020552 0.745210 
0.005678 0.020294 0.746420 
0.005478 0.019643 0.749778 
0.005339 0.019220 0.752278 
0.005686 0.020322 0.746287 
0.006057 0.021639 0.740658 
0.005570 0.019934 0.748214 
0.005176 0.018759 0.755425 
0.004942 0.018193 0.760394 
0.004717 0.017790 0.765879 
0.004756 0.017847 0.764869 
0.004919 0.018145 0.760911 
0.005260 0.018989 0.753786 
0.005763 0.020584 0.745065 
0.006254 0.022385 0.737915 
0.008791 0.033743 0.711405 
0.012822 0.055771 0.684335 
0.015583 0.072630 0.670479 
0.020512 0.104957 0.650619 
0.021432 0.111205 0.647387 
0.021951 0.114748 0.645617 
0.017898 0.087532 0.660540 
0.019548 0.098469 0.654142 
0.021544 0.111969 0.647001 
0.025100 0.136493 0.635566 
0.024327 0.131129 0.637930 
0.023990 0.128791 0.638983 
0.015504 0.072130 0.670844 
0.014835 0.067951 0.673985 
0.016021 0.075405 0.668498 
0.023677 0.126625 0.639970 
0.035280 0.207313 0.608799 
0.053101 0.322178 0.573330 
0.075313 0.438517 0.538790 
0.098916 0.531159 0.507957 
0.124805 0.604739 0.477939 
0.161116 0.674244 0.439500 
0.243108 0.749460 0.358759 
0.366872 0.741885 0.235314 
0.438965 0.657588 0.160286 
0.467154 0.596534 0.131726 
0.467318 0.596118 0.131563 
0.467442 0.595806 0.131441 
0.444418 0.647270 0.154679 
0.446951 0.642242 0.152084 
0.435535 0.663737 0.163828 
0.428225 0.675995 0.171406 
0.416267 0.693716 0.183862 
0.400382 0.713226 0.200457 
0.352965 0.749672 0.249629 
0.311740 0.761493 0.291356 
0.277866 0.760338 0.324870 
0.280788 0.760801 0.322002 
0.297129 0.762130 0.305889 
0.321603 0.760060 0.281473 
0.372758 0.737922 0.229224 
0.395943 0.717935 0.205094 
0.399972 0.713674 0.200886 
0.418462 0.690670 0.181572 
0.427045 0.677870 0.172632 
0.412279 0.699025 0.188026 
0.361756 0.744999 0.240593 
0.353195 0.749560 0.249393 
0.321603 0.760060 0.281473 
0.297379 0.762134 0.305640 
0.235129 0.745491 0.366506 
0.200677 0.721035 0.400057 
0.168080 0.684292 0.432428 
0.136804 0.631336 0.464879 
0.143935 0.645317 0.457304 
0.160495 0.673304 0.440134 
0.190401 0.711092 0.410160 
0.192832 0.713569 0.407764 
0.198153 0.718719 0.402532 
0.185393 0.705733 0.415113 
0.194112 0.714841 0.406504 
0.193197 0.713934 0.407404 
0.212300 0.730718 0.388699 
0.236531 0.746231 0.365144 
0.244386 0.750042 0.357517 
0.244386 0.750042 0.357517 
0.253407 0.753743 0.348749 
0.244706 0.750186 0.357207 
0.250783 0.752739 0.351301 
0.252319 0.753334 0.349807 
0.232963 0.744311 0.368609 
0.212801 0.731101 0.388211 
0.210674 0.729457 0.390285 
0.216441 0.733798 0.384666 
0.233536 0.744628 0.368052 
0.252895 0.753552 0.349247 
0.261662 0.756520 0.340711 
0.235766 0.745829 0.365887 
0.224455 0.739241 0.376872 
0.241766 0.748833 0.360062 
0.232263 0.743921 0.369288 
0.237233 0.746594 0.364463 
0.236659 0.746297 0.365021 
0.262941 0.756899 0.339464 
0.288385 0.761684 0.314527 
0.315554 0.761037 0.287542 
0.348044 0.751930 0.254667 
0.370213 0.739686 0.231858 
0.401866 0.711582 0.198906 
0.441095 0.653638 0.158092 
0.475678 0.574122 0.123368 
0.490920 0.529359 0.108886 
0.527484 0.401383 0.077507 
0.541905 0.346789 0.066792 
0.551449 0.311026 0.060293 
0.568157 0.251472 0.050095 
0.588393 0.188218 0.039738 
0.595705 0.168355 0.036509 
0.602484 0.151452 0.033743 
0.622732 0.109406 0.026680 
0.644656 0.076539 0.020771 
0.674674 0.047441 0.014913 
0.692841 0.035959 0.012294 
0.701901 0.031449 0.011188 
0.678957 0.044398 0.014242 
0.648415 0.072015 0.019911 
0.620960 0.112602 0.027232 
0.596864 0.165364 0.036021 
0.579937 0.213238 0.043807 
0.571870 0.239028 0.048034 
0.581041 0.209850 0.043254 
0.587246 0.191483 0.040269 
0.581622 0.208083 0.042967 
0.570923 0.242171 0.048553 
0.577429 0.221065 0.045084 
0.579995 0.213059 0.043777 
0.570003 0.245244 0.049061 
0.565044 0.262157 0.051881 
0.574672 0.229869 0.046526 
0.566783 0.256162 0.050877 
0.576902 0.222731 0.045357 
0.586930 0.192390 0.040416 
0.622024 0.110673 0.026899 
0.626128 0.103520 0.025657 
0.633120 0.092361 0.023679 
0.636795 0.086986 0.022707 
0.628239 0.100016 0.025041 
0.608335 0.138027 0.031524 
0.606696 0.141679 0.032130 
0.595734 0.168282 0.036497 
0.605137 0.145232 0.032718 
0.615815 0.122395 0.028903 
0.614000 0.126033 0.029517 
0.604300 0.147170 0.033038 
0.591306 0.180104 0.038420 
0.578684 0.217124 0.044440 
0.583850 0.201394 0.041879 
0.584917 0.198242 0.041367 
0.594743 0.170873 0.036919 
0.592387 0.177159 0.037942 
0.596553 0.166162 0.036151 
0.608029 0.138701 0.031636 
0.600494 0.156262 0.034532 
0.611435 0.131342 0.030409 
0.606863 0.141304 0.032068 
0.608612 0.137416 0.031423 
0.600971 0.155098 0.034342 
0.596638 0.165944 0.036115 
0.592018 0.178161 0.038105 
0.571752 0.239419 0.048098 
0.544260 0.337900 0.065144 
0.517927 0.436928 0.085165 
0.481531 0.557635 0.117729 
0.462792 0.607272 0.136063 
0.426950 0.678019 0.172731 
0.395059 0.718836 0.206016 
0.358635 0.746754 0.243806 
0.378507 0.733639 0.223258 
0.389023 0.724682 0.212314 
0.400690 0.712888 0.200136 
0.403650 0.709561 0.197043 
0.411088 0.700555 0.189270 
0.431133 0.671254 0.168387 
0.444864 0.646396 0.154222 
0.457040 0.620690 0.141835 
0.458361 0.617682 0.140504 
0.436637 0.661790 0.162689 
0.417196 0.692438 0.182893 
0.385086 0.728212 0.216416 
0.357038 0.747611 0.245448 
0.333361 0.757245 0.269609 
0.353771 0.749278 0.248803 
0.368713 0.740690 0.233411 
0.381810 0.730986 0.219825 
0.403954 0.709210 0.196725 
0.428696 0.675239 0.170917 
0.443120 0.649787 0.156011 
0.469534 0.590465 0.129376 
0.500624 0.497876 0.100044 
0.523724 0.415476 0.080469 
0.544703 0.336229 0.064837 
0.549735 0.317386 0.061424 
0.565194 0.261637 0.051794 
0.572255 0.237759 0.047824 
0.585003 0.197988 0.041325 
0.602316 0.151853 0.033809 
0.629266 0.098355 0.024748 
0.628483 0.099620 0.024971 
0.627347 0.101483 0.025299 
0.625911 0.103887 0.025721 
0.624228 0.106774 0.026224 
0.623194 0.108585 0.026538 
0.631343 0.095077 0.024165 
0.632662 0.093053 0.023803 
0.616940 0.120188 0.028528 
0.613311 0.127439 0.029754 
0.615045 0.123925 0.029162 
0.620715 0.113052 0.027309 
0.622705 0.109454 0.026689 
0.622024 0.110673 0.026899 
0.624336 0.106585 0.026191 
0.631074 0.095496 0.024240 
0.637678 0.085743 0.022480 
0.642558 0.079193 0.021269 
0.634973 0.089610 0.023183 
0.618419 0.117343 0.028044 
0.597907 0.162705 0.035587 
0.584686 0.198920 0.041477 
0.587992 0.189355 0.039923 
0.597371 0.164065 0.035809 
0.611380 0.131458 0.030429 
0.624961 0.105507 0.026003 
0.630508 0.096383 0.024398 
0.644391 0.076870 0.020833 
0.664506 0.055649 0.016656 
0.684652 0.040688 0.013403 
0.703320 0.030804 0.011026 
0.718119 0.024920 0.009481 
0.721141 0.023887 0.009196 
0.730033 0.021127 0.008414 
0.723230 0.023202 0.009005 
0.711870 0.027228 0.010101 
0.707019 0.029194 0.010614 
0.708520 0.028568 0.010452 
0.716505 0.025494 0.009637 
0.730677 0.020942 0.008360 
0.728788 0.021490 0.008518 
0.718522 0.024780 0.009442 
0.716291 0.025571 0.009657 
0.704418 0.030316 0.010902 
0.678169 0.044941 0.014363 
0.664273 0.055855 0.016699 
0.662301 0.057630 0.017064 
0.657977 0.061744 0.017898 
0.661625 0.058253 0.017192 
0.680252 0.043522 0.014046 
0.685332 0.040269 0.013307 
0.671522 0.049831 0.015430 
0.660454 0.059349 0.017415 
0.630427 0.096510 0.024420 
0.603937 0.148017 0.033177 
0.592501 0.176851 0.037892 
0.567351 0.254217 0.050553 
0.536855 0.365924 0.070424 
0.482859 0.553773 0.116463 
0.354920 0.748705 0.247624 
0.317759 0.760717 0.285332 
0.243938 0.749840 0.357952 
0.226355 0.740435 0.375025 
0.253663 0.753838 0.348500 
0.275703 0.759951 0.326990 
0.279518 0.760608 0.323248 
0.338476 0.755628 0.264419 
0.393703 0.720196 0.207432 
0.427140 0.677720 0.172534 
0.448452 0.639192 0.150551 
0.493143 0.522341 0.106832 
0.519883 0.429734 0.083563 
0.537664 0.362855 0.069834 
0.525777 0.407793 0.078843 
0.507948 0.472746 0.093597 
0.491411 0.527818 0.108431 
0.482703 0.554229 0.116612 
0.471773 0.584624 0.127176 
0.462331 0.608378 0.136523 
0.432483 0.668992 0.166987 
0.426524 0.678688 0.173174 
0.424814 0.681336 0.174953 
0.416365 0.693582 0.183760 
0.396358 0.717507 0.204660 
0.382887 0.730090 0.218705 
0.363561 0.743934 0.238732 
0.379430 0.732912 0.222299 
0.383049 0.729954 0.218537 
0.376108 0.735477 0.225750 
0.370657 0.739384 0.231399 
0.369436 0.740209 0.232663 
0.376600 0.735106 0.225239 
0.381487 0.731253 0.220162 
0.370768 0.739308 0.231285 
0.309888 0.761671 0.293205 
0.265625 0.757651 0.336845 
0.212738 0.731053 0.388272 
0.171554 0.688984 0.428925 
0.145697 0.648581 0.455451 
0.128594 0.613585 0.473767 
0.115681 0.581583 0.488188 
0.133880 0.625224 0.468023 
0.159201 0.671322 0.441458 
0.169466 0.686188 0.431029 
0.180970 0.700700 0.419506 
0.192041 0.712772 0.408543 
0.209987 0.728916 0.390955 
0.236212 0.746064 0.365454 
0.246177 0.750833 0.355778 
0.272455 0.759300 0.330171 
0.273474 0.759513 0.329173 
0.251423 0.752990 0.350679 
0.235320 0.745593 0.366320 
0.246432 0.750944 0.355529 
0.214619 0.732466 0.386439 
0.171089 0.688368 0.429393 
0.147148 0.651214 0.453930 
0.104992 0.550721 0.500633 
0.074789 0.436124 0.539529 
0.058998 0.356092 0.563407 
0.058945 0.355801 0.563492 
0.109417 0.564022 0.495417 
0.195823 0.716509 0.404820 
0.241829 0.748863 0.360000 
0.253663 0.753838 0.348500 
0.199014 0.719518 0.401687 
0.174826 0.693215 0.425641 
0.220030 0.736318 0.381173 
0.292293 0.761959 0.310671 
0.372316 0.738234 0.229681 
0.407289 0.705272 0.193240 
0.427423 0.677272 0.172239 
0.450033 0.635921 0.148939 
0.467154 0.596534 0.131726 
0.475358 0.574998 0.123679 
0.467853 0.594765 0.131034 
0.468593 0.592883 0.130304 
0.468511 0.593093 0.130385 
0.474275 0.577940 0.124732 
0.484064 0.550229 0.115319 
0.479252 0.564161 0.119914 
0.467483 0.595702 0.131400 
0.455798 0.623478 0.143089 
0.458021 0.618461 0.140847 
0.444641 0.646834 0.154450 
0.450077 0.635830 0.148895 
0.462624 0.607675 0.136230 
0.469493 0.590571 0.129416 
0.465376 0.600970 0.133490 
0.464128 0.604034 0.134730 
0.469289 0.591097 0.129617 
0.466906 0.597156 0.131971 
0.455669 0.623765 0.143219 
0.433550 0.667178 0.165882 
0.418559 0.690533 0.181471 
0.400228 0.713394 0.200618 
0.383908 0.729226 0.217643 
0.374408 0.736735 0.227512 
0.372482 0.738117 0.229510 
0.378616 0.733554 0.223146 
0.381055 0.731606 0.220611 
0.387909 0.725702 0.213475 
0.390396 0.723398 0.210882 
0.399406 0.714288 0.201477 
0.406937 0.705697 0.193608 
0.409893 0.702066 0.190519 
0.439329 0.656921 0.159911 
0.466659 0.597777 0.132217 
0.487991 0.538417 0.111616 
0.495200 0.515744 0.104946 
0.490693 0.530069 0.109097 
0.495610 0.514419 0.104573 
0.486419 0.543192 0.113093 
0.466700 0.597674 0.132176 
0.441636 0.652618 0.157535 
0.408944 0.703248 0.191511 
0.387166 0.726374 0.214250 
0.367096 0.741742 0.235083 
0.305924 0.761956 0.297156 
0.283198 0.761131 0.319634 
0.292482 0.761969 0.310485 
0.299444 0.762145 0.303594 
0.282184 0.760998 0.320631 
0.199260 0.719745 0.401446 
0.148335 0.653335 0.452688 
0.101036 0.538163 0.505378 
0.069793 0.412464 0.546730 
0.071090 0.418752 0.544832 
0.060370 0.363668 0.561188 
0.053691 0.325673 0.572305 
0.044717 0.270254 0.588775 
0.030261 0.172519 0.621115 
0.027605 0.153969 0.628282 
0.024167 0.130019 0.638428 
0.017486 0.084840 0.662219 
0.012442 0.053545 0.686469 
0.012117 0.051664 0.688346 
0.011644 0.048961 0.691175 
0.011491 0.048095 0.692117 
0.012384 0.053207 0.686801 
0.015836 0.074226 0.669331 
0.017540 0.085190 0.661998 
0.020193 0.102804 0.651768 
0.021424 0.111151 0.647414 
0.031939 0.184211 0.616835 
0.048185 0.292245 0.582166 
0.059522 0.359000 0.562556 
0.075674 0.440162 0.538281 
0.084175 0.476682 0.526692 
0.109684 0.564801 0.495105 
0.140920 0.639561 0.460491 
0.198153 0.718719 0.402532 
0.234938 0.745388 0.366692 
0.273474 0.759513 0.329173 
0.296565 0.762120 0.306447 
0.313588 0.761288 0.289509 
0.369880 0.739911 0.232203 
0.411287 0.700302 0.189063 
0.420207 0.688183 0.179752 
0.413318 0.697670 0.186941 
0.396151 0.717721 0.204877 
0.359886 0.746064 0.242519 
0.276212 0.760045 0.326491 
0.168656 0.685085 0.431846 
0.159257 0.671408 0.441400 
0.168368 0.684689 0.432137 
0.168310 0.684610 0.432195 
0.199691 0.720140 0.401023 
0.266009 0.757754 0.336471 
0.315185 0.761086 0.287911 
0.356123 0.748089 0.246388 
0.411337 0.700238 0.189011 
0.443120 0.649787 0.156011 
0.478422 0.566503 0.120713 
0.477986 0.567726 0.121133 
0.484877 0.547815 0.114548 
0.485726 0.545277 0.113746 
0.489593 0.533491 0.110120 
0.513942 0.451427 0.088482 
0.540144 0.353452 0.068043 
0.547322 0.326393 0.063044 
0.542511 0.344498 0.066365 
0.565554 0.260391 0.051585 
0.580838 0.210471 0.043356 
0.604328 0.147105 0.033027 
0.618255 0.117656 0.028097 
0.608501 0.137660 0.031463 
0.591875 0.178548 0.038168 
0.591818 0.178703 0.038193 
0.597005 0.165002 0.035962 
0.606585 0.141930 0.032172 
0.603379 0.149329 0.033394 
0.585234 0.197312 0.041216 
0.583041 0.203806 0.042271 
0.581215 0.209318 0.043168 
0.574496 0.230440 0.046620 
0.563629 0.267083 0.052710 
0.547354 0.326276 0.063022 
0.518615 0.434404 0.084600 
0.504436 0.484934 0.096663 
0.484257 0.549655 0.115135 
0.452301 0.631124 0.146632 
0.423046 0.684012 0.176794 
0.363843 0.743765 0.238441 
0.312972 0.761359 0.290125 
0.242852 0.749342 0.359007 
0.227370 0.741058 0.374040 
0.264091 0.757229 0.338342 
0.268755 0.758454 0.333789 
0.250079 0.752460 0.351985 
0.223379 0.738548 0.377918 
0.205255 0.725039 0.395575 
0.193075 0.713813 0.407524 
0.172603 0.690359 0.427871 
0.204635 0.724511 0.396182 
0.249311 0.752151 0.352732 
0.297943 0.762140 0.305082 
0.329766 0.758237 0.273245 
0.338121 0.755748 0.264780 
0.372040 0.738427 0.229967 
0.404614 0.708446 0.196036 
0.441546 0.652788 0.157628 
0.490731 0.529951 0.109062 
0.504941 0.483198 0.096219 
0.529943 0.392108 0.075606 
0.548985 0.320181 0.061925 
0.574907 0.229110 0.046402 
0.604328 0.147105 0.033027 
0.636688 0.087138 0.022734 
0.662171 0.057749 0.017089 
0.684400 0.040845 0.013439 
0.696166 0.034222 0.011874 
0.693811 0.035442 0.012170 
0.701289 0.031733 0.011259 
0.706922 0.029235 0.010625 
0.734790 0.019804 0.008025 
0.743389 0.017653 0.007373 
0.754754 0.015217 0.006598 
0.755287 0.015112 0.006563 
0.742412 0.017883 0.007444 
0.737372 0.019128 0.007823 
0.714050 0.026396 0.009879 
0.692617 0.036080 0.012323 
0.675798 0.046620 0.014733 
0.666499 0.053923 0.016297 
0.651211 0.068835 0.019297 
0.625802 0.104070 0.025753 
0.597315 0.164209 0.035832 
0.584946 0.198157 0.041353 
0.582664 0.204934 0.042454 
0.598161 0.162064 0.035482 
0.604607 0.146456 0.032920 
0.603882 0.148148 0.033199 
0.582607 0.205108 0.042483 
0.562422 0.271321 0.053426 
0.541553 0.348118 0.067041 
0.525777 0.407793 0.078843 
0.512367 0.457087 0.089811 
0.496798 0.510551 0.103492 
0.495424 0.515021 0.104742 
0.494491 0.518029 0.105595 
0.477073 0.570273 0.122016 
0.411585 0.699920 0.188751 
0.367877 0.741237 0.234275 
0.338002 0.755788 0.264901 
0.313649 0.761280 0.289448 
0.306731 0.761909 0.296353 
0.288006 0.761651 0.314901 
0.316167 0.760952 0.286928 
0.324396 0.759503 0.278663 
0.287564 0.761611 0.315337 
0.225721 0.740041 0.375641 
0.176589 0.695424 0.423876 
0.124172 0.603220 0.478640 
0.080555 0.461618 0.531546 
0.054529 0.330595 0.570864 
0.046132 0.279309 0.586038 
0.041336 0.248187 0.595566 
0.037617 0.223266 0.603509 
0.032587 0.188712 0.615229 
0.028842 0.162611 0.624880 
0.022735 0.120132 0.643005 
0.022735 0.120132 0.643005 
0.026111 0.143536 0.632559 
0.034204 0.199906 0.611322 
0.041211 0.247355 0.595825 
0.048207 0.292378 0.582127 
0.060317 0.363376 0.561274 
0.084974 0.479910 0.525636 
0.111252 0.569316 0.493282 
0.143032 0.643616 0.458256 
0.194295 0.715022 0.406323 
0.225531 0.739922 0.375826 
0.213929 0.731952 0.387112 
0.208489 0.727717 0.392416 
0.223758 0.738794 0.377549 
0.264603 0.757372 0.337843 
0.281042 0.760838 0.321752 
0.302565 0.762097 0.300496 
0.301131 0.762129 0.301920 
0.307537 0.761856 0.295550 
0.290467 0.761846 0.312474 
0.266584 0.757906 0.335909 
0.241191 0.748559 0.360621 
0.236276 0.746098 0.365392 
0.231818 0.743670 0.369721 
0.229275 0.742200 0.372190 
0.196619 0.717272 0.404038 
0.146771 0.650535 0.454325 
0.119709 0.592144 0.483625 
0.092334 0.508129 0.516138 
0.068067 0.403940 0.549287 
0.036568 0.216125 0.605854 
0.025248 0.137526 0.635118 
0.023226 0.123514 0.641409 
0.018273 0.090000 0.659040 
0.016506 0.078502 0.666363 
0.022865 0.121028 0.642579 
0.033489 0.194968 0.613031 
0.059312 0.357836 0.562896 
0.131749 0.620628 0.470328 
0.209737 0.728717 0.391199 
0.274239 0.759668 0.328424 
0.300881 0.762133 0.302168 
0.272327 0.759272 0.330295 
0.252703 0.753480 0.349434 
0.232963 0.744311 0.368609 
0.211987 0.730478 0.389004 
0.225912 0.740160 0.375457 
0.197785 0.718374 0.402893 
0.188827 0.709446 0.411715 
0.200615 0.720980 0.400117 
0.215309 0.732975 0.385767 
0.189856 0.710526 0.410699 
0.135157 0.627923 0.466646 
0.107034 0.556956 0.498214 
