0.101489 0.539635 0.504830 
0.053865 0.326701 0.572004 
0.059137 0.356868 0.563180 
0.097356 0.525878 0.509872 
0.177845 0.696967 0.422621 
0.319775 0.760388 0.283309 
0.266912 0.757991 0.335589 
0.221875 0.737561 0.379380 
0.142114 0.641865 0.459227 
0.105488 0.552252 0.500042 
0.076771 0.445102 0.536747 
0.052442 0.318251 0.574482 
0.020510 0.104945 0.650625 
0.032371 0.187217 0.615760 
0.024451 0.131990 0.637546 
0.079363 0.456501 0.533170 
0.146272 0.649631 0.454847 
0.265262 0.757553 0.337199 
0.398796 0.714944 0.202115 
0.389750 0.724005 0.211556 
0.363765 0.743812 0.238522 
0.292739 0.761983 0.310230 
0.218994 0.735605 0.382181 
0.181955 0.701846 0.418526 
0.189388 0.710036 0.411161 
0.246783 0.751095 0.355189 
0.291413 0.761908 0.311540 
0.280303 0.760728 0.322478 
0.304495 0.762027 0.298578 
0.403269 0.709997 0.197441 
0.478424 0.566498 0.120711 
0.550455 0.314713 0.060948 
0.613136 0.127799 0.029815 
0.619423 0.115448 0.027720 
0.567658 0.253171 0.050378 
0.441923 0.652075 0.157241 
0.300348 0.762139 0.302698 
0.184283 0.704496 0.416214 
0.137820 0.633406 0.463792 
0.091707 0.505831 0.516931 
0.053229 0.322937 0.573107 
0.059181 0.357114 0.563108 
0.051783 0.314301 0.575643 
0.042995 0.259093 0.592186 
0.037304 0.221140 0.604204 
0.042378 0.255050 0.593433 
0.033360 0.194070 0.613344 
0.034900 0.204699 0.609684 
0.065719 0.392052 0.552827 
0.052610 0.319256 0.574187 
0.075950 0.441409 0.537895 
0.083068 0.472150 0.528165 
0.083406 0.473539 0.527715 
0.146800 0.650588 0.454294 
0.260370 0.756123 0.341970 
0.304423 0.762030 0.298649 
0.265092 0.757507 0.337366 
0.154543 0.663912 0.446245 
0.094801 0.516994 0.513040 
0.181970 0.701863 0.418511 
0.319049 0.760511 0.284038 
0.380866 0.731759 0.220806 
0.405148 0.707822 0.195478 
0.442399 0.651169 0.156751 
0.474053 0.578539 0.124948 
0.450571 0.634794 0.148391 
0.381998 0.730831 0.219630 
0.324241 0.759535 0.278818 
0.226488 0.740517 0.374896 
0.193141 0.713878 0.407460 
0.324856 0.759404 0.278199 
0.468849 0.592226 0.130051 
0.535811 0.369884 0.071191 
0.555967 0.294444 0.057387 
0.540020 0.353923 0.068132 
0.558641 0.284773 0.055718 
0.614570 0.124879 0.029323 
0.644901 0.076236 0.020714 
0.639240 0.083588 0.022084 
0.714364 0.026278 0.009848 
0.786779 0.010194 0.004837 
0.800255 0.008665 0.004244 
0.764214 0.013484 0.006018 
0.690129 0.037452 0.012649 
0.648442 0.071985 0.019905 
0.597575 0.163547 0.035724 
0.566794 0.256122 0.050871 
0.503936 0.486649 0.097103 
0.471328 0.585795 0.127612 
0.481155 0.558723 0.118089 
0.495054 0.516216 0.105080 
0.502499 0.491549 0.098374 
0.490113 0.531875 0.109636 
0.406892 0.705751 0.193655 
0.253504 0.753779 0.348655 
0.147205 0.651318 0.453870 
0.141201 0.640105 0.460194 
0.281629 0.760921 0.321176 
0.372279 0.738260 0.229719 
0.499896 0.500315 0.100696 
0.506203 0.478832 0.095114 
0.427322 0.677431 0.172344 
0.323090 0.759772 0.279978 
0.368266 0.740983 0.233873 
0.310819 0.761585 0.292276 
0.217000 0.734200 0.384121 
0.142858 0.643286 0.458440 
0.071892 0.422587 0.543670 
0.043674 0.263511 0.590830 
0.021649 0.112685 0.646642 
0.021469 0.111455 0.647261 
0.028286 0.158726 0.626394 
0.018864 0.093910 0.656732 
0.016595 0.079069 0.665981 
0.011022 0.045476 0.695083 
0.008876 0.034166 0.710698 
0.008860 0.034087 0.710828 
0.016816 0.080491 0.665031 
0.019486 0.098055 0.654373 
0.019176 0.095983 0.655542 
0.016613 0.079183 0.665903 
0.009882 0.039324 0.702896 
0.007475 0.027515 0.723572 
0.006716 0.024235 0.732016 
0.007217 0.026371 0.726295 
0.007302 0.026744 0.725385 
0.012120 0.051677 0.688333 
0.024788 0.134326 0.636513 
0.043952 0.265314 0.590279 
0.098984 0.531385 0.507875 
0.201586 0.721850 0.399166 
0.378004 0.734031 0.223781 
0.426030 0.679460 0.173688 
0.477474 0.569158 0.121628 
0.510924 0.462238 0.091039 
0.478954 0.565004 0.120201 
0.501950 0.493411 0.098862 
0.511842 0.458964 0.090257 
0.492918 0.523058 0.107040 
0.406805 0.705856 0.193746 
0.440063 0.655566 0.159155 
0.508347 0.471349 0.093253 
0.534431 0.375116 0.072214 
0.484404 0.549221 0.114996 
0.359930 0.746039 0.242474 
0.302286 0.762104 0.300773 
0.369887 0.739906 0.232196 
0.387087 0.726445 0.214332 
0.371525 0.738786 0.230500 
0.297341 0.762133 0.305678 
0.189716 0.710380 0.410837 
0.102661 0.543402 0.503418 
0.108316 0.560785 0.496706 
0.164242 0.678864 0.436317 
0.235732 0.745811 0.365921 
0.287204 0.761577 0.315691 
0.366347 0.742218 0.235856 
0.457356 0.619974 0.141516 
0.513710 0.452261 0.088677 
0.507449 0.474493 0.094030 
0.469534 0.590466 0.129376 
0.508403 0.471152 0.093204 
0.562578 0.270771 0.053333 
0.570881 0.242308 0.048575 
0.541205 0.349435 0.067287 
0.525009 0.410672 0.079449 
0.496406 0.511830 0.103847 
0.428821 0.675037 0.170786 
0.382007 0.730824 0.219621 
0.302850 0.762088 0.300213 
0.212270 0.730695 0.388728 
0.231011 0.743210 0.370504 
0.283318 0.761146 0.319516 
0.308034 0.761821 0.295055 
0.155719 0.665825 0.445032 
0.189064 0.709695 0.411481 
0.082888 0.471405 0.528406 
0.101668 0.540214 0.504614 
0.294720 0.762068 0.308272 
0.345740 0.752903 0.257021 
0.400345 0.713267 0.200496 
0.435807 0.663259 0.163547 
0.488751 0.536087 0.110906 
0.511142 0.461464 0.090853 
0.381055 0.731605 0.220610 
0.446945 0.642254 0.152091 
0.464710 0.602610 0.134151 
0.312744 0.761385 0.290353 
0.102538 0.543007 0.503567 
0.019596 0.098795 0.653960 
0.007973 0.029800 0.718662 
0.005850 0.020889 0.743716 
0.004987 0.018293 0.759378 
0.004717 0.017790 0.765879 
0.006051 0.021617 0.740743 
0.017016 0.081785 0.664181 
0.027063 0.150180 0.629812 
0.031138 0.178635 0.618856 
0.037970 0.225656 0.602732 
0.137465 0.632685 0.464172 
0.261847 0.756576 0.340531 
0.146803 0.650593 0.454291 
0.068962 0.408384 0.547956 
0.043035 0.259352 0.592106 
0.023022 0.122104 0.642070 
0.052260 0.317163 0.574802 
0.171780 0.689282 0.428698 
0.370697 0.739357 0.231358 
0.486938 0.541624 0.112605 
0.526774 0.404050 0.078060 
0.641938 0.079997 0.021419 
0.684528 0.040765 0.013420 
0.667357 0.053198 0.016145 
0.661771 0.058118 0.017164 
0.618821 0.116582 0.027914 
0.579265 0.215317 0.044146 
0.500121 0.499561 0.100494 
0.491252 0.528317 0.108578 
0.485173 0.546931 0.114268 
0.491029 0.529016 0.108785 
0.455248 0.624702 0.143646 
0.427414 0.677286 0.172248 
0.254256 0.754055 0.347923 
0.247246 0.751293 0.354738 
0.292973 0.761995 0.310000 
0.425888 0.679680 0.173836 
0.495462 0.514896 0.104707 
0.538175 0.360916 0.069462 
0.559558 0.281486 0.055155 
0.566182 0.258225 0.051222 
0.567456 0.253859 0.050493 
0.575522 0.227134 0.046078 
0.620469 0.113504 0.027387 
0.691237 0.036833 0.012503 
0.713447 0.026623 0.009940 
0.691399 0.036744 0.012481 
0.637414 0.086113 0.022547 
0.591398 0.179852 0.038379 
0.514414 0.449719 0.088085 
0.487872 0.538783 0.111729 
0.436081 0.662776 0.163264 
0.397734 0.716072 0.203224 
0.352704 0.749798 0.249897 
0.304531 0.762026 0.298542 
0.190443 0.711136 0.410119 
0.130795 0.618526 0.471366 
0.105644 0.552730 0.499858 
0.144761 0.646855 0.456435 
0.208730 0.727911 0.392181 
0.282774 0.761076 0.320050 
0.396758 0.717093 0.204243 
0.427415 0.677285 0.172248 
0.415208 0.695155 0.184968 
0.434867 0.664905 0.164519 
0.431512 0.670623 0.167994 
0.376950 0.734841 0.224876 
0.241434 0.748676 0.360384 
0.235656 0.745771 0.365994 
0.181032 0.700772 0.419444 
0.157534 0.668720 0.443167 
0.084859 0.479447 0.525788 
0.073163 0.428586 0.541842 
0.065055 0.388625 0.553842 
0.057769 0.349211 0.565419 
0.100393 0.536058 0.506158 
0.169330 0.686004 0.431166 
0.264807 0.757428 0.337644 
0.279920 0.760670 0.322854 
0.298140 0.762142 0.304886 
0.273143 0.759445 0.329497 
0.300329 0.762139 0.302716 
0.300887 0.762133 0.302163 
0.342818 0.754061 0.260002 
0.382731 0.730221 0.218868 
0.383720 0.729387 0.217838 
0.370369 0.739581 0.231698 
0.375967 0.735583 0.225896 
0.347549 0.752143 0.255173 
0.352468 0.749911 0.250139 
0.347725 0.752068 0.254993 
0.302088 0.762109 0.300971 
0.261690 0.756528 0.340683 
0.267493 0.758140 0.335021 
0.288993 0.761735 0.313928 
0.328911 0.758456 0.274109 
0.363128 0.744193 0.239179 
0.369791 0.739971 0.232295 
0.308002 0.761823 0.295086 
0.285476 0.761400 0.317393 
0.326481 0.759042 0.276562 
0.304477 0.762028 0.298596 
0.316319 0.760931 0.286775 
0.314473 0.761179 0.288623 
0.365258 0.742899 0.236980 
0.401018 0.712526 0.199793 
0.430821 0.671771 0.168711 
0.462379 0.608265 0.136476 
0.472569 0.582514 0.126397 
0.496871 0.510311 0.103425 
0.530765 0.389002 0.074977 
0.555357 0.296667 0.057773 
0.546890 0.328013 0.063337 
0.580964 0.210084 0.043293 
0.571045 0.241764 0.048485 
0.554002 0.301623 0.058638 
0.556091 0.293992 0.057309 
0.566939 0.255626 0.050788 
0.547544 0.325566 0.062894 
0.530133 0.391391 0.075460 
0.549651 0.317699 0.061480 
0.569715 0.246209 0.049221 
0.605198 0.145090 0.032695 
0.607356 0.140197 0.031885 
0.588114 0.189008 0.039867 
0.481292 0.558326 0.117958 
0.324452 0.759491 0.278606 
0.186624 0.707083 0.413894 
0.110440 0.566989 0.494224 
0.087484 0.489842 0.522351 
0.095998 0.521195 0.511550 
0.165729 0.680999 0.434808 
0.221921 0.737591 0.379335 
0.214108 0.732086 0.386937 
0.185937 0.706332 0.414575 
0.240217 0.748089 0.361566 
0.266776 0.757956 0.335721 
0.230323 0.742814 0.371172 
0.224649 0.739365 0.376683 
0.285986 0.761455 0.316891 
0.255723 0.754580 0.346495 
0.312707 0.761389 0.290390 
0.356187 0.748056 0.246323 
0.476990 0.570504 0.122096 
0.463620 0.605271 0.135237 
0.462168 0.608768 0.136686 
0.449947 0.636100 0.149026 
0.392935 0.720954 0.208233 
0.286964 0.761554 0.315928 
0.284348 0.761272 0.318502 
0.237542 0.746753 0.364163 
0.297658 0.762137 0.305365 
0.349885 0.751114 0.252785 
0.334432 0.756926 0.268523 
0.284513 0.761291 0.318341 
0.228277 0.741606 0.373159 
0.187476 0.708005 0.413051 
0.235736 0.745813 0.365917 
0.256304 0.754783 0.345931 
0.313413 0.761308 0.289684 
0.302470 0.762099 0.300591 
0.323621 0.759664 0.279443 
0.371815 0.738585 0.230200 
0.327205 0.758872 0.275831 
0.372453 0.738137 0.229540 
0.340968 0.754751 0.261885 
0.343312 0.753871 0.259498 
0.302135 0.762108 0.300923 
0.283899 0.761218 0.318944 
0.267929 0.758250 0.334596 
0.184238 0.704447 0.416258 
0.106243 0.554560 0.499148 
0.070050 0.413719 0.546352 
0.041425 0.248772 0.595383 
0.044497 0.268843 0.589204 
0.034489 0.201868 0.610649 
0.032671 0.189298 0.615021 
0.030595 0.174854 0.620247 
0.074187 0.433350 0.540382 
0.126841 0.609546 0.475691 
0.187071 0.707568 0.413451 
0.219340 0.735844 0.381844 
0.258053 0.755376 0.344227 
0.324025 0.759580 0.279036 
0.359225 0.746431 0.243199 
0.383143 0.729875 0.218439 
0.373506 0.737388 0.228448 
0.299930 0.762143 0.303113 
0.247504 0.751401 0.354489 
0.177949 0.697093 0.422518 
0.142085 0.641810 0.459258 
0.126965 0.609833 0.475556 
0.203175 0.723251 0.397610 
0.260470 0.756154 0.341873 
0.302926 0.762086 0.300138 
0.358248 0.746964 0.244205 
0.407329 0.705224 0.193198 
0.423358 0.683545 0.176469 
0.463626 0.605256 0.135231 
0.506729 0.477005 0.094656 
0.526893 0.403606 0.077968 
0.541052 0.350016 0.067396 
0.518860 0.433505 0.084400 
0.525362 0.409351 0.079170 
0.511192 0.461285 0.090810 
0.514421 0.449694 0.088079 
0.529327 0.394437 0.076079 
0.565008 0.262283 0.051902 
0.526323 0.405747 0.078414 
0.490543 0.530538 0.109237 
0.457247 0.620223 0.141627 
0.426586 0.678591 0.173110 
0.402259 0.711141 0.198496 
0.418171 0.691079 0.181876 
0.404460 0.708625 0.196197 
0.317549 0.760749 0.285543 
0.299385 0.762145 0.303653 
0.310353 0.761629 0.292742 
0.337315 0.756017 0.265599 
0.341647 0.754501 0.261194 
0.332861 0.757390 0.270115 
0.339611 0.755236 0.263266 
0.364794 0.743186 0.237459 
0.383639 0.729455 0.217922 
0.391163 0.722670 0.210082 
0.342539 0.754167 0.260286 
0.256401 0.754817 0.345835 
0.170750 0.687916 0.429735 
0.141683 0.641037 0.459683 
0.187242 0.707753 0.413282 
0.256032 0.754688 0.346195 
0.333421 0.757227 0.269548 
0.388681 0.724997 0.212671 
0.397530 0.716287 0.203437 
0.436414 0.662186 0.162919 
0.485272 0.546635 0.114174 
0.520547 0.427284 0.083024 
0.543657 0.340172 0.065563 
0.552230 0.308141 0.059783 
0.526196 0.406223 0.078514 
0.522448 0.420232 0.081490 
0.465941 0.599568 0.132928 
0.390882 0.722938 0.210375 
0.352483 0.749904 0.250123 
0.352382 0.749952 0.250227 
0.384125 0.729041 0.217416 
0.435489 0.663819 0.163876 
0.405294 0.707650 0.195325 
0.336164 0.756389 0.266767 
0.319590 0.760420 0.283495 
0.252726 0.753488 0.349412 
0.132151 0.621503 0.469893 
0.106488 0.555306 0.498858 
0.132189 0.621587 0.469851 
0.145004 0.647306 0.456179 
0.193473 0.714209 0.407133 
0.313794 0.761263 0.289303 
0.339212 0.755375 0.263672 
0.262689 0.756826 0.339709 
0.215356 0.733009 0.385722 
0.102431 0.542667 0.503695 
0.058066 0.350884 0.564930 
0.061521 0.369928 0.559352 
0.042085 0.253129 0.594028 
0.028309 0.158889 0.626330 
0.014352 0.064970 0.676339 
0.006496 0.023336 0.734745 
0.007626 0.028198 0.722038 
0.007382 0.027097 0.724545 
0.010214 0.041083 0.700523 
0.024997 0.135777 0.635878 
0.061509 0.369864 0.559371 
0.098454 0.529606 0.508523 
0.252420 0.753372 0.349709 
0.388865 0.724828 0.212479 
0.445014 0.646101 0.154068 
0.466066 0.599257 0.132804 
0.529745 0.392858 0.075758 
0.550215 0.315605 0.061107 
0.552166 0.308377 0.059825 
0.489382 0.534143 0.110317 
0.411081 0.700566 0.189278 
0.340134 0.755051 0.262733 
0.305617 0.761973 0.297461 
0.270518 0.758871 0.332065 
0.248256 0.751717 0.353758 
0.172557 0.690300 0.427917 
0.183242 0.703322 0.417247 
0.203752 0.723752 0.397046 
0.202276 0.722462 0.398490 
0.172929 0.690783 0.427544 
0.167690 0.683753 0.432822 
0.152231 0.660069 0.448637 
0.219356 0.735855 0.381829 
0.247133 0.751245 0.354848 
0.243171 0.749489 0.358697 
0.243912 0.749828 0.357977 
0.254896 0.754287 0.347300 
0.284098 0.761242 0.318749 
0.301829 0.762115 0.301227 
0.278029 0.760365 0.324710 
0.150829 0.657683 0.450091 
0.104083 0.547892 0.501716 
0.066755 0.397340 0.551256 
0.053324 0.323505 0.572941 
0.054543 0.330676 0.570840 
0.062757 0.376555 0.557404 
0.074308 0.433912 0.540209 
0.146341 0.649755 0.454775 
0.238619 0.747299 0.363118 
0.277868 0.760338 0.324868 
0.310828 0.761585 0.292267 
0.334797 0.756816 0.268154 
0.366123 0.742359 0.236088 
0.403263 0.710004 0.197448 
0.403748 0.709448 0.196940 
0.430358 0.672535 0.169191 
0.411222 0.700386 0.189131 
0.353304 0.749507 0.249282 
0.313526 0.761295 0.289571 
0.335626 0.756559 0.267312 
0.265261 0.757553 0.337200 
0.179982 0.699536 0.420490 
0.152660 0.660791 0.448192 
0.091080 0.503512 0.517728 
0.061503 0.369831 0.559381 
0.056901 0.344285 0.566860 
0.087788 0.491022 0.521957 
0.303382 0.762071 0.299685 
0.478232 0.567038 0.120897 
0.511463 0.460320 0.090580 
0.495513 0.514732 0.104661 
0.379599 0.732778 0.222124 
0.317196 0.760803 0.285896 
0.404132 0.709005 0.196539 
0.494435 0.518210 0.105646 
0.564208 0.265062 0.052370 
0.571413 0.240543 0.048284 
0.561402 0.274923 0.054037 
0.558659 0.284711 0.055708 
0.550318 0.315220 0.061038 
0.529758 0.392810 0.075748 
0.482114 0.555944 0.117173 
0.456154 0.622683 0.142730 
0.431572 0.670523 0.167932 
0.425158 0.680807 0.174595 
0.430566 0.672193 0.168976 
0.396517 0.717343 0.204494 
0.346353 0.752649 0.256395 
0.304199 0.762040 0.298873 
0.312730 0.761387 0.290367 
0.272081 0.759219 0.330536 
0.296724 0.762123 0.306290 
0.337683 0.755895 0.265225 
0.353357 0.749481 0.249227 
0.333023 0.757343 0.269951 
0.325231 0.759323 0.277822 
0.338599 0.755586 0.264294 
0.326195 0.759107 0.276850 
0.288640 0.761706 0.314276 
0.226906 0.740775 0.374490 
0.202137 0.722340 0.398626 
0.176534 0.695356 0.423931 
0.163743 0.678138 0.436824 
0.170076 0.687013 0.430414 
0.192894 0.713631 0.407703 
0.231426 0.743447 0.370101 
0.253918 0.753932 0.348252 
0.283056 0.761113 0.319774 
0.295331 0.762088 0.307668 
0.321405 0.760097 0.281672 
0.338486 0.755625 0.264410 
0.340838 0.754798 0.262018 
0.407130 0.705465 0.193407 
0.453642 0.628227 0.145271 
0.478405 0.566551 0.120729 
0.468293 0.593646 0.130599 
0.430762 0.671868 0.168772 
0.423389 0.683499 0.176437 
0.376578 0.735123 0.225262 
0.302331 0.762103 0.300728 
0.226608 0.740591 0.374780 
0.155643 0.665701 0.445112 
0.135227 0.628069 0.466571 
0.125621 0.606681 0.477036 
0.065273 0.389752 0.553509 
0.070356 0.415209 0.545903 
0.117230 0.585710 0.486426 
0.163689 0.678061 0.436878 
0.158135 0.669664 0.442550 
0.062859 0.377099 0.557244 
0.042376 0.255035 0.593437 
0.028479 0.160075 0.625865 
0.023347 0.124348 0.641021 
0.043603 0.263054 0.590970 
0.050511 0.306589 0.577915 
0.062763 0.376587 0.557395 
0.064918 0.387915 0.554052 
0.041938 0.252157 0.594329 
0.056080 0.339590 0.568232 
0.063867 0.382426 0.555674 
0.042440 0.255461 0.593306 
0.025672 0.140475 0.633853 
0.041773 0.251074 0.594666 
0.059954 0.361385 0.561857 
0.087458 0.489740 0.522385 
0.152069 0.659796 0.448804 
0.291189 0.761894 0.311761 
0.335376 0.756637 0.267566 
0.379230 0.733071 0.222508 
0.385236 0.728081 0.216260 
0.472763 0.581997 0.126207 
0.523829 0.415083 0.080385 
0.527366 0.401826 0.077598 
0.534877 0.373425 0.071882 
0.519835 0.429911 0.083603 
0.534978 0.373043 0.071808 
0.547269 0.326595 0.063080 
0.579097 0.215839 0.044231 
0.578465 0.217809 0.044552 
0.579005 0.216124 0.044277 
0.564588 0.263738 0.052147 
0.546699 0.328729 0.063467 
0.576393 0.224347 0.045621 
0.588576 0.187698 0.039654 
0.560938 0.276570 0.054317 
0.514576 0.449134 0.087949 
0.454092 0.627245 0.144815 
0.356780 0.747747 0.245713 
0.168465 0.684822 0.432039 
0.045411 0.274711 0.587424 
0.063251 0.379180 0.556631 
0.109652 0.564705 0.495143 
0.143366 0.644248 0.457903 
0.242913 0.749370 0.358948 
0.389046 0.724660 0.212290 
0.455288 0.624612 0.143605 
0.491966 0.526071 0.107918 
0.542141 0.345894 0.066625 
0.554835 0.298572 0.058105 
0.575037 0.228694 0.046333 
0.536475 0.367362 0.070702 
0.516106 0.443582 0.086672 
0.486535 0.542842 0.112984 
0.467345 0.596052 0.131537 
0.498928 0.503534 0.101565 
0.530008 0.391863 0.075556 
0.514285 0.450187 0.088194 
0.470354 0.588342 0.128569 
0.506946 0.476251 0.094467 
0.517026 0.440227 0.085909 
0.546001 0.331349 0.063944 
0.546764 0.328485 0.063423 
0.484643 0.548510 0.114769 
0.397950 0.715844 0.202998 
0.381960 0.730862 0.219669 
0.389847 0.723914 0.211454 
0.413032 0.698045 0.187240 
0.381984 0.730843 0.219645 
0.288140 0.761663 0.314769 
0.283020 0.761108 0.319808 
0.280654 0.760781 0.322134 
0.256274 0.754773 0.345959 
0.218668 0.735378 0.382498 
0.168955 0.685494 0.431544 
0.099483 0.533050 0.507266 
0.094947 0.517510 0.512857 
0.080799 0.462656 0.531215 
0.056703 0.343161 0.567188 
0.048486 0.294119 0.581608 
0.027557 0.153634 0.628416 
0.022811 0.120655 0.642756 
0.016519 0.078581 0.666309 
0.024570 0.132813 0.637181 
0.074957 0.436896 0.539291 
0.115362 0.580722 0.488553 
0.117693 0.586926 0.485901 
0.107360 0.557934 0.497830 
0.111450 0.569879 0.493052 
0.123876 0.602505 0.478968 
0.119401 0.591354 0.483972 
0.219472 0.735935 0.381716 
0.331697 0.757719 0.271293 
0.416407 0.693525 0.183716 
0.449780 0.636449 0.149197 
0.439931 0.655810 0.159291 
0.473141 0.580990 0.125838 
0.498923 0.503551 0.101570 
0.529166 0.395044 0.076203 
0.578009 0.219240 0.044786 
0.565035 0.262189 0.051887 
0.575915 0.225875 0.045871 
0.576289 0.224681 0.045676 
0.592646 0.176461 0.037828 
0.615501 0.123016 0.029008 
0.642091 0.079798 0.021382 
0.650700 0.069405 0.019408 
0.652106 0.067848 0.019105 
0.630951 0.095689 0.024274 
0.579907 0.213331 0.043822 
0.561388 0.274972 0.054045 
0.541128 0.349728 0.067342 
0.586152 0.194637 0.040781 
0.571614 0.239876 0.048174 
0.568474 0.250395 0.049916 
0.533167 0.379911 0.073159 
0.450136 0.635705 0.148834 
0.403239 0.710030 0.197472 
0.260066 0.756028 0.342266 
0.156673 0.667355 0.444051 
0.111047 0.568730 0.493520 
0.107553 0.558514 0.497602 
0.085945 0.483790 0.524360 
0.050814 0.308436 0.577370 
0.031243 0.179372 0.618587 
0.036327 0.214483 0.606399 
0.057128 0.345580 0.566481 
0.139916 0.637594 0.461558 
0.200393 0.720778 0.400335 
0.219190 0.735741 0.381990 
0.143551 0.644596 0.457709 
0.101199 0.538691 0.505182 
0.075501 0.439376 0.538524 
0.070741 0.417072 0.545340 
0.073031 0.427971 0.542030 
0.072134 0.423737 0.543320 
0.101995 0.541266 0.504221 
0.133396 0.624191 0.468546 
0.115813 0.581938 0.488037 
0.040382 0.241850 0.597554 
0.031331 0.179979 0.618366 
0.033740 0.196698 0.612429 
0.039800 0.237967 0.598782 
0.059716 0.360072 0.562242 
0.069488 0.410975 0.547178 
0.148605 0.653811 0.452407 
0.196100 0.716775 0.404549 
0.145150 0.647575 0.456026 
0.079054 0.455161 0.533594 
0.054669 0.331415 0.570624 
0.034896 0.204676 0.609692 
0.023408 0.124770 0.640825 
0.019755 0.099858 0.653372 
0.025834 0.141604 0.633373 
0.036506 0.215708 0.605992 
0.050387 0.305833 0.578138 
0.058517 0.353413 0.564191 
0.068632 0.406752 0.548445 
0.058536 0.353515 0.564161 
0.089885 0.499040 0.519254 
0.163790 0.678207 0.436776 
0.279646 0.760628 0.323123 
0.342464 0.754195 0.260362 
0.379623 0.732759 0.222099 
0.422537 0.684772 0.177324 
0.477410 0.569335 0.121689 
0.504335 0.485281 0.096752 
0.524324 0.413235 0.079992 
0.555731 0.295304 0.057536 
0.554357 0.300321 0.058410 
0.505280 0.482029 0.095922 
0.467633 0.595323 0.131252 
0.463997 0.604355 0.134861 
0.494265 0.518757 0.105802 
0.486992 0.541459 0.112554 
0.487894 0.538714 0.111707 
0.457572 0.619485 0.141299 
0.442914 0.650183 0.156222 
0.391256 0.722581 0.209986 
0.331100 0.757883 0.271897 
0.275387 0.759891 0.327299 
0.272660 0.759343 0.329970 
0.271418 0.759074 0.331185 
0.274457 0.759711 0.328211 
0.212172 0.730620 0.388824 
0.126872 0.609617 0.475658 
0.103475 0.545982 0.502443 
0.079724 0.458060 0.532677 
0.060095 0.362159 0.561630 
0.025423 0.138745 0.634593 
0.020837 0.107161 0.649462 
0.031180 0.178929 0.618749 
0.029795 0.169272 0.622334 
0.039434 0.235516 0.599562 
0.145717 0.648618 0.455429 
0.301841 0.762115 0.301215 
0.451571 0.632682 0.147374 
0.573487 0.233719 0.047159 
0.620168 0.114062 0.027482 
0.636100 0.087978 0.022887 
0.615010 0.123997 0.029174 
0.542843 0.343244 0.066132 
0.484646 0.548503 0.114767 
0.427456 0.677220 0.172205 
0.370009 0.739824 0.232070 
0.384817 0.728445 0.216696 
0.315741 0.761011 0.287354 
0.295925 0.762105 0.307080 
0.324427 0.759496 0.278632 
0.351671 0.750290 0.250955 
0.291089 0.761888 0.311860 
0.167671 0.683727 0.432841 
0.125881 0.607295 0.476750 
