0.266888 0.614533 0.278519 
0.266888 0.614533 0.278519 
0.238641 0.610738 0.309142 
0.383022 0.562750 0.162939 
0.395533 0.550918 0.151913 
0.386824 0.559283 0.159551 
0.282133 0.613775 0.262309 
0.192824 0.588310 0.360384 
0.177106 0.575091 0.378487 
0.131947 0.516146 0.432870 
0.126319 0.506095 0.440007 
0.159541 0.556248 0.399145 
0.162657 0.559933 0.395442 
0.269897 0.614535 0.275302 
0.242700 0.611718 0.304698 
0.246511 0.612501 0.300537 
0.265240 0.614501 0.280286 
0.259824 0.614232 0.286108 
0.408795 0.537048 0.140621 
0.271158 0.614513 0.273955 
0.134795 0.520968 0.429298 
0.133678 0.519096 0.430697 
0.144248 0.535785 0.417606 
0.207408 0.597873 0.343849 
0.308544 0.608054 0.234830 
0.360009 0.581331 0.184093 
0.389146 0.557110 0.157497 
0.278714 0.614110 0.265923 
0.237142 0.610338 0.310788 
0.325313 0.601594 0.217845 
0.385365 0.560627 0.160847 
0.422377 0.521435 0.129506 
0.410003 0.535718 0.139615 
0.283526 0.613611 0.260839 
0.141989 0.532404 0.420379 
0.031060 0.176135 0.603777 
0.016111 0.088448 0.659526 
0.080580 0.392628 0.503670 
0.313409 0.606404 0.229863 
0.269149 0.614541 0.276101 
0.085745 0.408831 0.495769 
0.237388 0.610405 0.310518 
0.290297 0.612595 0.253728 
0.081252 0.394793 0.502628 
0.085961 0.409486 0.495444 
0.329477 0.599653 0.213690 
0.306925 0.608563 0.236490 
0.285999 0.613283 0.258236 
0.472914 0.451330 0.092478 
0.323885 0.602229 0.219276 
0.276573 0.614271 0.268193 
0.250302 0.613152 0.296412 
0.151549 0.546065 0.408730 
0.251036 0.613263 0.295616 
0.347622 0.589632 0.195907 
0.185585 0.582619 0.368682 
0.104163 0.458987 0.469316 
0.084768 0.405843 0.497244 
0.060562 0.319384 0.537270 
0.314099 0.606155 0.229160 
0.531886 0.349913 0.058489 
0.297101 0.611208 0.246635 
0.147490 0.540470 0.413649 
0.255254 0.613811 0.291043 
0.365911 0.576958 0.178567 
0.256050 0.613898 0.290183 
0.111045 0.475014 0.459973 
0.117199 0.488246 0.451811 
0.141584 0.531788 0.420876 
0.259961 0.614242 0.285961 
0.477459 0.444164 0.089500 
0.490404 0.423067 0.081346 
0.508893 0.391363 0.070544 
0.346473 0.590342 0.197017 
0.144278 0.535830 0.417569 
0.236346 0.610117 0.311663 
0.428686 0.513702 0.124504 
0.469345 0.456864 0.094858 
0.295332 0.611604 0.248474 
0.374138 0.570411 0.170977 
0.636743 0.161592 0.021210 
0.377223 0.567820 0.168167 
0.100428 0.449706 0.474496 
0.105978 0.463346 0.466828 
0.215082 0.601952 0.335237 
0.266593 0.614529 0.278835 
0.259259 0.614190 0.286717 
0.256438 0.613938 0.289763 
0.361674 0.580124 0.182527 
0.539260 0.336285 0.054941 
0.455822 0.477070 0.104207 
0.401872 0.544459 0.146464 
0.291279 0.612418 0.252701 
0.178726 0.576604 0.376606 
0.176332 0.574356 0.379387 
0.241497 0.611443 0.306013 
0.343191 0.592314 0.200199 
0.451648 0.483050 0.107196 
0.486458 0.429602 0.083780 
0.542195 0.330831 0.053572 
0.362456 0.579551 0.181794 
0.129519 0.511896 0.435936 
0.156710 0.552764 0.402525 
0.262362 0.614389 0.283376 
0.269483 0.614539 0.275743 
0.159765 0.556518 0.398878 
0.159797 0.556556 0.398840 
0.155541 0.551286 0.403926 
0.147567 0.540578 0.413556 
0.171492 0.569565 0.385036 
0.260253 0.614262 0.285646 
0.388098 0.558096 0.158423 
0.274870 0.614373 0.270002 
0.199349 0.592893 0.352957 
0.230874 0.608438 0.317690 
0.198249 0.592156 0.354206 
0.264299 0.614472 0.281295 
0.422214 0.521631 0.129637 
0.343806 0.591951 0.199601 
0.138772 0.527418 0.424350 
0.108994 0.470379 0.462731 
0.067746 0.347704 0.524565 
0.064742 0.336152 0.529775 
0.125955 0.505421 0.440472 
0.237218 0.610359 0.310705 
0.258616 0.614138 0.287411 
0.306439 0.608711 0.236989 
0.279806 0.614013 0.264767 
0.153906 0.549181 0.405889 
0.289417 0.612748 0.254650 
0.431509 0.510144 0.122299 
0.449638 0.485887 0.108654 
0.283228 0.613648 0.261154 
0.258247 0.614107 0.287810 
0.381665 0.563960 0.164156 
0.230405 0.608280 0.318208 
0.274336 0.614400 0.270570 
0.277821 0.614182 0.266869 
0.148764 0.542258 0.412100 
0.159334 0.555997 0.399392 
0.245533 0.612312 0.301604 
0.381212 0.564360 0.164563 
0.278000 0.614168 0.266680 
0.139053 0.527862 0.424002 
0.130630 0.513856 0.434532 
0.257818 0.614070 0.288272 
0.375413 0.569349 0.169813 
0.269857 0.614535 0.275344 
0.183645 0.580980 0.370917 
0.174154 0.572241 0.381924 
0.143251 0.534306 0.418828 
0.097233 0.441423 0.478995 
0.187742 0.584383 0.366203 
0.382508 0.563210 0.163400 
0.392967 0.553445 0.154146 
0.262499 0.614396 0.283229 
0.258363 0.614117 0.287684 
0.362476 0.579536 0.181775 
0.373377 0.571039 0.171673 
0.293123 0.612063 0.250775 
0.193279 0.588647 0.359864 
0.270842 0.614520 0.274292 
0.487983 0.427086 0.082834 
0.402630 0.543666 0.145818 
0.213071 0.600944 0.337488 
0.294107 0.611863 0.249749 
0.236365 0.610123 0.311642 
0.140405 0.529974 0.422331 
0.273941 0.614419 0.270990 
0.266966 0.614534 0.278435 
0.148257 0.541550 0.412717 
0.251576 0.613342 0.295029 
0.365561 0.577225 0.178892 
0.279389 0.614051 0.265209 
0.183182 0.580583 0.371450 
0.285321 0.613378 0.258950 
0.271493 0.614505 0.273598 
0.286299 0.613239 0.257921 
0.441110 0.497599 0.114961 
0.306136 0.608803 0.237300 
0.293043 0.612079 0.250859 
0.383659 0.562177 0.162369 
0.360914 0.580678 0.183242 
0.264848 0.614489 0.280706 
0.158759 0.555299 0.400077 
0.257021 0.613995 0.289133 
0.250843 0.613234 0.295825 
0.108118 0.468361 0.463917 
0.112131 0.477423 0.458519 
0.126627 0.506663 0.439614 
0.123498 0.500788 0.443624 
0.097883 0.443134 0.478075 
0.093580 0.431550 0.484222 
0.118365 0.490640 0.450285 
0.270015 0.614533 0.275175 
0.496063 0.413546 0.077934 
0.319669 0.604011 0.223518 
0.122452 0.498772 0.444973 
0.151285 0.545709 0.409049 
0.275682 0.614328 0.269140 
0.275464 0.614340 0.269371 
0.158107 0.554499 0.400856 
0.117213 0.488273 0.451794 
0.118512 0.490941 0.450091 
0.127638 0.508514 0.438325 
0.289116 0.612799 0.254964 
0.515087 0.380385 0.067147 
0.527637 0.357704 0.060603 
0.485479 0.431209 0.084391 
0.254769 0.613756 0.291568 
0.450764 0.484302 0.107836 
0.452873 0.481308 0.106314 
0.103596 0.457604 0.470098 
0.242968 0.611777 0.304405 
0.218112 0.603391 0.331853 
0.101384 0.452120 0.473163 
0.083619 0.402284 0.498991 
0.222955 0.605497 0.326460 
0.282471 0.613737 0.261952 
0.246435 0.612487 0.300621 
0.250572 0.613193 0.296119 
0.119781 0.493504 0.448437 
0.052256 0.283545 0.553184 
0.151191 0.545584 0.409161 
0.429580 0.512582 0.123803 
0.493208 0.418371 0.079644 
0.452351 0.482052 0.106689 
0.347047 0.589989 0.196462 
0.309860 0.607626 0.233483 
0.174204 0.572291 0.381866 
0.243025 0.611789 0.304343 
0.405478 0.540645 0.143406 
0.442766 0.495366 0.113720 
0.499181 0.408230 0.076095 
0.274534 0.614391 0.270359 
0.103411 0.457152 0.470352 
0.130202 0.513104 0.435072 
0.288716 0.612865 0.255383 
0.291058 0.612458 0.252931 
0.304358 0.609327 0.239130 
0.254324 0.613704 0.292050 
0.226902 0.607040 0.322081 
0.292963 0.612095 0.250942 
0.161079 0.558086 0.397315 
0.167602 0.565469 0.389602 
0.227613 0.607301 0.321295 
0.266888 0.614533 0.278519 
0.322438 0.602856 0.220729 
0.378539 0.566692 0.166974 
0.427059 0.515725 0.125784 
0.451568 0.483164 0.107254 
0.310489 0.607417 0.232841 
0.128668 0.510376 0.437015 
0.330274 0.599266 0.212898 
0.371361 0.572679 0.173523 
0.110916 0.474726 0.460146 
0.099013 0.446076 0.476481 
0.244096 0.612020 0.303173 
0.262167 0.614379 0.283586 
0.236668 0.610207 0.311309 
0.232643 0.609012 0.315738 
0.272558 0.614474 0.272462 
0.274791 0.614377 0.270086 
0.112079 0.477309 0.458589 
0.288676 0.612872 0.255425 
0.470238 0.455487 0.094259 
0.456323 0.476344 0.103851 
0.323090 0.602575 0.220074 
0.266417 0.614526 0.279024 
0.263614 0.614446 0.282031 
0.269011 0.614542 0.276248 
0.231664 0.608698 0.316818 
0.240430 0.611188 0.307182 
0.442060 0.496321 0.114249 
0.303731 0.609505 0.239775 
0.129391 0.511668 0.436098 
0.228960 0.607783 0.319804 
0.241173 0.611367 0.306368 
0.259883 0.614236 0.286045 
0.287877 0.613000 0.256264 
0.156584 0.552605 0.402677 
0.136240 0.523349 0.427495 
0.290458 0.612567 0.253560 
0.429275 0.512965 0.124042 
0.388694 0.557537 0.157896 
0.397216 0.549234 0.150457 
0.296638 0.611314 0.247115 
0.165739 0.563427 0.391797 
0.255080 0.613792 0.291232 
0.374446 0.570155 0.170695 
0.248318 0.612827 0.298570 
0.256594 0.613953 0.289595 
0.297865 0.611029 0.245841 
0.289136 0.612795 0.254943 
0.401851 0.544481 0.146481 
0.412886 0.532495 0.137225 
0.381068 0.564487 0.164692 
0.251151 0.613280 0.295490 
0.280243 0.613972 0.264305 
0.438744 0.500754 0.116746 
0.475504 0.447261 0.090773 
0.320096 0.603837 0.223087 
0.300161 0.610465 0.243462 
0.314566 0.605985 0.228686 
0.275701 0.614326 0.269119 
0.383659 0.562177 0.162369 
0.385139 0.560833 0.161049 
0.255603 0.613850 0.290665 
0.274415 0.614396 0.270485 
0.420950 0.523142 0.130652 
0.440564 0.498330 0.115371 
0.481299 0.438009 0.087031 
0.259805 0.614231 0.286129 
0.072016 0.363423 0.517387 
0.007164 0.035496 0.720792 
0.001438 0.005777 0.823657 
0.026990 0.152993 0.616318 
0.420257 0.523965 0.131211 
0.607837 0.209859 0.028862 
0.578234 0.263475 0.038652 
0.498697 0.409057 0.076378 
0.473151 0.450959 0.092321 
0.294307 0.611822 0.249540 
0.114838 0.483287 0.454922 
0.257663 0.614055 0.288440 
0.322072 0.603012 0.221097 
0.144854 0.536675 0.416865 
0.251769 0.613369 0.294819 
0.417605 0.527083 0.133359 
0.264750 0.614486 0.280811 
0.261522 0.614343 0.284280 
0.403471 0.542781 0.145104 
0.459564 0.471603 0.101568 
0.332768 0.598024 0.210426 
0.251731 0.613364 0.294861 
0.366528 0.576485 0.177993 
0.258208 0.614104 0.287852 
0.175241 0.573305 0.380657 
0.277643 0.614195 0.267058 
0.297443 0.611128 0.246280 
0.297141 0.611199 0.246593 
0.380945 0.564596 0.164803 
0.264652 0.614483 0.280916 
0.173503 0.571596 0.382684 
0.185843 0.582833 0.368385 
0.222936 0.605489 0.326481 
0.310509 0.607410 0.232820 
0.265024 0.614495 0.280517 
0.260585 0.614285 0.285289 
0.257935 0.614080 0.288146 
0.266299 0.614524 0.279150 
0.385098 0.560871 0.161085 
0.280204 0.613975 0.264347 
0.265867 0.614516 0.279613 
0.264260 0.614470 0.281337 
0.245437 0.612293 0.301709 
0.261327 0.614331 0.284490 
0.284104 0.613539 0.260230 
0.374261 0.570309 0.170864 
0.261405 0.614336 0.284406 
0.179098 0.576947 0.376175 
0.184588 0.581783 0.369830 
0.191007 0.586943 0.362461 
0.277385 0.614214 0.267332 
0.281874 0.613803 0.262582 
0.279369 0.614053 0.265230 
0.253026 0.613541 0.293456 
0.261522 0.614343 0.284280 
0.284403 0.613500 0.259915 
0.262655 0.614403 0.283061 
0.253878 0.613650 0.292533 
0.276038 0.614306 0.268761 
0.387050 0.559073 0.159350 
0.333974 0.597406 0.209233 
0.296900 0.611254 0.246844 
0.213217 0.601019 0.337324 
0.145218 0.537207 0.416420 
0.218535 0.603585 0.331380 
0.222473 0.605298 0.326996 
0.222473 0.605298 0.326996 
0.266888 0.614533 0.278519 
0.323457 0.602416 0.219705 
0.323457 0.602416 0.219705 
0.308362 0.608112 0.235017 
0.369592 0.574093 0.175153 
0.369777 0.573947 0.174983 
0.269582 0.614538 0.275638 
0.306965 0.608550 0.236449 
0.397606 0.548841 0.150120 
0.362929 0.579201 0.181351 
0.362168 0.579763 0.182064 
0.257488 0.614039 0.288629 
0.255157 0.613801 0.291148 
0.272953 0.614460 0.272042 
0.267065 0.614535 0.278330 
0.353269 0.585995 0.190487 
0.405356 0.540777 0.143509 
0.289697 0.612700 0.254356 
0.270369 0.614528 0.274797 
0.375372 0.569383 0.169850 
0.358324 0.582530 0.185684 
0.375783 0.569038 0.169476 
0.402938 0.543343 0.145557 
0.286638 0.613190 0.257565 
0.179471 0.577288 0.375743 
0.277425 0.614211 0.267289 
0.361448 0.580289 0.182739 
0.352201 0.586702 0.191508 
0.301673 0.610071 0.241899 
0.312536 0.606714 0.230751 
0.364512 0.578019 0.179870 
0.362374 0.579611 0.181871 
0.366281 0.576675 0.178222 
0.381850 0.563796 0.163990 
0.255584 0.613848 0.290686 
0.154943 0.550521 0.404644 
0.168274 0.566193 0.388811 
0.263810 0.614454 0.281821 
0.374426 0.570172 0.170714 
0.356803 0.583594 0.187124 
0.351502 0.587160 0.192176 
0.377223 0.567820 0.168167 
0.257177 0.614010 0.288965 
0.262304 0.614386 0.283439 
0.398980 0.547444 0.148938 
0.405745 0.540359 0.143181 
0.461801 0.468289 0.100009 
0.458784 0.472750 0.102114 
0.283845 0.613572 0.260503 
0.270527 0.614526 0.274629 
0.252968 0.613533 0.293519 
0.160774 0.557725 0.397678 
0.252988 0.613536 0.293498 
0.337167 0.595716 0.206088 
0.362188 0.579748 0.182045 
0.421500 0.522485 0.130209 
0.284603 0.613474 0.259705 
0.120133 0.494208 0.447979 
0.228735 0.607704 0.320053 
0.239973 0.611076 0.307683 
0.120282 0.494506 0.447785 
0.243216 0.611831 0.304134 
0.371834 0.572297 0.173088 
0.308463 0.608080 0.234913 
0.326129 0.601224 0.217029 
0.414521 0.530639 0.135879 
0.309050 0.607891 0.234312 
0.150819 0.545080 0.409612 
0.252407 0.613458 0.294127 
0.252330 0.613448 0.294211 
0.246895 0.612573 0.300119 
0.369140 0.574451 0.175571 
0.259415 0.614202 0.286549 
0.193332 0.588686 0.359804 
0.172504 0.570595 0.383851 
0.123181 0.500179 0.444033 
0.243140 0.611815 0.304217 
0.269897 0.614535 0.275302 
0.267516 0.614540 0.277846 
0.408386 0.537497 0.140964 
0.332890 0.597962 0.210304 
0.246204 0.612443 0.300872 
0.308605 0.608035 0.234768 
0.382446 0.563265 0.163455 
0.271907 0.614494 0.273156 
0.146191 0.538617 0.415231 
0.238451 0.610689 0.309351 
0.279389 0.614051 0.265209 
0.220750 0.604568 0.328912 
0.216751 0.602757 0.333372 
0.171409 0.569480 0.385133 
0.217541 0.603128 0.332489 
0.329293 0.599741 0.213873 
0.253801 0.613640 0.292617 
0.241879 0.611532 0.305596 
0.280442 0.613952 0.264095 
0.266809 0.614532 0.278603 
0.504251 0.399479 0.073163 
0.365479 0.577287 0.178969 
0.116973 0.487776 0.452109 
0.235626 0.609913 0.312454 
0.269897 0.614535 0.275302 
0.275246 0.614353 0.269602 
0.250900 0.613243 0.295762 
0.152998 0.547992 0.406982 
0.246665 0.612530 0.300370 
0.358694 0.582269 0.185335 
0.379896 0.565515 0.165748 
0.329763 0.599514 0.213406 
0.207859 0.598131 0.343340 
0.136299 0.523444 0.427422 
0.229785 0.608070 0.318892 
0.284184 0.613529 0.260146 
0.185843 0.582833 0.368385 
0.245763 0.612358 0.301353 
0.301471 0.610124 0.242107 
0.245456 0.612297 0.301688 
0.285500 0.613353 0.258761 
0.380164 0.565281 0.165507 
0.277683 0.614192 0.267016 
0.260546 0.614282 0.285331 
0.351194 0.587360 0.192472 
0.337290 0.595650 0.205967 
0.354727 0.585016 0.189096 
0.261854 0.614362 0.283923 
0.263027 0.614421 0.282661 
0.281953 0.613795 0.262498 
0.195634 0.590346 0.357179 
0.241936 0.611545 0.305533 
0.316191 0.605378 0.227036 
0.230649 0.608363 0.317939 
0.148488 0.541872 0.412437 
0.252775 0.613508 0.293729 
0.242719 0.611722 0.304677 
0.148534 0.541937 0.412381 
0.303045 0.609697 0.240482 
0.433822 0.507184 0.120509 
0.491943 0.420494 0.080408 
0.524922 0.362656 0.061981 
0.318570 0.604453 0.224628 
0.168061 0.565964 0.389061 
0.114364 0.482275 0.455549 
0.213089 0.600953 0.337467 
0.437753 0.502064 0.117499 
0.435282 0.505296 0.119386 
0.408734 0.537115 0.140673 
0.284044 0.613546 0.260293 
0.171160 0.569225 0.385424 
0.275741 0.614324 0.269077 
0.424495 0.518872 0.127815 
0.298328 0.610919 0.245361 
0.138786 0.527441 0.424332 
0.266829 0.614533 0.278582 
0.447525 0.488838 0.110198 
0.427364 0.515347 0.125543 
0.387564 0.558595 0.158895 
0.251924 0.613391 0.294651 
0.138786 0.527441 0.424332 
0.164876 0.562464 0.392816 
0.261659 0.614351 0.284133 
0.242547 0.611683 0.304865 
0.273901 0.614421 0.271032 
0.408099 0.537810 0.141203 
0.301310 0.610167 0.242274 
0.196410 0.590891 0.356296 
0.254769 0.613756 0.291568 
0.324252 0.602067 0.218908 
0.253762 0.613635 0.292659 
0.178912 0.576775 0.376390 
0.171740 0.569819 0.384744 
0.259961 0.614242 0.285961 
0.291339 0.612407 0.252638 
0.211122 0.599926 0.339673 
0.268952 0.614542 0.276311 
0.347047 0.589989 0.196462 
0.351174 0.587374 0.192491 
0.281456 0.613849 0.263023 
0.291319 0.612410 0.252659 
0.251325 0.613306 0.295301 
0.241707 0.611492 0.305784 
0.369613 0.574077 0.175134 
0.259532 0.614211 0.286423 
0.277484 0.614207 0.267226 
0.413315 0.532010 0.136871 
0.443433 0.494462 0.113224 
0.334711 0.597023 0.208506 
0.115393 0.484464 0.454190 
0.224535 0.606133 0.324706 
0.281874 0.613803 0.262582 
0.154738 0.550258 0.404889 
0.178574 0.576463 0.376783 
0.164925 0.562518 0.392758 
0.263399 0.614437 0.282262 
0.278853 0.614098 0.265776 
0.174522 0.572603 0.381495 
0.269680 0.614537 0.275533 
0.382014 0.563649 0.163842 
0.259259 0.614190 0.286717 
0.171973 0.570056 0.384473 
0.126851 0.507076 0.439328 
0.206939 0.597603 0.344377 
0.235551 0.609891 0.312537 
0.135028 0.521354 0.429007 
0.252601 0.613485 0.293917 
0.267006 0.614535 0.278393 
0.174907 0.572979 0.381047 
0.186084 0.583033 0.368107 
0.184674 0.581855 0.369731 
0.270389 0.614528 0.274776 
0.242528 0.611679 0.304886 
0.128541 0.510148 0.437177 
0.150184 0.544216 0.410380 
0.270172 0.614531 0.275007 
0.285281 0.613383 0.258992 
0.148272 0.541571 0.412698 
0.335079 0.596830 0.208143 
0.511090 0.387487 0.069327 
0.255720 0.613862 0.290539 
0.216512 0.602643 0.333638 
0.247914 0.612757 0.299009 
0.258247 0.614107 0.287810 
0.382487 0.563228 0.163418 
0.277009 0.614241 0.267731 
0.257293 0.614021 0.288839 
0.283985 0.613554 0.260356 
0.271670 0.614500 0.273409 
0.341428 0.593339 0.201916 
0.359290 0.581846 0.184772 
0.268637 0.614543 0.276648 
0.268224 0.614543 0.277089 
0.259805 0.614231 0.286129 
0.165104 0.562719 0.392547 
0.288916 0.612832 0.255174 
0.457624 0.474449 0.102931 
0.279568 0.614035 0.265019 
0.095418 0.436571 0.481581 
0.109364 0.471223 0.462232 
0.113604 0.480637 0.456558 
0.068617 0.350975 0.523081 
0.027337 0.154994 0.615192 
0.626364 0.178323 0.023755 
0.808438 0.012326 0.001747 
0.370435 0.573422 0.174375 
0.294046 0.611876 0.249812 
0.697701 0.080741 0.010168 
0.324150 0.602112 0.219010 
0.166260 0.564004 0.391182 
0.576619 0.266474 0.039248 
0.346001 0.590631 0.197473 
0.257838 0.614071 0.288251 
0.275721 0.614325 0.269098 
0.265573 0.614509 0.279928 
0.251151 0.613280 0.295490 
0.255720 0.613862 0.290539 
0.531607 0.350426 0.058627 
0.515562 0.379537 0.066891 
0.264907 0.614491 0.280643 
0.133692 0.519120 0.430678 
0.302238 0.609919 0.241315 
0.389126 0.557130 0.157516 
0.352057 0.586797 0.191646 
0.270763 0.614521 0.274376 
0.132667 0.517380 0.431965 
0.151673 0.546231 0.408580 
0.271453 0.614506 0.273640 
0.375721 0.569090 0.169532 
0.430778 0.511071 0.122868 
0.292542 0.612178 0.251382 
0.120744 0.495424 0.447185 
0.259454 0.614205 0.286507 
0.424413 0.518972 0.127880 
0.275662 0.614329 0.269161 
0.127525 0.508309 0.438468 
0.121877 0.497652 0.445717 
0.140777 0.530550 0.421871 
0.268145 0.614543 0.277173 
0.289497 0.612734 0.254566 
0.164243 0.561749 0.393565 
0.201592 0.594353 0.350415 
0.187448 0.584146 0.366540 
0.327149 0.600754 0.216010 
0.296437 0.611359 0.247324 
0.268657 0.614543 0.276627 
0.485009 0.431979 0.084685 
0.301592 0.610092 0.241982 
0.152748 0.547662 0.407283 
0.187949 0.584550 0.365964 
0.290918 0.612484 0.253078 
0.353618 0.585762 0.190154 
0.261073 0.614316 0.284763 
0.293143 0.612059 0.250754 
0.427222 0.515524 0.125655 
0.412252 0.533209 0.137748 
0.273704 0.614429 0.271242 
0.161256 0.558295 0.397105 
0.257391 0.614030 0.288734 
0.452331 0.482080 0.106704 
0.548750 0.318602 0.050599 
0.608476 0.208740 0.028673 
0.213874 0.601352 0.336588 
0.121166 0.496258 0.446637 
0.444018 0.493665 0.112788 
0.464692 0.463955 0.098016 
0.494646 0.415946 0.078779 
0.512005 0.385867 0.068824 
0.456643 0.475878 0.103624 
0.427811 0.514792 0.125191 
0.252659 0.613492 0.293855 
0.110144 0.472993 0.461181 
0.274752 0.614379 0.270128 
0.418156 0.526439 0.132911 
0.521368 0.369101 0.063816 
0.318713 0.604397 0.224484 
0.213345 0.601084 0.337181 
0.253026 0.613541 0.293456 
0.098500 0.444747 0.477203 
0.239649 0.610996 0.308037 
0.246703 0.612537 0.300328 
0.223772 0.605829 0.325552 
0.399780 0.546625 0.148251 
0.441555 0.497001 0.114627 
0.269759 0.614536 0.275449 
0.127525 0.508309 0.438468 
0.139127 0.527978 0.423910 
0.244690 0.612143 0.302524 
0.426571 0.516328 0.126169 
0.469703 0.456314 0.094618 
0.309617 0.607706 0.233732 
0.160935 0.557915 0.397487 
0.125244 0.504095 0.441382 
0.118177 0.490256 0.450531 
0.137944 0.526102 0.425376 
0.299657 0.610592 0.243983 
0.496819 0.412261 0.077485 
0.318407 0.604518 0.224792 
0.311928 0.606926 0.231372 
0.443009 0.495037 0.113540 
0.274574 0.614389 0.270317 
0.106881 0.465478 0.465597 
0.242165 0.611597 0.305283 
0.425635 0.517479 0.126910 
0.385180 0.560796 0.161012 
0.420094 0.524159 0.131342 
0.194737 0.589706 0.358202 
0.218756 0.603685 0.331133 
0.277425 0.614211 0.267289 
0.095511 0.436823 0.481448 
0.091462 0.425621 0.487295 
0.114181 0.481880 0.455793 
0.095243 0.436100 0.481831 
0.074653 0.372742 0.513072 
0.080776 0.393261 0.503366 
0.235172 0.609781 0.312953 
0.282750 0.613704 0.261658 
0.148073 0.541291 0.412940 
0.129249 0.511416 0.436278 
0.137694 0.525701 0.425687 
0.126809 0.506999 0.439381 
0.238756 0.610768 0.309017 
0.438380 0.501236 0.117022 
0.434005 0.506949 0.120368 
0.293404 0.612007 0.250482 
0.183405 0.580774 0.371194 
0.272933 0.614460 0.272063 
0.400088 0.546309 0.147988 
0.283825 0.613574 0.260524 
0.270724 0.614522 0.274418 
0.418400 0.526153 0.132712 
0.260331 0.614268 0.285562 
0.129746 0.512299 0.435649 
0.272025 0.614490 0.273030 
0.413274 0.532056 0.136904 
0.395779 0.550673 0.151699 
0.263829 0.614454 0.281800 
0.279568 0.614035 0.265019 
0.294588 0.611763 0.249247 
0.280084 0.613987 0.264473 
0.258967 0.614167 0.287033 
0.083937 0.403274 0.498506 
0.075014 0.373992 0.512489 
0.241230 0.611380 0.306306 
0.221509 0.604893 0.328068 
0.168833 0.566790 0.388154 
0.124480 0.502657 0.442362 
0.051855 0.281728 0.553992 
0.220954 0.604656 0.328686 
0.290097 0.612631 0.253937 
0.120431 0.494803 0.447591 
0.053184 0.287720 0.551329 
0.179454 0.577272 0.375762 
0.551100 0.314206 0.049561 
0.327721 0.600488 0.215440 
0.272578 0.614473 0.272441 
0.550667 0.315017 0.049751 
0.530044 0.353297 0.059399 
0.544150 0.327189 0.052672 
0.636581 0.161847 0.021248 
0.298248 0.610938 0.245444 
0.056470 0.302156 0.544923 
0.125022 0.503677 0.441667 
0.075965 0.377266 0.510957 
0.214569 0.601699 0.335810 
0.283925 0.613562 0.260419 
0.064724 0.336084 0.529806 
0.242261 0.611619 0.305178 
0.282172 0.613770 0.262267 
0.243713 0.611939 0.303591 
0.474417 0.448974 0.091486 
0.456383 0.476256 0.103809 
0.251808 0.613375 0.294777 
0.066778 0.344024 0.526230 
0.217891 0.603290 0.332099 
