0.148994 0.361233 0.619652 
0.173297 0.366384 0.574716 
0.047252 0.334743 0.836999 
0.048305 0.334244 0.831137 
0.056999 0.346576 0.798909 
0.124542 0.373043 0.636911 
0.202184 0.381671 0.509841 
0.127264 0.375695 0.627486 
0.078584 0.363025 0.731883 
0.058304 0.344475 0.789416 
0.052525 0.330019 0.809536 
0.049679 0.316513 0.822042 
0.047635 0.306977 0.833739 
0.048639 0.302457 0.831773 
0.052793 0.294935 0.820041 
0.063250 0.287389 0.789324 
0.135698 0.308848 0.603289 
0.347615 0.360095 0.303856 
0.588460 0.383708 0.142615 
0.639535 0.368716 0.123183 
0.623585 0.379393 0.127904 
0.572995 0.390720 0.148465 
0.455551 0.382305 0.215441 
0.341699 0.358329 0.309863 
0.323009 0.346720 0.333563 
0.412788 0.356157 0.256368 
0.522973 0.366400 0.182877 
0.553684 0.365907 0.166670 
0.564162 0.365636 0.161344 
0.625112 0.364333 0.130817 
0.676596 0.329213 0.116800 
0.735760 0.279991 0.110899 
0.801031 0.279059 0.095626 
0.829473 0.303132 0.085464 
0.826835 0.313574 0.086269 
0.770681 0.332386 0.101939 
0.566360 0.406473 0.173133 
0.212910 0.399458 0.453317 
0.101002 0.364727 0.657604 
0.074002 0.334222 0.735231 
0.060369 0.304238 0.786625 
0.060420 0.294113 0.791471 
0.067243 0.288828 0.774691 
0.071348 0.285269 0.769059 
0.076085 0.287230 0.762193 
0.086023 0.291661 0.742434 
0.094114 0.300277 0.728274 
0.097726 0.310081 0.723183 
0.129335 0.311810 0.664203 
0.164093 0.315532 0.608021 
0.184275 0.318894 0.579006 
0.244302 0.320780 0.500758 
0.267333 0.323044 0.474804 
0.383385 0.324420 0.360430 
0.659819 0.327377 0.169493 
0.769955 0.326132 0.111280 
0.772822 0.326233 0.109969 
0.680165 0.328448 0.158820 
0.444928 0.327432 0.311494 
0.493618 0.328265 0.275697 
0.750549 0.329194 0.122232 
0.814136 0.323336 0.090621 
0.824698 0.319250 0.085759 
0.829692 0.315818 0.083676 
0.834441 0.312308 0.082004 
0.833324 0.310845 0.082424 
0.822926 0.313709 0.086033 
0.805356 0.320142 0.093552 
0.761611 0.325850 0.115129 
0.676832 0.327512 0.160066 
0.747894 0.326941 0.122390 
0.819670 0.315091 0.087291 
0.837840 0.306668 0.081196 
0.844477 0.306829 0.079129 
0.837366 0.298717 0.082044 
0.825804 0.287025 0.086663 
0.824181 0.279673 0.088021 
0.823476 0.275566 0.088768 
0.819601 0.272953 0.090337 
0.834607 0.292055 0.083963 
0.860457 0.331477 0.072805 
0.872940 0.362949 0.067461 
0.869868 0.379910 0.069352 
0.848802 0.385580 0.079948 
0.806004 0.385885 0.101448 
0.746997 0.383681 0.131812 
0.668056 0.380154 0.174597 
0.554302 0.375133 0.242652 
0.392926 0.369041 0.360015 
0.336573 0.367138 0.409966 
0.352301 0.368137 0.395845 
0.363696 0.368969 0.385927 
0.340035 0.368217 0.407534 
0.218598 0.362455 0.538224 
0.083394 0.352192 0.754808 
0.053571 0.347690 0.823120 
0.050252 0.346809 0.831703 
0.054901 0.347855 0.819669 
0.083516 0.352080 0.754321 
0.206210 0.361672 0.553956 
0.343299 0.368618 0.404678 
0.247700 0.364184 0.503329 
0.106877 0.354798 0.708495 
0.085254 0.352551 0.751143 
0.082424 0.352216 0.757064 
0.060712 0.349180 0.805703 
0.051750 0.347432 0.827879 
0.048648 0.346525 0.836129 
0.047735 0.346329 0.838743 
0.047429 0.346390 0.839648 
0.047324 0.346164 0.839925 
0.047314 0.345330 0.839873 
0.047196 0.344120 0.840083 
0.046935 0.342476 0.840661 
0.046494 0.339483 0.841616 
0.045883 0.334918 0.842934 
0.045341 0.328379 0.843941 
0.045393 0.320102 0.843120 
0.046792 0.308999 0.838135 
0.049358 0.301409 0.830790 
0.053194 0.298420 0.821163 
0.057054 0.305534 0.812911 
0.060198 0.319495 0.806576 
0.062841 0.330243 0.800996 
0.065696 0.335103 0.794607 
0.069038 0.337234 0.787069 
0.075237 0.337742 0.773273 
0.094501 0.336796 0.732968 
0.138588 0.334584 0.652784 
0.261294 0.331490 0.484776 
0.572878 0.331393 0.224336 
0.799367 0.328869 0.098750 
0.833931 0.320541 0.082325 
0.841784 0.317346 0.079322 
0.849127 0.317865 0.076758 
0.848728 0.317531 0.076917 
0.846883 0.316574 0.077596 
0.849486 0.317139 0.076704 
0.847205 0.315545 0.077564 
0.835743 0.314115 0.081515 
0.828654 0.315390 0.084038 
0.836557 0.310638 0.081359 
0.844530 0.310330 0.078814 
0.837574 0.305311 0.081384 
0.815156 0.307783 0.088515 
0.784301 0.318861 0.101768 
0.784859 0.317893 0.101181 
0.798160 0.312653 0.094765 
0.796196 0.311909 0.095323 
0.779460 0.316945 0.102953 
0.703102 0.322612 0.142264 
0.473154 0.321940 0.286447 
0.348534 0.322602 0.390982 
0.464621 0.324650 0.294731 
0.653584 0.327101 0.172851 
0.749926 0.326791 0.121304 
0.796783 0.322973 0.097895 
0.821142 0.313506 0.086660 
0.832734 0.305654 0.082871 
0.834294 0.302302 0.082636 
0.822257 0.297393 0.086661 
0.813134 0.291318 0.089824 
0.817060 0.282167 0.089699 
0.815288 0.274607 0.091167 
0.794310 0.261875 0.098680 
0.764389 0.256875 0.107182 
0.737259 0.265208 0.112354 
0.698062 0.300525 0.115691 
0.659170 0.344719 0.120086 
0.613924 0.367522 0.135269 
0.506702 0.362679 0.193793 
0.442543 0.350405 0.239896 
0.520168 0.356389 0.189630 
0.580523 0.358957 0.156149 
0.489318 0.342844 0.215992 
0.365607 0.321629 0.319638 
0.280578 0.303018 0.422645 
0.201999 0.295796 0.535795 
0.483644 0.315250 0.248782 
0.687445 0.321407 0.127633 
0.709770 0.314965 0.115853 
0.716317 0.304298 0.112620 
0.720720 0.287215 0.112753 
0.730660 0.270339 0.113000 
0.695370 0.304781 0.115794 
0.666077 0.337763 0.118878 
0.685917 0.317170 0.116139 
0.646402 0.358640 0.122148 
0.368396 0.348462 0.294210 
0.088676 0.289601 0.735507 
0.065179 0.319393 0.794752 
0.063082 0.332338 0.800549 
0.063403 0.337455 0.800073 
0.064470 0.339284 0.797675 
0.067478 0.339701 0.790756 
0.079511 0.339169 0.764098 
0.114477 0.337454 0.694998 
0.139979 0.336562 0.650764 
0.160138 0.336048 0.618706 
0.324292 0.332869 0.419010 
0.715807 0.332335 0.142291 
0.725324 0.332265 0.137254 
0.455633 0.332491 0.306302 
0.246967 0.334408 0.502233 
0.156325 0.337017 0.624728 
0.168702 0.336728 0.605909 
0.451805 0.332874 0.309454 
0.799244 0.329586 0.099420 
0.842162 0.318015 0.079177 
0.854514 0.320298 0.074740 
0.871636 0.339551 0.067744 
0.880880 0.354675 0.063607 
0.881687 0.356152 0.063238 
0.880758 0.354607 0.063663 
0.878484 0.350802 0.064699 
0.872817 0.341814 0.067231 
0.860550 0.326142 0.072413 
0.849387 0.317979 0.076663 
0.847216 0.317041 0.077452 
0.846427 0.316492 0.077753 
0.842716 0.315533 0.079062 
0.835905 0.316044 0.081439 
0.814753 0.324011 0.090507 
0.754079 0.329558 0.120659 
0.772913 0.328948 0.111133 
0.819498 0.322534 0.088258 
0.838454 0.314251 0.080574 
0.848797 0.315306 0.077070 
0.854298 0.318250 0.075088 
0.853772 0.316295 0.075416 
0.848312 0.308929 0.077759 
0.839733 0.298118 0.081398 
0.833391 0.288080 0.084353 
0.831780 0.282964 0.085410 
0.834388 0.286686 0.084289 
0.841159 0.299526 0.081202 
0.843021 0.310560 0.080238 
0.835558 0.316874 0.083102 
0.808175 0.321818 0.092443 
0.764210 0.345788 0.105889 
0.713827 0.368171 0.123872 
0.620496 0.387382 0.163818 
0.500281 0.395709 0.227604 
0.351010 0.397327 0.332777 
0.162279 0.387865 0.550062 
0.077639 0.360937 0.726917 
0.062296 0.341598 0.772981 
0.068243 0.344429 0.752565 
0.110890 0.372570 0.634388 
0.233399 0.402068 0.423496 
0.490533 0.413516 0.208881 
0.641176 0.394214 0.140689 
0.653557 0.389639 0.138480 
0.655480 0.387242 0.140894 
0.665178 0.382924 0.140156 
0.599993 0.392699 0.170020 
0.330333 0.402309 0.341885 
0.162622 0.389889 0.543492 
0.126743 0.382432 0.606456 
0.094032 0.367860 0.678718 
0.068012 0.339762 0.753324 
0.057502 0.314777 0.792781 
0.058709 0.305126 0.791746 
0.061335 0.296587 0.787096 
0.075857 0.298448 0.743639 
0.146286 0.331234 0.568356 
0.335432 0.377492 0.306030 
0.472343 0.392249 0.202053 
0.506553 0.393569 0.182031 
0.504289 0.391462 0.183798 
0.507603 0.390964 0.182087 
0.532635 0.391110 0.168583 
0.562793 0.391935 0.153152 
0.608134 0.387465 0.133252 
0.625499 0.383316 0.127069 
0.618131 0.388529 0.129588 
0.612363 0.392745 0.131781 
0.598406 0.397880 0.137164 
0.581319 0.402467 0.144320 
0.579894 0.403636 0.145109 
0.541921 0.407023 0.162432 
0.461589 0.404172 0.206721 
0.427090 0.399741 0.229420 
0.460926 0.401432 0.207311 
0.521225 0.404279 0.172693 
0.577261 0.402411 0.145954 
0.601565 0.399123 0.136306 
0.564950 0.405443 0.151638 
0.490160 0.406522 0.189728 
0.507733 0.407341 0.179993 
0.525983 0.407036 0.170348 
0.516203 0.407224 0.175450 
0.525303 0.407197 0.170713 
0.564022 0.406507 0.152271 
0.619357 0.396602 0.130728 
0.654955 0.382268 0.120952 
0.688702 0.363404 0.114464 
0.713764 0.350381 0.110735 
0.737241 0.341259 0.107420 
0.772311 0.329029 0.101317 
0.801930 0.329481 0.094760 
0.809198 0.339048 0.093723 
0.815144 0.350779 0.093279 
0.814636 0.361243 0.095018 
0.791573 0.366947 0.106793 
0.763420 0.371357 0.121565 
0.742024 0.375398 0.133416 
0.705829 0.376730 0.152993 
0.641367 0.375581 0.188995 
0.605274 0.375824 0.210642 
0.606721 0.377668 0.210233 
0.615965 0.379801 0.204989 
0.610149 0.380615 0.208597 
0.566538 0.379070 0.235570 
0.426323 0.372600 0.334232 
0.139809 0.357621 0.650992 
0.059393 0.348950 0.808865 
0.050068 0.346994 0.832283 
0.048544 0.346477 0.836417 
0.048432 0.346289 0.836703 
0.049688 0.346466 0.833159 
0.054034 0.347486 0.821701 
0.057066 0.348049 0.814011 
0.055222 0.347591 0.818534 
0.056978 0.347908 0.814066 
0.064308 0.349187 0.796258 
0.063695 0.349047 0.797606 
0.060059 0.348368 0.806237 
0.066031 0.349369 0.791938 
0.070870 0.350070 0.780692 
0.075564 0.350712 0.770182 
0.102090 0.353659 0.715674 
0.214732 0.361317 0.541507 
0.328465 0.366641 0.417419 
0.291648 0.365321 0.454200 
0.261716 0.364140 0.486582 
0.182908 0.360060 0.585066 
0.092841 0.353060 0.735067 
0.068960 0.350138 0.786017 
0.063362 0.349264 0.798954 
0.064922 0.349501 0.795271 
0.083894 0.352033 0.753328 
0.093520 0.353106 0.733648 
0.077578 0.351266 0.766799 
0.062739 0.349134 0.800378 
0.055670 0.347796 0.817526 
0.056309 0.347878 0.815872 
0.061914 0.348871 0.802117 
0.071767 0.350359 0.779268 
0.080526 0.351483 0.760045 
0.082753 0.351753 0.755321 
0.103039 0.353920 0.714657 
0.104062 0.354024 0.712728 
0.103037 0.353956 0.714776 
0.107712 0.354408 0.705978 
0.096108 0.353300 0.728316 
0.085173 0.352114 0.750484 
0.073000 0.350596 0.776691 
0.068131 0.349896 0.787663 
0.058445 0.348252 0.810522 
0.050817 0.346304 0.829867 
0.048550 0.345230 0.836105 
0.047763 0.344623 0.838400 
0.047531 0.343911 0.839008 
0.047371 0.342569 0.839273 
0.047103 0.340774 0.839814 
0.046800 0.338010 0.840273 
0.046918 0.334440 0.838539 
0.050359 0.338057 0.823033 
0.062681 0.352024 0.781660 
0.086685 0.365161 0.716191 
0.120283 0.374408 0.641222 
0.205229 0.383540 0.502792 
0.335623 0.386941 0.361640 
0.422115 0.385196 0.294901 
0.436269 0.383439 0.287056 
0.304669 0.383183 0.395627 
0.161249 0.377690 0.572055 
0.095323 0.368651 0.694234 
0.068487 0.356547 0.759816 
0.061652 0.348947 0.778417 
0.076121 0.361052 0.733307 
0.144823 0.385940 0.577424 
0.246600 0.398217 0.427930 
0.383540 0.402315 0.299367 
0.533427 0.396356 0.206067 
0.608759 0.386909 0.171556 
0.663088 0.376113 0.151359 
0.728553 0.363065 0.128276 
0.760008 0.360710 0.118507 
0.764329 0.364979 0.119125 
0.740025 0.368589 0.132369 
0.700648 0.370930 0.153755 
0.664116 0.372214 0.174446 
0.617860 0.372621 0.201554 
0.602723 0.373863 0.211439 
0.617784 0.376629 0.203287 
0.583602 0.376258 0.224203 
0.461253 0.371647 0.306570 
0.337609 0.367066 0.408878 
0.238915 0.362859 0.512523 
0.175869 0.359511 0.594824 
0.163715 0.358825 0.612817 
0.161598 0.358753 0.616127 
0.105975 0.354409 0.709643 
0.075665 0.351087 0.771107 
0.074366 0.350917 0.773964 
0.081850 0.351864 0.757797 
0.089417 0.352743 0.742101 
0.087932 0.352587 0.745156 
0.087048 0.352500 0.746999 
0.095868 0.353476 0.729257 
0.111337 0.355007 0.699878 
0.122067 0.355986 0.680688 
0.103725 0.354346 0.714199 
0.070781 0.350551 0.782160 
0.055053 0.347960 0.819351 
0.050907 0.346936 0.829941 
0.051501 0.347000 0.828330 
0.056894 0.348130 0.814576 
0.072575 0.350602 0.777784 
0.107232 0.354471 0.707157 
0.136736 0.356984 0.655370 
0.166890 0.359180 0.608361 
0.247227 0.363885 0.503599 
0.340016 0.368539 0.407759 
0.396046 0.371446 0.358762 
0.413198 0.372609 0.344859 
0.375962 0.371122 0.375988 
0.324676 0.368871 0.422790 
0.249453 0.365129 0.501959 
0.135399 0.357812 0.658881 
0.086983 0.353170 0.748077 
0.077685 0.352043 0.767658 
0.084329 0.352885 0.753596 
0.110863 0.355747 0.701791 
0.118672 0.356500 0.687715 
0.084323 0.352945 0.753669 
0.068131 0.350816 0.788886 
0.059774 0.349518 0.808384 
0.050955 0.347873 0.830211 
0.048587 0.347291 0.836448 
0.048627 0.347247 0.836329 
0.049207 0.347326 0.834748 
0.050378 0.347559 0.831638 
0.056902 0.348831 0.815189 
0.071491 0.351081 0.781110 
0.065055 0.350142 0.795752 
0.055445 0.348538 0.818756 
0.049921 0.347338 0.832802 
0.047960 0.346846 0.838149 
0.047726 0.346783 0.838819 
0.047635 0.346680 0.839073 
0.047467 0.346684 0.839562 
0.047327 0.346675 0.839960 
0.047163 0.346313 0.840383 
0.046974 0.345025 0.840804 
0.046601 0.341998 0.841582 
0.046096 0.337502 0.842584 
0.045759 0.330967 0.842801 
0.046261 0.321471 0.838439 
0.051005 0.324008 0.815781 
0.090181 0.366464 0.689532 
0.399093 0.408657 0.277608 
0.638523 0.389832 0.149259 
0.701463 0.371987 0.128650 
0.758307 0.354973 0.112691 
0.794325 0.353629 0.102198 
0.793563 0.361081 0.104588 
0.749800 0.364927 0.125730 
0.586627 0.370137 0.209968 
0.323642 0.369914 0.400593 
0.184767 0.365843 0.560181 
0.133089 0.363037 0.640664 
0.105854 0.360894 0.690350 
0.076973 0.356569 0.751246 
0.066080 0.353117 0.777098 
0.073706 0.357280 0.755379 
0.080721 0.360855 0.735761 
0.075388 0.359785 0.746552 
0.070028 0.357521 0.758443 
0.068179 0.356352 0.761143 
0.083074 0.365536 0.718718 
0.131739 0.380995 0.609051 
0.153988 0.385782 0.566245 
0.156777 0.387114 0.559124 
0.171770 0.390068 0.532304 
0.215719 0.395498 0.467114 
0.275936 0.400050 0.394992 
0.272342 0.400519 0.397482 
0.131875 0.383873 0.596204 
0.067976 0.345625 0.753564 
0.056538 0.319982 0.794998 
0.053682 0.304892 0.809345 
0.056080 0.297571 0.803980 
0.063271 0.293119 0.783148 
0.076762 0.291641 0.745915 
0.124833 0.308483 0.624281 
0.307726 0.356652 0.341403 
0.473061 0.377819 0.206427 
0.538903 0.381889 0.167986 
0.576969 0.382300 0.148540 
0.604555 0.380741 0.135790 
0.631729 0.374050 0.125403 
0.644322 0.369332 0.121669 
0.654219 0.366398 0.119350 
0.657273 0.368200 0.118814 
0.621656 0.391534 0.128865 
0.557123 0.405451 0.155101 
0.540731 0.407124 0.163021 
0.500938 0.406034 0.183645 
0.332758 0.384093 0.306146 
0.220548 0.350946 0.441972 
0.154415 0.314502 0.565572 
0.109435 0.287756 0.676527 
0.104387 0.286086 0.697385 
0.135640 0.289315 0.638620 
0.423571 0.319483 0.280013 
0.688451 0.320843 0.117290 
0.726193 0.273587 0.113493 
0.725313 0.273479 0.113808 
0.679505 0.323446 0.116846 
0.613501 0.371158 0.134187 
0.619673 0.373378 0.130593 
0.681338 0.330579 0.115716 
0.754104 0.279329 0.107107 
0.794689 0.283781 0.097010 
0.803308 0.297692 0.093856 
0.807173 0.311759 0.092496 
0.808991 0.324591 0.092346 
0.800779 0.336265 0.095934 
0.768444 0.350762 0.108109 
0.710984 0.367055 0.131829 
0.650726 0.375183 0.160661 
0.597450 0.377739 0.189858 
0.580157 0.376315 0.202441 
0.523717 0.376801 0.237159 
0.373832 0.377606 0.343693 
0.235417 0.375182 0.480853 
0.196339 0.373470 0.531304 
0.169636 0.372625 0.568828 
0.157292 0.371987 0.587745 
0.219457 0.375198 0.499547 
0.288393 0.376467 0.422272 
0.278855 0.375823 0.432928 
0.238975 0.374416 0.478109 
0.242910 0.374025 0.474347 
0.242469 0.373746 0.475324 
0.188783 0.371912 0.543875 
0.119697 0.367479 0.654877 
0.086858 0.362516 0.721657 
0.075619 0.359663 0.746586 
0.069463 0.357081 0.760510 
0.070410 0.357970 0.755516 
0.080425 0.364128 0.726084 
0.107042 0.374956 0.660151 
0.148700 0.384695 0.576103 
0.198185 0.391406 0.496659 
0.248390 0.395671 0.431241 
0.299984 0.398001 0.376155 
0.361861 0.398908 0.321516 
0.388556 0.398394 0.301448 
0.489585 0.394150 0.236441 
0.632173 0.380049 0.165649 
0.695055 0.368633 0.141877 
0.696476 0.367264 0.144562 
0.630256 0.371890 0.178748 
0.545823 0.373850 0.227708 
0.444626 0.374271 0.294977 
0.252336 0.372308 0.466932 
0.121284 0.365880 0.654985 
0.072351 0.356782 0.758689 
0.059217 0.349010 0.792859 
0.056909 0.346043 0.798021 
0.050834 0.333562 0.817723 
0.048547 0.323987 0.826734 
0.053476 0.329588 0.805613 
0.073513 0.352791 0.736289 
0.093840 0.364679 0.677420 
0.065396 0.328775 0.763202 
0.053161 0.300579 0.813006 
0.053136 0.294475 0.817566 
0.055439 0.293425 0.813868 
0.064222 0.289508 0.791331 
0.085772 0.286305 0.739263 
0.109153 0.288671 0.691236 
0.135498 0.293320 0.644568 
0.127456 0.302834 0.664693 
0.129371 0.310510 0.663790 
0.164297 0.313987 0.607211 
0.153557 0.320377 0.625856 
0.115429 0.328256 0.692176 
0.119452 0.330372 0.685176 
0.171247 0.328930 0.600635 
0.254741 0.328095 0.491147 
0.435480 0.328444 0.319471 
0.714147 0.330172 0.141519 
0.801368 0.326657 0.097019 
0.818044 0.323192 0.088972 
0.823967 0.320872 0.086222 
0.832647 0.315928 0.082609 
0.844438 0.313445 0.078611 
0.848654 0.314184 0.077205 
0.846502 0.311112 0.078132 
0.840524 0.305298 0.080477 
0.833054 0.297932 0.083402 
0.827647 0.290281 0.085768 
0.821973 0.281018 0.088471 
0.812835 0.270630 0.092400 
0.797568 0.259831 0.098192 
0.783629 0.255158 0.102750 
0.768357 0.257837 0.106415 
0.777618 0.266652 0.103055 
0.802192 0.280936 0.095151 
0.806475 0.293969 0.093122 
0.786946 0.309175 0.097720 
0.742415 0.345034 0.107437 
0.638054 0.396102 0.139713 
0.280297 0.407327 0.368444 
0.063611 0.319968 0.770963 
0.054883 0.299012 0.807466 
0.072963 0.306724 0.747341 
0.120775 0.331534 0.618495 
0.248051 0.371501 0.397976 
0.534374 0.406338 0.166045 
0.661287 0.372946 0.118545 
0.712210 0.336392 0.110496 
0.762705 0.310613 0.102830 
0.797408 0.310576 0.095143 
0.815676 0.323344 0.090210 
0.812551 0.334307 0.092023 
0.788110 0.346244 0.101793 
0.756410 0.357076 0.115491 
0.709728 0.365930 0.137194 
0.705873 0.365896 0.142578 
0.738660 0.365226 0.130905 
0.729462 0.368210 0.137386 
0.651563 0.369460 0.178696 
0.608006 0.370206 0.204996 
0.630782 0.372290 0.193655 
0.635696 0.374757 0.192029 
0.628428 0.376512 0.196893 
0.533055 0.373233 0.256002 
0.294986 0.364607 0.449325 
0.165173 0.358403 0.609117 
0.154712 0.357790 0.625249 
0.174670 0.359106 0.595697 
0.164666 0.358546 0.610553 
0.098414 0.353392 0.723302 
0.073251 0.350499 0.775749 
0.072291 0.350356 0.777852 
0.068681 0.349820 0.785967 
0.061926 0.348699 0.801705 
0.055677 0.347357 0.816945 
0.050688 0.345633 0.829851 
0.049101 0.344549 0.834177 
0.048803 0.343745 0.834816 
0.048099 0.342415 0.836720 
0.047562 0.340816 0.838147 
0.046969 0.338619 0.839776 
0.046445 0.335921 0.841142 
0.045944 0.331724 0.842220 
0.045671 0.326019 0.842358 
0.046704 0.317435 0.835947 
0.056254 0.328118 0.794922 
0.068596 0.338974 0.751466 
0.072017 0.334426 0.741243 
0.076634 0.329767 0.728458 
0.090524 0.332444 0.689359 
0.105027 0.331883 0.653573 
0.177673 0.360366 0.500416 
0.437602 0.406052 0.222111 
0.609959 0.400238 0.134301 
0.672976 0.371065 0.116965 
0.686914 0.365592 0.114924 
0.703443 0.359815 0.112817 
0.739117 0.340718 0.107154 
0.772786 0.329511 0.101275 
0.810561 0.330315 0.092283 
0.822294 0.342400 0.089347 
0.817686 0.353684 0.092620 
0.811490 0.363533 0.096790 
0.799561 0.371989 0.103650 
0.786548 0.379154 0.110934 
0.769363 0.383728 0.120118 
0.745314 0.385359 0.132807 
0.712324 0.385108 0.150467 
0.667794 0.383585 0.175083 
0.590347 0.380062 0.220677 
0.499875 0.376072 0.279886 
0.435262 0.373405 0.327381 
0.438698 0.374011 0.324836 
0.447578 0.374791 0.318119 
0.409386 0.373256 0.348144 
0.354649 0.370799 0.395026 
0.225406 0.364082 0.530818 
0.122038 0.356870 0.681843 
0.069711 0.351076 0.785340 
0.051750 0.348096 0.828197 
0.048864 0.347420 0.835710 
0.048371 0.347262 0.837043 
0.048161 0.347162 0.837616 
0.047741 0.347088 0.838803 
0.047483 0.347179 0.839555 
0.047442 0.347138 0.839670 
0.047564 0.346834 0.839294 
0.048333 0.346528 0.837032 
0.051470 0.347206 0.828525 
0.054880 0.347896 0.819762 
0.052527 0.347293 0.825682 
0.049468 0.346326 0.833735 
0.048458 0.345808 0.836525 
0.048146 0.345427 0.837376 
0.048161 0.344966 0.837233 
0.048221 0.344366 0.836900 
0.048719 0.343876 0.835140 
0.050456 0.344241 0.829613 
0.051269 0.344179 0.826727 
0.048092 0.340553 0.836017 
0.046933 0.338435 0.839867 
0.046569 0.335219 0.840444 
0.046349 0.330734 0.840064 
0.046645 0.326237 0.837018 
0.048051 0.324031 0.829150 
0.055561 0.335594 0.797736 
0.091153 0.367909 0.687957 
0.096591 0.368542 0.671548 
0.065081 0.334069 0.763454 
0.054848 0.307576 0.804212 
0.053246 0.296565 0.814913 
0.053793 0.293858 0.817371 
0.056867 0.295425 0.811398 
0.064123 0.297142 0.794310 
0.079057 0.297993 0.760025 
0.103749 0.299880 0.708561 
0.134195 0.304035 0.653176 
0.164924 0.308794 0.604308 
0.175420 0.314482 0.590494 
0.210874 0.317387 0.541696 
0.396078 0.319499 0.346325 
0.671522 0.323499 0.160067 
0.773371 0.320528 0.107096 
0.795112 0.315458 0.096466 
0.803380 0.309155 0.092506 
0.808580 0.299110 0.090653 
0.810602 0.289384 0.090719 
0.806699 0.280501 0.092751 
0.802213 0.270601 0.095261 
0.793869 0.261914 0.098789 
0.764514 0.257601 0.107014 
0.722836 0.277555 0.113610 
0.700361 0.298080 0.115536 
0.703768 0.295492 0.115197 
0.711092 0.293824 0.114033 
0.710231 0.304603 0.112978 
0.701136 0.324381 0.112787 
0.684764 0.350991 0.114245 
0.656374 0.379230 0.120112 
0.588952 0.406495 0.143139 
0.484524 0.412238 0.194039 
0.419773 0.407971 0.234524 
0.419919 0.406729 0.234243 
0.426716 0.406023 0.229461 
0.365840 0.396053 0.275363 
0.208026 0.354999 0.456873 
0.135434 0.314920 0.599082 
0.120245 0.295891 0.644559 
0.108884 0.286085 0.682057 
0.087402 0.293754 0.740329 
0.078234 0.310922 0.764260 
0.087244 0.317346 0.745788 
0.101247 0.321725 0.718075 
0.113557 0.324924 0.695153 
0.238079 0.320660 0.508272 
0.678496 0.324464 0.157009 
0.804181 0.313461 0.092744 
0.829949 0.296862 0.084423 
0.844583 0.301400 0.079600 
0.837532 0.290661 0.082826 
0.822180 0.274547 0.089273 
0.790930 0.256764 0.100536 
0.733986 0.267801 0.112819 
0.686462 0.317195 0.116023 
0.645879 0.361666 0.121819 
0.625864 0.376416 0.127354 
0.600961 0.385020 0.136582 
0.543426 0.389771 0.163321 
0.549164 0.390285 0.160273 
0.584059 0.389571 0.143477 
0.564605 0.390551 0.152541 
0.401789 0.371420 0.256009 
0.226992 0.325944 0.451002 
