0.306329 0.769575 0.291825 
0.306329 0.769575 0.291825 
0.062755 0.441747 0.562256 
0.243494 0.761545 0.356156 
0.399244 0.728524 0.195712 
0.522713 0.511942 0.082281 
0.399424 0.728368 0.195527 
0.147710 0.682722 0.455613 
0.088880 0.549181 0.524890 
0.064546 0.450565 0.559453 
0.073237 0.490055 0.546429 
0.055042 0.400875 0.574899 
0.015993 0.114852 0.671947 
0.040002 0.306167 0.603186 
0.102361 0.590178 0.507738 
0.247856 0.762996 0.351710 
0.478275 0.618632 0.118898 
0.482485 0.610020 0.115162 
0.573770 0.355463 0.049406 
0.493986 0.584883 0.105218 
0.298528 0.770036 0.299859 
0.187539 0.728517 0.413466 
0.105173 0.597762 0.504287 
0.113035 0.617429 0.494831 
0.190280 0.730862 0.410627 
0.328429 0.765997 0.268986 
0.399424 0.728368 0.195527 
0.330032 0.765604 0.267325 
0.309805 0.769236 0.288240 
0.475850 0.623452 0.121072 
0.583121 0.325559 0.044561 
0.634926 0.176785 0.023995 
0.689158 0.077663 0.011790 
0.646107 0.151096 0.020809 
0.435348 0.689499 0.159378 
0.083151 0.529130 0.532540 
0.023004 0.174313 0.646255 
0.030760 0.237463 0.624400 
0.057651 0.415249 0.570510 
0.070922 0.480044 0.549813 
0.040664 0.310785 0.601804 
0.071651 0.483238 0.548740 
0.116960 0.626463 0.490205 
0.075071 0.497734 0.543790 
0.066678 0.460745 0.556173 
0.097977 0.577721 0.513200 
0.083746 0.531294 0.531734 
0.071025 0.480501 0.549659 
0.217130 0.749569 0.383045 
0.188712 0.729531 0.412250 
0.151066 0.687574 0.451975 
0.222238 0.752343 0.377828 
0.164864 0.705421 0.437210 
0.283853 0.769796 0.314931 
0.470494 0.633732 0.125929 
0.466470 0.641131 0.129625 
0.294612 0.770113 0.303886 
0.082560 0.526960 0.533345 
0.037856 0.290925 0.607774 
0.227987 0.755195 0.371963 
0.526076 0.502511 0.079791 
0.534162 0.479162 0.073985 
0.461306 0.650226 0.134424 
0.462564 0.648052 0.133250 
0.500187 0.570348 0.100027 
0.423156 0.704536 0.171483 
0.226136 0.754307 0.373850 
0.149118 0.684784 0.454084 
0.102222 0.589794 0.507910 
0.099605 0.582438 0.511160 
0.390164 0.735920 0.205031 
0.629049 0.191368 0.025832 
0.663032 0.117498 0.016698 
0.602698 0.264813 0.035580 
0.491507 0.590501 0.107328 
0.490335 0.593118 0.108331 
0.632405 0.182953 0.024769 
0.678887 0.091676 0.013532 
0.607276 0.251229 0.033700 
0.698188 0.066949 0.010435 
0.821982 0.008383 0.001901 
0.800107 0.012012 0.002578 
0.644643 0.154303 0.021204 
0.373625 0.747238 0.222108 
0.303460 0.769792 0.294781 
0.340382 0.762607 0.256595 
0.327225 0.766281 0.270233 
0.264303 0.767221 0.334933 
0.226136 0.754307 0.373851 
0.380931 0.742566 0.214552 
0.469260 0.636030 0.127058 
0.474936 0.625240 0.121895 
0.430476 0.695752 0.164190 
0.233553 0.757694 0.366287 
0.045158 0.341001 0.592810 
0.026679 0.204759 0.635287 
0.083033 0.528697 0.532701 
0.406219 0.722229 0.188590 
0.552480 0.423329 0.061805 
0.621516 0.211094 0.028360 
0.597398 0.280884 0.037859 
0.289033 0.770045 0.309617 
0.081504 0.523037 0.534788 
0.237896 0.759471 0.361861 
0.308375 0.769385 0.289715 
0.102640 0.590943 0.507394 
0.060467 0.430126 0.565906 
0.035728 0.275375 0.612507 
0.026117 0.200165 0.636882 
0.017830 0.130475 0.664407 
0.025143 0.192134 0.639717 
0.105173 0.597762 0.504287 
0.056797 0.410606 0.571933 
0.025355 0.193892 0.639091 
0.016972 0.123175 0.667838 
0.010267 0.067451 0.701999 
0.016699 0.120850 0.668963 
0.141292 0.672817 0.462636 
0.224699 0.753598 0.375317 
0.075398 0.499084 0.543323 
0.043890 0.332667 0.595285 
0.012844 0.088400 0.686895 
0.006800 0.041369 0.730331 
0.007891 0.049209 0.719904 
0.016762 0.121382 0.668704 
0.027924 0.214877 0.631837 
0.115288 0.622676 0.492168 
0.353132 0.757791 0.243362 
0.336814 0.763730 0.260296 
0.374755 0.746549 0.220939 
0.473257 0.628490 0.123414 
0.584849 0.320072 0.043705 
0.582890 0.326294 0.044676 
0.528214 0.496429 0.078231 
0.551353 0.426860 0.062515 
0.440334 0.682750 0.154491 
0.417807 0.710509 0.176853 
0.499041 0.573087 0.100977 
0.428615 0.698055 0.166038 
0.214484 0.748040 0.385750 
0.284890 0.769860 0.313868 
0.555222 0.414702 0.060101 
0.586340 0.315350 0.042977 
0.409583 0.718993 0.185170 
0.095177 0.569338 0.516744 
0.074636 0.495932 0.544413 
0.335223 0.764200 0.261945 
0.448358 0.671115 0.146713 
0.351965 0.758286 0.244574 
0.200778 0.739055 0.399802 
0.071861 0.484149 0.548433 
0.035412 0.273032 0.613226 
0.080228 0.518213 0.536544 
0.287584 0.769994 0.311105 
0.406041 0.722396 0.188771 
0.419539 0.708615 0.175111 
0.462093 0.648869 0.133689 
0.558807 0.403350 0.057921 
0.601710 0.267783 0.035996 
0.522983 0.511191 0.082079 
0.351965 0.758286 0.244574 
0.434847 0.690158 0.159872 
0.604885 0.258287 0.034672 
0.594047 0.291210 0.039357 
0.451592 0.666148 0.143612 
0.376446 0.745494 0.219189 
0.364129 0.752580 0.231950 
0.230458 0.756336 0.369443 
0.173486 0.715035 0.428117 
0.152133 0.689074 0.450821 
0.084105 0.532589 0.531250 
0.164123 0.704544 0.437995 
0.357398 0.755890 0.238935 
0.386120 0.738936 0.209197 
0.109200 0.608110 0.499409 
0.093865 0.565291 0.518421 
0.089381 0.550856 0.524232 
0.067667 0.465359 0.554670 
0.496305 0.579529 0.103263 
0.566482 0.378846 0.053435 
0.468332 0.637742 0.127910 
0.486799 0.600867 0.111386 
0.527814 0.497572 0.078522 
0.545155 0.446074 0.066511 
0.225315 0.753904 0.374689 
0.250768 0.763886 0.348742 
0.510916 0.543601 0.091349 
0.168589 0.709709 0.433270 
0.009892 0.064488 0.704510 
0.004920 0.029244 0.754942 
0.004078 0.024963 0.772041 
0.004079 0.024967 0.772019 
0.003998 0.024640 0.774092 
0.004007 0.024675 0.773858 
0.034636 0.267235 0.615013 
0.561993 0.393205 0.056029 
0.489454 0.595070 0.109089 
0.176720 0.718366 0.424729 
0.136877 0.665495 0.467519 
0.401400 0.726637 0.193506 
0.562847 0.390481 0.055529 
0.251184 0.764008 0.348318 
0.023067 0.174845 0.646055 
0.024245 0.184690 0.642403 
0.020584 0.153896 0.654270 
0.114083 0.619890 0.493590 
0.505306 0.557838 0.095837 
0.633011 0.181457 0.024581 
0.670192 0.105180 0.015192 
0.625250 0.201175 0.027082 
0.717881 0.048141 0.007981 
0.769025 0.020202 0.003956 
0.635328 0.175815 0.023873 
0.546301 0.442548 0.065760 
0.472491 0.629956 0.124109 
0.343146 0.761671 0.253727 
0.202578 0.740341 0.397953 
0.240797 0.760576 0.358905 
0.405864 0.722563 0.188952 
0.431489 0.694480 0.163188 
0.369465 0.749678 0.226418 
0.282401 0.769694 0.316420 
0.078515 0.511587 0.538924 
0.067468 0.464437 0.554971 
0.327024 0.766327 0.270441 
0.532058 0.485326 0.075471 
0.618795 0.218488 0.029322 
0.601710 0.267783 0.035996 
0.580572 0.333681 0.045845 
0.544006 0.449597 0.067269 
0.515072 0.532709 0.088096 
0.521901 0.514192 0.082888 
0.613613 0.232943 0.031231 
0.732169 0.037781 0.006563 
0.738203 0.034094 0.006042 
0.618480 0.219353 0.029436 
0.429800 0.696594 0.164861 
0.307761 0.769445 0.290348 
0.196398 0.735783 0.404310 
0.207198 0.743493 0.393211 
0.265761 0.767503 0.333444 
0.221419 0.751914 0.378664 
0.222238 0.752343 0.377828 
0.190084 0.730697 0.410830 
0.088256 0.547079 0.525712 
0.051069 0.377871 0.581831 
0.083033 0.528697 0.532701 
0.204382 0.741598 0.396100 
0.366803 0.751157 0.229178 
0.429800 0.696594 0.164861 
0.523658 0.509310 0.081577 
0.528613 0.495285 0.077942 
0.404796 0.723558 0.190040 
0.393450 0.733344 0.201652 
0.411520 0.717069 0.183205 
0.280325 0.769523 0.318547 
0.079883 0.516892 0.537021 
0.099332 0.581655 0.511501 
0.167654 0.708653 0.434257 
0.125554 0.644611 0.480269 
0.067767 0.465820 0.554519 
0.053739 0.393484 0.577137 
0.100563 0.585164 0.509965 
0.097439 0.576136 0.513877 
0.216315 0.749105 0.383878 
0.391627 0.734787 0.203526 
0.455600 0.659763 0.139797 
0.411696 0.716892 0.183027 
0.332032 0.765086 0.265253 
0.280948 0.769577 0.317909 
0.292754 0.770114 0.305795 
0.332432 0.764980 0.264839 
0.364703 0.752280 0.231355 
0.436016 0.688616 0.158721 
0.403905 0.724379 0.190949 
0.331233 0.765297 0.266081 
0.334825 0.764315 0.262358 
0.307352 0.769483 0.290770 
0.297910 0.770055 0.300495 
0.330433 0.765502 0.266910 
0.248480 0.763192 0.351075 
0.179210 0.720835 0.422128 
0.233140 0.757517 0.366708 
0.318145 0.768086 0.279627 
0.377570 0.744778 0.218026 
0.415720 0.712740 0.178957 
0.391992 0.734501 0.203151 
0.250768 0.763886 0.348742 
0.186758 0.727834 0.414275 
0.325416 0.766687 0.272106 
0.331233 0.765297 0.266081 
0.291721 0.770104 0.306857 
0.320372 0.767697 0.277324 
0.385012 0.739733 0.210339 
0.455440 0.660022 0.139949 
0.459413 0.653450 0.136200 
0.481436 0.612194 0.116088 
0.474479 0.626130 0.122308 
0.482185 0.610642 0.115426 
0.541311 0.457803 0.069068 
0.568647 0.371904 0.052215 
0.514106 0.535266 0.088846 
0.542982 0.452725 0.067949 
0.549340 0.433138 0.063795 
0.444774 0.676433 0.150173 
0.461936 0.649141 0.133836 
0.519048 0.522020 0.085043 
0.477064 0.621051 0.119982 
0.402475 0.725676 0.192408 
0.480836 0.613430 0.116619 
0.558930 0.402959 0.057847 
0.607167 0.251547 0.033744 
0.596619 0.283275 0.038203 
0.497315 0.577166 0.102416 
0.192838 0.732970 0.407983 
0.023290 0.176718 0.645351 
0.020231 0.150898 0.655504 
0.031165 0.240639 0.623378 
0.059308 0.424080 0.567785 
0.135199 0.662600 0.469386 
0.314084 0.768706 0.283823 
0.407815 0.720710 0.186966 
0.310417 0.769168 0.287608 
0.191263 0.731680 0.409611 
0.276584 0.769142 0.322377 
0.367564 0.750740 0.228388 
0.254098 0.764828 0.345347 
0.201977 0.739916 0.398570 
0.338203 0.763305 0.258855 
0.318145 0.768086 0.279627 
0.321787 0.767432 0.275861 
0.435348 0.689499 0.159378 
0.565395 0.382329 0.054056 
0.541053 0.458583 0.069242 
0.386489 0.738667 0.208816 
0.383902 0.740520 0.211485 
0.268885 0.768059 0.330252 
0.107317 0.603345 0.501681 
0.148942 0.684528 0.454275 
0.213265 0.747315 0.386997 
0.294818 0.770112 0.303674 
0.440829 0.682060 0.154007 
0.369654 0.749570 0.226222 
0.220192 0.751259 0.379917 
0.144569 0.677979 0.459040 
0.129751 0.652728 0.475501 
0.252433 0.764367 0.347045 
0.349428 0.759323 0.247208 
0.381117 0.742441 0.214360 
0.358364 0.755438 0.237933 
0.319361 0.767878 0.278370 
0.412924 0.715646 0.181783 
0.334626 0.764372 0.262565 
0.331233 0.765297 0.266081 
0.351965 0.758286 0.244574 
0.285305 0.769884 0.313443 
0.262637 0.766880 0.336634 
0.217742 0.749913 0.382420 
0.240590 0.760499 0.359116 
0.135869 0.663763 0.468640 
0.048239 0.360622 0.586978 
0.041587 0.317143 0.599906 
0.036153 0.278520 0.611545 
0.059662 0.425940 0.567208 
0.078628 0.512031 0.538766 
0.060467 0.430126 0.565906 
0.073988 0.493224 0.545345 
0.241834 0.760955 0.357848 
0.412223 0.716360 0.182493 
0.388329 0.737308 0.206920 
0.362405 0.753464 0.233739 
0.347666 0.760012 0.249036 
0.414150 0.714384 0.180544 
0.440169 0.682980 0.154652 
0.416939 0.711444 0.177728 
0.367755 0.750635 0.228191 
0.211036 0.745951 0.389279 
0.129100 0.651499 0.476238 
0.108183 0.605553 0.500634 
0.094914 0.568532 0.517080 
0.127642 0.648707 0.477891 
0.294612 0.770113 0.303886 
0.422469 0.705324 0.172170 
0.403369 0.724868 0.191496 
0.430983 0.695118 0.163689 
0.473869 0.627313 0.122860 
0.456875 0.657679 0.138591 
0.474174 0.626722 0.122584 
0.542853 0.453116 0.068035 
0.548077 0.437060 0.064607 
0.526879 0.500234 0.079203 
0.454001 0.662341 0.141315 
0.431489 0.694480 0.163188 
0.444283 0.677146 0.150649 
0.433003 0.692551 0.161690 
0.491507 0.590501 0.107328 
0.563941 0.386983 0.054893 
0.477367 0.620448 0.119710 
0.291721 0.770104 0.306857 
0.286755 0.769958 0.311955 
0.282608 0.769709 0.316207 
0.285719 0.769907 0.313017 
0.358750 0.755256 0.237532 
0.375319 0.746200 0.220355 
0.197192 0.736392 0.403492 
0.162462 0.702544 0.439759 
0.292135 0.770109 0.306432 
0.360099 0.754608 0.236132 
0.362021 0.753658 0.234137 
0.316117 0.768410 0.281723 
0.318551 0.768018 0.279208 
0.372305 0.748030 0.223476 
0.401938 0.726158 0.192957 
0.389981 0.736060 0.205220 
0.285512 0.769895 0.313230 
0.130405 0.653950 0.474764 
0.069788 0.475011 0.551491 
0.086283 0.540303 0.528328 
0.233967 0.757869 0.365866 
0.392904 0.733780 0.202214 
0.458780 0.654514 0.136795 
0.484276 0.606261 0.113588 
0.437516 0.686609 0.157249 
0.441324 0.681366 0.153525 
0.525003 0.505538 0.080581 
0.559545 0.401005 0.057479 
0.557698 0.406870 0.058590 
0.535733 0.474522 0.072887 
0.444446 0.676909 0.150491 
0.404618 0.723723 0.190222 
0.324409 0.766903 0.273148 
0.151421 0.688076 0.451590 
0.168215 0.709288 0.433665 
0.277624 0.769257 0.321313 
0.383717 0.740650 0.211676 
0.475393 0.624347 0.121483 
0.407107 0.721388 0.187687 
0.198982 0.737738 0.401649 
0.196597 0.735936 0.404106 
0.185979 0.727144 0.415084 
0.052153 0.384282 0.579908 
0.048530 0.362426 0.586441 
0.180171 0.721766 0.421125 
0.256180 0.765376 0.343224 
0.300996 0.769934 0.297319 
0.463974 0.645582 0.131937 
0.473410 0.628196 0.123275 
0.235413 0.758473 0.364392 
0.118339 0.629523 0.488593 
0.050993 0.377413 0.581968 
0.023226 0.176180 0.645552 
0.067568 0.464898 0.554821 
0.078401 0.511144 0.539082 
0.033335 0.257392 0.618074 
0.013821 0.096536 0.681927 
0.004478 0.026835 0.763098 
0.006778 0.041213 0.730566 
0.035940 0.276945 0.612026 
0.060647 0.431056 0.565615 
0.337012 0.763670 0.260090 
0.449331 0.669638 0.145778 
0.385566 0.739336 0.209768 
0.486947 0.600547 0.111257 
0.604667 0.258935 0.034762 
0.572347 0.360029 0.050175 
0.504741 0.559243 0.096296 
0.561016 0.396322 0.056605 
0.593823 0.291906 0.039459 
0.524466 0.507049 0.080978 
0.341370 0.762279 0.255570 
0.133369 0.659363 0.471432 
0.118956 0.630871 0.487875 
0.168589 0.709709 0.433270 
0.202778 0.740482 0.397747 
0.202377 0.740200 0.398158 
0.128775 0.650881 0.476605 
0.145961 0.680105 0.457520 
0.272632 0.768636 0.326421 
0.262637 0.766880 0.336635 
0.188908 0.729699 0.412048 
0.173486 0.715035 0.428117 
0.182292 0.723779 0.418915 
0.293167 0.770116 0.305371 
0.376070 0.745731 0.219578 
0.293787 0.770116 0.304735 
0.259304 0.766141 0.340036 
0.281363 0.769612 0.317483 
0.328229 0.766045 0.269193 
0.350405 0.758930 0.246194 
0.284475 0.769835 0.314293 
0.082914 0.528263 0.532862 
0.039175 0.300346 0.604933 
0.053179 0.390258 0.578110 
0.055042 0.400875 0.574899 
0.094126 0.566103 0.518086 
0.147710 0.682722 0.455613 
0.183453 0.724857 0.417707 
0.327627 0.766187 0.269817 
0.460991 0.650766 0.134719 
0.429292 0.697222 0.165365 
0.380186 0.743066 0.215322 
0.380931 0.742566 0.214552 
0.398343 0.729298 0.196634 
0.438346 0.685484 0.156434 
0.415372 0.713108 0.179309 
0.414674 0.713839 0.180014 
0.389614 0.736339 0.205597 
0.238103 0.759552 0.361650 
0.184035 0.725391 0.417103 
0.290274 0.770079 0.308343 
0.238518 0.759713 0.361228 
0.084465 0.533881 0.530764 
0.093734 0.564884 0.518588 
0.075837 0.500880 0.542698 
0.043693 0.331360 0.595674 
0.071129 0.480958 0.549506 
0.195011 0.734704 0.405740 
0.544900 0.446857 0.066678 
0.708082 0.056774 0.009123 
0.645230 0.153013 0.021045 
0.472031 0.630832 0.124527 
0.168215 0.709288 0.433665 
0.078741 0.512474 0.538608 
0.372871 0.747692 0.222890 
0.596842 0.282591 0.038105 
0.658830 0.125244 0.017644 
0.611477 0.239035 0.032046 
0.495726 0.580873 0.103749 
0.470956 0.632865 0.125507 
0.469414 0.635744 0.126916 
0.421265 0.706690 0.173378 
0.309805 0.769236 0.288240 
0.271800 0.768516 0.327272 
0.309600 0.769258 0.288451 
0.334626 0.764372 0.262565 
0.382790 0.741296 0.212633 
0.331633 0.765192 0.265667 
0.220397 0.751369 0.379709 
0.189299 0.730033 0.411642 
0.259512 0.766189 0.339824 
0.253473 0.764657 0.345984 
0.268261 0.767953 0.330890 
0.387594 0.737856 0.207678 
0.395449 0.731722 0.199600 
0.319766 0.767806 0.277952 
0.279494 0.769446 0.319398 
0.325617 0.766643 0.271898 
0.319968 0.767770 0.277742 
0.238932 0.759873 0.360806 
0.153026 0.690312 0.449858 
0.144395 0.677711 0.459230 
0.167654 0.708653 0.434257 
0.168589 0.709709 0.433270 
0.205990 0.742689 0.394450 
0.262845 0.766924 0.336422 
0.321989 0.767393 0.275652 
0.338005 0.763366 0.259061 
0.341173 0.762345 0.255775 
0.341568 0.762213 0.255365 
0.350405 0.758930 0.246194 
0.369844 0.749462 0.226025 
0.347862 0.759937 0.248833 
0.433506 0.691902 0.161193 
0.520001 0.519419 0.084320 
0.508822 0.548979 0.093011 
0.441983 0.680437 0.152883 
0.320777 0.767623 0.276906 
0.308579 0.769365 0.289504 
0.283231 0.769754 0.315569 
0.157528 0.696338 0.445022 
0.102919 0.591707 0.507050 
0.078515 0.511587 0.538924 
0.098247 0.578511 0.512860 
0.148238 0.683499 0.455040 
0.064737 0.451492 0.559156 
0.065314 0.454271 0.558264 
0.261804 0.766703 0.337485 
0.357784 0.755710 0.238534 
0.272632 0.768636 0.326421 
0.049412 0.367855 0.584824 
0.020722 0.155066 0.653793 
0.032849 0.253678 0.619239 
0.033433 0.258140 0.617840 
0.142839 0.675282 0.460935 
0.238103 0.759552 0.361650 
0.176529 0.718174 0.424929 
0.168215 0.709288 0.433665 
0.071966 0.484605 0.548279 
0.094388 0.566914 0.517751 
0.191066 0.731517 0.409815 
0.083866 0.531725 0.531573 
0.026984 0.207248 0.634431 
0.086405 0.540729 0.528165 
0.255139 0.765106 0.344285 
0.264720 0.767303 0.334508 
0.352354 0.758122 0.244170 
0.499758 0.571377 0.100382 
0.503607 0.562041 0.097218 
0.438678 0.685032 0.156109 
0.413625 0.714927 0.181074 
0.508962 0.548622 0.092900 
0.606517 0.253461 0.034006 
0.544134 0.449205 0.067184 
0.488129 0.597979 0.110233 
0.452396 0.664887 0.142844 
0.466003 0.641972 0.130056 
0.523388 0.510063 0.081777 
0.569605 0.368829 0.051681 
0.562847 0.390480 0.055529 
0.511751 0.541436 0.090690 
0.479783 0.615582 0.117554 
0.427086 0.699910 0.167559 
0.517818 0.525353 0.085981 
0.582312 0.328134 0.044965 
0.479934 0.615275 0.117420 
0.314694 0.768620 0.283192 
0.207198 0.743493 0.393211 
0.113035 0.617429 0.494831 
0.025072 0.191552 0.639925 
0.007818 0.048671 0.720546 
0.031211 0.240994 0.623264 
0.305305 0.769659 0.292880 
0.338401 0.763243 0.258649 
0.407107 0.721388 0.187687 
0.561627 0.394373 0.056244 
0.591797 0.298208 0.040389 
0.549088 0.433922 0.063957 
0.579408 0.337399 0.046441 
0.577538 0.343382 0.047409 
0.554103 0.418230 0.060793 
0.457987 0.655838 0.137541 
0.339590 0.762865 0.257416 
0.346097 0.760606 0.250664 
0.331233 0.765297 0.266081 
0.448845 0.670378 0.146245 
0.546809 0.440981 0.065429 
0.486059 0.602462 0.112030 
0.321383 0.767509 0.276279 
0.419366 0.708806 0.175284 
0.522037 0.513817 0.082786 
0.532717 0.483403 0.075004 
0.530869 0.488782 0.076319 
0.336615 0.763790 0.260502 
0.122226 0.637838 0.484087 
0.184617 0.725921 0.416498 
0.342752 0.761808 0.254136 
0.407284 0.721219 0.187507 
0.351770 0.758367 0.244777 
0.154460 0.692269 0.448315 
0.161543 0.701418 0.440736 
0.277624 0.769257 0.321313 
0.245571 0.762253 0.354040 
0.184423 0.725744 0.416699 
0.130568 0.654255 0.474579 
0.064355 0.449638 0.559749 
0.077389 0.507141 0.540502 
0.122698 0.638817 0.483543 
0.073024 0.489149 0.546738 
0.062941 0.442676 0.561963 
0.036912 0.284079 0.609850 
0.026793 0.205689 0.634966 
0.027884 0.214555 0.631946 
0.069685 0.474553 0.551643 
0.371927 0.748253 0.223868 
0.428615 0.698055 0.166038 
0.260970 0.766520 0.338336 
0.162462 0.702544 0.439759 
0.163015 0.703214 0.439171 
0.205789 0.742554 0.394656 
0.195011 0.734704 0.405740 
0.344131 0.761323 0.252705 
0.518365 0.523874 0.085563 
0.549088 0.433922 0.063957 
0.524600 0.506671 0.080878 
0.430307 0.695963 0.164358 
0.442642 0.679503 0.152243 
0.514244 0.534901 0.088739 
0.538338 0.466762 0.071088 
0.606625 0.253141 0.033962 
0.562116 0.392815 0.055957 
0.500617 0.569317 0.099672 
0.529145 0.493758 0.077557 
0.546174 0.442940 0.065843 
0.598065 0.278845 0.037566 
0.632910 0.181705 0.024612 
0.626487 0.197951 0.026670 
0.592361 0.296450 0.040129 
0.532058 0.485326 0.075471 
0.380186 0.743066 0.215322 
0.348058 0.759861 0.248629 
0.408877 0.719683 0.185887 
0.542083 0.455460 0.068550 
0.561138 0.395933 0.056533 
0.470186 0.634308 0.126210 
0.411169 0.717421 0.183562 
0.190084 0.730697 0.410830 
0.143702 0.676636 0.459989 
0.083270 0.529564 0.532379 
0.031669 0.244567 0.622123 
0.052231 0.384741 0.579770 
0.109638 0.609199 0.498883 
0.121912 0.637182 0.484449 
0.052861 0.388417 0.578665 
0.027371 0.210397 0.633354 
0.058868 0.421755 0.568505 
0.200578 0.738910 0.400008 
0.396355 0.730973 0.198671 
0.449331 0.669638 0.145778 
0.347274 0.760162 0.249443 
0.150888 0.687323 0.452167 
0.061830 0.437100 0.563722 
0.069278 0.472718 0.552251 
0.092438 0.560799 0.520256 
0.134033 0.660546 0.470689 
0.142494 0.674738 0.461314 
0.209417 0.744932 0.390936 
0.293580 0.770116 0.304947 
0.207802 0.743889 0.392591 
0.029750 0.229497 0.626986 
0.017762 0.129896 0.664674 
0.069993 0.475927 0.551186 
0.126034 0.645563 0.479721 
0.200179 0.738620 0.400418 
0.221215 0.751806 0.378873 
0.337211 0.763610 0.259884 
0.418154 0.710133 0.176504 
0.211441 0.746202 0.388865 
0.050764 0.376044 0.582378 
0.037353 0.287288 0.608875 
0.037409 0.287691 0.608753 
0.026154 0.200468 0.636776 
0.029366 0.226440 0.627988 
0.078741 0.512474 0.538608 
0.177676 0.719324 0.423730 
0.209417 0.744932 0.390936 
0.192050 0.732329 0.408797 
0.177102 0.718751 0.424329 
0.129915 0.653034 0.475317 
0.182872 0.724320 0.418311 
0.376446 0.745494 0.219189 
0.486503 0.601506 0.111643 
0.497891 0.575810 0.101934 
0.452397 0.664887 0.142844 
0.463974 0.645582 0.131937 
0.525674 0.503647 0.080086 
0.543750 0.450379 0.067439 
0.525808 0.503268 0.079988 
0.557698 0.406870 0.058590 
0.539245 0.464039 0.070468 
0.369085 0.749893 0.226812 
0.250144 0.763700 0.349379 
0.337806 0.763428 0.259266 
0.466781 0.640569 0.129338 
0.469105 0.636316 0.127200 
0.420403 0.707657 0.174243 
0.369465 0.749678 0.226418 
0.322595 0.767274 0.275025 
0.271175 0.768423 0.327911 
0.174055 0.715631 0.427520 
0.151243 0.687826 0.451783 
0.208408 0.744283 0.391971 
0.275961 0.769069 0.323016 
0.283646 0.769782 0.315144 
0.190869 0.731354 0.410018 
0.066481 0.459822 0.556472 
0.065314 0.454271 0.558264 
0.090772 0.555437 0.522415 
0.071025 0.480501 0.549659 
0.022535 0.170379 0.647751 
0.017449 0.127231 0.665913 
0.097708 0.576929 0.513538 
0.134365 0.661135 0.470317 
0.120662 0.634544 0.485894 
0.422984 0.704734 0.171655 
0.595615 0.286365 0.038651 
0.637430 0.170795 0.023247 
0.720739 0.045870 0.007676 
0.724554 0.042998 0.007285 
0.648825 0.145271 0.020094 
0.544645 0.447640 0.066847 
0.300174 0.769973 0.298165 
0.153742 0.691294 0.449087 
0.180363 0.721951 0.420925 
0.175576 0.717204 0.425926 
0.283438 0.769768 0.315356 
0.258887 0.766043 0.340461 
0.184035 0.725391 0.417103 
0.315711 0.768471 0.282143 
0.389981 0.736060 0.205220 
0.269926 0.768229 0.329188 
0.066481 0.459822 0.556472 
0.050916 0.376957 0.582104 
