0.255348 0.385772 0.441130 
0.337932 0.403280 0.333841 
0.048427 0.318811 0.827334 
0.192142 0.395479 0.492395 
0.603509 0.393376 0.167063 
0.776486 0.352050 0.107373 
0.579636 0.389081 0.186591 
0.067894 0.354442 0.757622 
0.053688 0.325580 0.804866 
0.051486 0.310848 0.815825 
0.058776 0.306409 0.791043 
0.060332 0.292398 0.792931 
0.057200 0.300547 0.811797 
0.075426 0.287974 0.764269 
0.207077 0.295229 0.521859 
0.539652 0.344081 0.186514 
0.714530 0.284555 0.114395 
0.705309 0.294307 0.115052 
0.779511 0.269548 0.102256 
0.718634 0.307736 0.111149 
0.508668 0.406054 0.179409 
0.271395 0.363889 0.374479 
0.134562 0.302877 0.610663 
0.170149 0.302742 0.552061 
0.377001 0.338148 0.295142 
0.612846 0.363589 0.137427 
0.657073 0.347186 0.120319 
0.609015 0.367523 0.137739 
0.580278 0.374712 0.149378 
0.700265 0.313812 0.113836 
0.794284 0.281111 0.097326 
0.835975 0.316598 0.082944 
0.856987 0.354853 0.074874 
0.842601 0.362741 0.082018 
0.627391 0.375514 0.174691 
0.049793 0.328857 0.821416 
0.045846 0.317534 0.840883 
0.047742 0.305977 0.833751 
0.056445 0.297972 0.802507 
0.072295 0.293893 0.756320 
0.068382 0.286577 0.779190 
0.105151 0.286070 0.688701 
0.218316 0.299636 0.493516 
0.153942 0.293540 0.611770 
0.155560 0.302473 0.616261 
0.254636 0.306972 0.480042 
0.232542 0.315114 0.512696 
0.204010 0.320029 0.551869 
0.667904 0.322992 0.161631 
0.623861 0.325537 0.189047 
0.514299 0.324598 0.258735 
0.702402 0.327334 0.146062 
0.577357 0.327545 0.218930 
0.776004 0.325893 0.108328 
0.831967 0.308198 0.082976 
0.828451 0.306497 0.084189 
0.776200 0.323541 0.107221 
0.271385 0.326182 0.471511 
0.138071 0.332174 0.653288 
0.724589 0.329228 0.135496 
0.848418 0.314578 0.077248 
0.847088 0.312256 0.077855 
0.826449 0.306174 0.084847 
0.818966 0.301293 0.087410 
0.817540 0.292036 0.088496 
0.795546 0.300276 0.094502 
0.669301 0.320631 0.158350 
0.478691 0.319689 0.280477 
0.324905 0.322138 0.413513 
0.324500 0.323922 0.414817 
0.809986 0.312724 0.090575 
0.852813 0.311350 0.076121 
0.841547 0.294786 0.081163 
0.804560 0.263236 0.095775 
0.726766 0.274960 0.113126 
0.711314 0.287430 0.114761 
0.817437 0.283556 0.090349 
0.846170 0.319154 0.078913 
0.829426 0.323169 0.085471 
0.854077 0.372037 0.076887 
0.848727 0.392280 0.080161 
0.808441 0.391807 0.100416 
0.662933 0.382820 0.177792 
0.131870 0.356414 0.663024 
0.078373 0.351333 0.765002 
0.099202 0.353626 0.722292 
0.089395 0.352644 0.741927 
0.066431 0.349643 0.791586 
0.058640 0.348350 0.810136 
0.134260 0.356712 0.659303 
0.281738 0.365349 0.465124 
0.278794 0.365468 0.468509 
0.182286 0.360398 0.586514 
0.057944 0.348518 0.812202 
0.047577 0.346237 0.839201 
0.047373 0.346087 0.839781 
0.048403 0.344928 0.836476 
0.194832 0.360243 0.567509 
0.521789 0.375097 0.264413 
0.576692 0.379609 0.229176 
0.519513 0.377119 0.266419 
0.068076 0.350247 0.788410 
0.048110 0.346380 0.837653 
0.058250 0.348625 0.811509 
0.077405 0.351345 0.767381 
0.048744 0.346127 0.835763 
0.047819 0.345665 0.838406 
0.047443 0.345109 0.839464 
0.047228 0.343992 0.839970 
0.046774 0.340943 0.840948 
0.046514 0.336792 0.841076 
0.050931 0.339132 0.821052 
0.047040 0.324494 0.834450 
0.045843 0.318890 0.840816 
0.046781 0.309051 0.838281 
0.049173 0.305288 0.832523 
0.057740 0.300072 0.810382 
0.225241 0.319867 0.458648 
0.489791 0.340709 0.217275 
0.148701 0.291772 0.618532 
0.111718 0.307739 0.695346 
0.075792 0.331520 0.771642 
0.070000 0.337132 0.784885 
0.075427 0.338183 0.772883 
0.096749 0.337216 0.728550 
0.127760 0.336142 0.671302 
0.465384 0.331219 0.298162 
0.826112 0.324133 0.085869 
0.821675 0.325435 0.087959 
0.830352 0.322342 0.083895 
0.845605 0.317229 0.077982 
0.866204 0.332667 0.070099 
0.864932 0.330996 0.070649 
0.850681 0.316753 0.076354 
0.852479 0.316680 0.075792 
0.827518 0.310869 0.084384 
0.815885 0.309339 0.088311 
0.827025 0.299138 0.085096 
0.806637 0.302917 0.091181 
0.665154 0.323368 0.163501 
0.747319 0.319695 0.118064 
0.824084 0.286185 0.087249 
0.818561 0.276441 0.090017 
0.751190 0.298490 0.105879 
0.251758 0.308829 0.485117 
0.199013 0.313309 0.556118 
0.755761 0.312496 0.108953 
0.785264 0.290805 0.097582 
0.754674 0.309937 0.107698 
0.598221 0.317550 0.195509 
0.202732 0.318534 0.553077 
0.120458 0.328973 0.683187 
0.255147 0.324926 0.489534 
0.776005 0.325076 0.107977 
0.819672 0.313502 0.087184 
0.819434 0.310659 0.087144 
0.820121 0.302078 0.087017 
0.831297 0.292403 0.084482 
0.826477 0.282058 0.087069 
0.778064 0.265666 0.102263 
0.708478 0.316493 0.117566 
0.706109 0.302263 0.114251 
0.793482 0.259769 0.099564 
0.790234 0.265852 0.099839 
0.684147 0.339421 0.114645 
0.620490 0.393731 0.129610 
0.605749 0.399386 0.135090 
0.362239 0.388712 0.279744 
0.234268 0.356344 0.421509 
0.222943 0.333212 0.450295 
0.127224 0.289166 0.641707 
0.309954 0.325805 0.362558 
0.638674 0.355417 0.127415 
0.652613 0.349481 0.121961 
0.216686 0.296601 0.504269 
0.177988 0.292581 0.563391 
0.216931 0.302993 0.524985 
0.164131 0.305732 0.604171 
0.756602 0.270010 0.106915 
0.786430 0.258008 0.101382 
0.709141 0.290463 0.114728 
0.710405 0.287291 0.114938 
0.740237 0.275962 0.110476 
0.761945 0.280303 0.105271 
0.391657 0.375080 0.261750 
0.397804 0.399113 0.250228 
0.737789 0.302132 0.108128 
0.238865 0.349307 0.419720 
0.058735 0.311359 0.809432 
0.061129 0.332110 0.805157 
0.063392 0.338159 0.800134 
0.066472 0.339539 0.793055 
0.068638 0.340172 0.788140 
0.070264 0.340449 0.784478 
0.159543 0.336386 0.619672 
0.864054 0.329613 0.070970 
0.850262 0.318422 0.076297 
0.680092 0.332483 0.161723 
0.574071 0.332438 0.224431 
0.837392 0.320151 0.081008 
0.864115 0.329759 0.070946 
0.782755 0.330708 0.107501 
0.124697 0.337895 0.676825 
0.130044 0.337915 0.667592 
0.121260 0.338536 0.682934 
0.504689 0.332740 0.270814 
0.853397 0.319613 0.075156 
0.875909 0.346249 0.065855 
0.879749 0.352770 0.064123 
0.874669 0.344462 0.066408 
0.882507 0.357774 0.062863 
0.884086 0.360513 0.062134 
0.872708 0.341671 0.067303 
0.851815 0.316347 0.076029 
0.833643 0.309057 0.082390 
0.801950 0.319858 0.094869 
0.667768 0.327607 0.165171 
0.728042 0.326740 0.132290 
0.820120 0.313742 0.087038 
0.820825 0.308910 0.086644 
0.807244 0.316079 0.092022 
0.763232 0.323409 0.113124 
0.257991 0.326594 0.486854 
0.220848 0.327585 0.532187 
0.804484 0.323840 0.094827 
0.845502 0.310799 0.078471 
0.858497 0.320016 0.073593 
0.840339 0.297200 0.081308 
0.813667 0.273098 0.091820 
0.775038 0.258622 0.104181 
0.740046 0.264381 0.111813 
0.734559 0.268293 0.112648 
0.807473 0.277989 0.093829 
0.860779 0.340066 0.072755 
0.865458 0.364410 0.071111 
0.830728 0.361926 0.087582 
0.594235 0.374994 0.195764 
0.217577 0.376120 0.500246 
0.083211 0.363790 0.724886 
0.089821 0.365823 0.709630 
0.170521 0.382101 0.550967 
0.111942 0.374613 0.654071 
0.120332 0.378260 0.632432 
0.095264 0.371518 0.683426 
0.053978 0.324713 0.803812 
0.049682 0.306850 0.824266 
0.062609 0.311087 0.776861 
0.207202 0.388907 0.450262 
0.592742 0.409000 0.147728 
0.679662 0.380610 0.120896 
0.779265 0.333013 0.100491 
0.785400 0.338381 0.100228 
0.612895 0.391118 0.164009 
0.565547 0.390690 0.193215 
0.602644 0.384944 0.177607 
0.231306 0.392954 0.454973 
0.051455 0.322435 0.813997 
0.056967 0.330057 0.792155 
0.111460 0.368953 0.631524 
0.082228 0.340789 0.709876 
0.064153 0.296999 0.778101 
0.064544 0.288761 0.782863 
0.120334 0.302075 0.638405 
0.139907 0.295292 0.609799 
0.418115 0.355786 0.252893 
0.649216 0.355277 0.121715 
0.685150 0.326276 0.115381 
0.654960 0.360079 0.119296 
0.578540 0.394990 0.145310 
0.506652 0.391331 0.182519 
0.520565 0.395910 0.173931 
0.581628 0.392761 0.144138 
0.611656 0.391903 0.131941 
0.674968 0.358734 0.115731 
0.647702 0.383205 0.122025 
0.554354 0.409879 0.157560 
0.555966 0.411175 0.157648 
0.508990 0.411762 0.180244 
0.483564 0.412730 0.194805 
0.548735 0.411613 0.160918 
0.379419 0.400909 0.264119 
0.225128 0.364939 0.429289 
0.366729 0.390269 0.275725 
0.548004 0.403707 0.159217 
0.621461 0.393770 0.129384 
0.659347 0.377980 0.119534 
0.635032 0.393881 0.127155 
0.382091 0.402151 0.262014 
0.229268 0.372077 0.421306 
0.545632 0.410038 0.161469 
0.560491 0.406905 0.153888 
0.481559 0.409685 0.195049 
0.539626 0.409334 0.164024 
0.626699 0.397520 0.130044 
0.701683 0.356737 0.112519 
0.710962 0.359148 0.112298 
0.738096 0.349666 0.108799 
0.733124 0.357872 0.112417 
0.740467 0.358341 0.114706 
0.792011 0.349993 0.101875 
0.800092 0.360558 0.101540 
0.733179 0.365112 0.133158 
0.722327 0.371686 0.142705 
0.705813 0.373925 0.152265 
0.427763 0.367533 0.326667 
0.433196 0.368203 0.324744 
0.538548 0.372999 0.252172 
0.404675 0.368587 0.349434 
0.198157 0.360287 0.562582 
0.354895 0.367798 0.393107 
0.504461 0.375083 0.276432 
0.541553 0.378098 0.251718 
0.495578 0.376389 0.282983 
0.277157 0.366171 0.470870 
0.052458 0.347734 0.826136 
0.047363 0.347084 0.839890 
0.047335 0.346808 0.839948 
0.047418 0.345965 0.839638 
0.047827 0.344701 0.838214 
0.051185 0.345359 0.828135 
0.102467 0.353648 0.713620 
0.233068 0.361748 0.517162 
0.099387 0.353351 0.719651 
0.057509 0.347378 0.811358 
0.080943 0.351352 0.757218 
0.164991 0.358228 0.607659 
0.073520 0.350392 0.773063 
0.059992 0.347927 0.804782 
0.130032 0.355967 0.662995 
0.115031 0.354908 0.688667 
0.111432 0.354476 0.696321 
0.304362 0.364650 0.438963 
0.561716 0.376598 0.238242 
0.502547 0.374065 0.277463 
0.142296 0.357287 0.646025 
0.136601 0.356912 0.655461 
0.067173 0.349788 0.789940 
0.049066 0.345766 0.834719 
0.051220 0.346386 0.828758 
0.058890 0.348035 0.808865 
0.081111 0.351444 0.758330 
0.262618 0.363692 0.484820 
0.135358 0.356538 0.656721 
0.059291 0.348226 0.808120 
0.051329 0.346031 0.828206 
0.050638 0.345382 0.829843 
0.069792 0.349821 0.782430 
0.134440 0.356250 0.656475 
0.169545 0.358583 0.602158 
0.138956 0.356596 0.649545 
0.098532 0.353283 0.722288 
0.211484 0.361078 0.545452 
0.108434 0.354232 0.703550 
0.100349 0.353562 0.719444 
0.120748 0.355331 0.681475 
0.076116 0.350846 0.769284 
0.069701 0.349909 0.783390 
0.059583 0.348184 0.807187 
0.065002 0.349108 0.793971 
0.051239 0.345377 0.827983 
0.047534 0.342721 0.838756 
0.047223 0.340505 0.839317 
0.046721 0.336298 0.840111 
0.047189 0.332947 0.836463 
0.048614 0.330486 0.827637 
0.047516 0.322529 0.831721 
0.050592 0.319919 0.817782 
0.184493 0.394070 0.505303 
0.636481 0.389911 0.150521 
0.572282 0.395433 0.183551 
0.495510 0.399209 0.226254 
0.437716 0.398240 0.265930 
0.604523 0.383612 0.178078 
0.650353 0.375336 0.160675 
0.575713 0.378517 0.202083 
0.416165 0.382428 0.303269 
0.097354 0.369539 0.688916 
0.058420 0.345969 0.790095 
0.055947 0.336807 0.796386 
0.055277 0.328281 0.798591 
0.072760 0.344743 0.737865 
0.357411 0.410981 0.302976 
0.663963 0.386728 0.134618 
0.622860 0.393848 0.154323 
0.664058 0.381466 0.143135 
0.722334 0.364752 0.126052 
0.685628 0.370828 0.144406 
0.692272 0.367325 0.147953 
0.758370 0.366639 0.122609 
0.734855 0.371394 0.136105 
0.663632 0.372629 0.174954 
0.462472 0.368273 0.300580 
0.346535 0.365587 0.396429 
0.366899 0.366379 0.379212 
0.302135 0.364517 0.441030 
0.429946 0.369831 0.329754 
0.544302 0.376192 0.249541 
0.334491 0.367148 0.412013 
0.074596 0.350812 0.773160 
0.073074 0.350597 0.776505 
0.071953 0.350430 0.778972 
0.073216 0.350591 0.776123 
0.113432 0.354966 0.695538 
0.129313 0.356300 0.667586 
0.055138 0.347563 0.818735 
0.052001 0.346747 0.826773 
0.077384 0.351062 0.766716 
0.120430 0.355446 0.682622 
0.121197 0.355531 0.681338 
0.086906 0.352254 0.746716 
0.087536 0.352345 0.745480 
0.126977 0.356096 0.671541 
0.160045 0.358580 0.618340 
0.140241 0.357257 0.649630 
0.071095 0.350412 0.781129 
0.049925 0.346261 0.832404 
0.048022 0.345316 0.837730 
0.048517 0.344845 0.836101 
0.063964 0.348898 0.796270 
0.186815 0.359599 0.577690 
0.317259 0.365895 0.427808 
0.359834 0.368076 0.388771 
0.232905 0.362615 0.519798 
0.223468 0.362406 0.531748 
0.392885 0.370763 0.361168 
0.437515 0.373384 0.325606 
0.405856 0.372377 0.350842 
0.340052 0.369551 0.408222 
0.164486 0.359886 0.613027 
0.115103 0.356041 0.693968 
0.071830 0.351189 0.780416 
0.049662 0.347392 0.833525 
0.050440 0.347533 0.831462 
0.061539 0.349579 0.803986 
0.102572 0.354734 0.717095 
0.206868 0.362719 0.554112 
0.117758 0.356274 0.689197 
0.051994 0.347951 0.827481 
0.051882 0.347912 0.827761 
0.051443 0.347733 0.828849 
0.047598 0.346932 0.839203 
0.047576 0.346829 0.839261 
0.051954 0.347457 0.827340 
0.061183 0.349139 0.804446 
0.072097 0.350784 0.779290 
0.230520 0.363397 0.523814 
0.244602 0.364228 0.507117 
0.057026 0.348549 0.814641 
0.048976 0.346716 0.835241 
0.047642 0.346318 0.839016 
0.047349 0.346396 0.839877 
0.047986 0.345140 0.837806 
0.048339 0.343998 0.836418 
0.047248 0.342758 0.839717 
0.046512 0.339426 0.841554 
0.045082 0.328346 0.844762 
0.045142 0.321746 0.844120 
0.051813 0.296469 0.821139 
0.062599 0.293519 0.784962 
0.559636 0.410861 0.155989 
0.693453 0.358704 0.113498 
0.625508 0.400056 0.132407 
0.741618 0.343986 0.107322 
0.830846 0.332489 0.085287 
0.815152 0.343564 0.092233 
0.753821 0.358262 0.117452 
0.782876 0.365360 0.110585 
0.783980 0.374144 0.111698 
0.674341 0.371887 0.168554 
0.196610 0.362328 0.552455 
0.053169 0.344183 0.818483 
0.051877 0.342316 0.820861 
0.062336 0.350702 0.788519 
0.078461 0.358748 0.744129 
0.081118 0.360873 0.735048 
0.056818 0.345360 0.797286 
0.062648 0.351530 0.777672 
0.196829 0.387211 0.506708 
0.185727 0.388209 0.518871 
0.095989 0.371832 0.680685 
0.088503 0.367552 0.696751 
0.105229 0.373974 0.651536 
0.315382 0.404997 0.349457 
0.558601 0.401449 0.184532 
0.322239 0.405940 0.341758 
0.233603 0.400708 0.434470 
0.295219 0.405683 0.365061 
0.428654 0.408039 0.258037 
0.489381 0.405788 0.221521 
0.302373 0.405892 0.358488 
0.057405 0.316136 0.792773 
0.050732 0.299221 0.823466 
0.061829 0.290345 0.789799 
0.072712 0.285740 0.763272 
0.127333 0.294944 0.632353 
0.260393 0.319076 0.418863 
0.381811 0.329472 0.299028 
0.618768 0.358765 0.136586 
0.691864 0.308886 0.115898 
0.669986 0.337189 0.117491 
0.633956 0.371835 0.124831 
0.631644 0.376803 0.125219 
0.643359 0.375308 0.121921 
0.676791 0.356814 0.115430 
0.658487 0.376457 0.119375 
0.659840 0.383045 0.120849 
0.631385 0.397245 0.129626 
0.328479 0.400840 0.307826 
0.210695 0.372615 0.446407 
0.469905 0.411456 0.202452 
0.375836 0.393243 0.267845 
0.098662 0.293974 0.691067 
0.125642 0.294960 0.635441 
0.130653 0.287924 0.643872 
0.100999 0.299086 0.713812 
0.164195 0.301286 0.601582 
0.540146 0.314605 0.221274 
0.768732 0.256697 0.106122 
0.833119 0.287125 0.084735 
0.821191 0.284142 0.089082 
0.707397 0.334023 0.111264 
0.215836 0.354543 0.446366 
0.090964 0.291952 0.710469 
0.618591 0.391495 0.129712 
0.809565 0.292426 0.092293 
0.847212 0.332139 0.078614 
0.834376 0.338664 0.084212 
0.751070 0.356914 0.115119 
0.704946 0.367040 0.137794 
0.685996 0.368107 0.150281 
0.554884 0.374859 0.220342 
0.221804 0.376182 0.495066 
0.146647 0.371162 0.605166 
0.220271 0.375920 0.497344 
0.276064 0.376028 0.435428 
0.408626 0.374763 0.320858 
0.258026 0.374091 0.457649 
0.091234 0.363063 0.712780 
0.075686 0.359490 0.746952 
0.138278 0.372951 0.615049 
0.141134 0.376551 0.604138 
0.159566 0.377250 0.575274 
0.473989 0.380381 0.264916 
0.485384 0.378132 0.260437 
0.251328 0.378055 0.458205 
0.163917 0.373843 0.574893 
0.260187 0.377118 0.450194 
0.249172 0.377508 0.461483 
0.114251 0.370057 0.659511 
0.064148 0.353179 0.774227 
0.063263 0.351640 0.774571 
0.078564 0.362774 0.726656 
0.084399 0.365237 0.707834 
0.127292 0.382584 0.605207 
0.240238 0.401133 0.426954 
0.406209 0.407502 0.274510 
0.452595 0.406757 0.243915 
0.452686 0.404948 0.246469 
0.450317 0.404298 0.248971 
0.464676 0.401416 0.243377 
0.513264 0.397447 0.217244 
0.440298 0.398589 0.263663 
0.641444 0.377583 0.163136 
0.761476 0.359564 0.117064 
0.728897 0.364944 0.134695 
0.573879 0.370870 0.215930 
0.210499 0.369389 0.520637 
0.177786 0.366682 0.567993 
0.146059 0.366714 0.613787 
0.061110 0.350494 0.789131 
0.051221 0.337718 0.818080 
0.049015 0.328247 0.825017 
0.053356 0.332648 0.806335 
0.075978 0.356672 0.729460 
0.052814 0.308309 0.811438 
0.055419 0.304496 0.803252 
0.342692 0.410787 0.299518 
0.575540 0.411667 0.155500 
0.386041 0.412964 0.262784 
0.062687 0.288481 0.789095 
0.057678 0.296313 0.809692 
0.077212 0.295067 0.763339 
0.089379 0.305000 0.739311 
0.354361 0.305857 0.358043 
0.629385 0.317967 0.166707 
0.502187 0.312961 0.250292 
0.500075 0.314294 0.257345 
0.201470 0.317905 0.554569 
0.281187 0.318756 0.457357 
0.621775 0.324326 0.189365 
0.270784 0.325226 0.471808 
0.112098 0.333953 0.698981 
0.303967 0.328363 0.437501 
0.764979 0.329500 0.115247 
0.774291 0.329180 0.110579 
0.818869 0.323138 0.088622 
0.844865 0.314113 0.078426 
0.844206 0.313054 0.078713 
0.828322 0.311644 0.084106 
0.821894 0.313040 0.086371 
0.830693 0.300215 0.083902 
0.845757 0.303432 0.079048 
0.811577 0.278130 0.091715 
0.766768 0.274244 0.103859 
0.740584 0.286288 0.108625 
0.720100 0.285950 0.113032 
0.739683 0.263367 0.112156 
0.772135 0.262813 0.104873 
0.774028 0.274044 0.103127 
0.745154 0.308884 0.106241 
0.725306 0.339304 0.108732 
0.676151 0.381450 0.120836 
0.774127 0.334579 0.101653 
0.821072 0.337726 0.089357 
0.733782 0.361645 0.120130 
0.327476 0.396870 0.353420 
0.114884 0.378599 0.637363 
0.060607 0.337749 0.778780 
0.047760 0.305195 0.834475 
0.049468 0.307117 0.832106 
0.061307 0.290142 0.798514 
0.562256 0.383226 0.155571 
0.602348 0.378929 0.137251 
0.651010 0.365935 0.120053 
0.781010 0.284452 0.100442 
0.812106 0.300582 0.091210 
0.795128 0.319460 0.095863 
0.819537 0.337648 0.089917 
0.816220 0.349668 0.092674 
0.787383 0.360996 0.107314 
0.647691 0.370094 0.171460 
0.269080 0.372819 0.448178 
0.286067 0.372989 0.430563 
0.237558 0.370664 0.486335 
0.548791 0.369530 0.235908 
0.705472 0.373552 0.152326 
0.564613 0.370315 0.232372 
0.140291 0.357754 0.640938 
0.309347 0.364415 0.431651 
0.565049 0.373369 0.234908 
0.531952 0.373974 0.257093 
0.495848 0.373328 0.281934 
0.105876 0.354060 0.708743 
0.049943 0.345566 0.832045 
0.055071 0.347121 0.818363 
0.117962 0.355028 0.685906 
0.202073 0.360563 0.557621 
0.122846 0.355470 0.677600 
0.052299 0.346184 0.825452 
0.053030 0.346359 0.823442 
0.080225 0.351252 0.759024 
0.069517 0.349765 0.782524 
0.057052 0.347150 0.812153 
0.051506 0.344539 0.826288 
0.047807 0.340112 0.836951 
0.048281 0.339007 0.834422 
0.052605 0.342822 0.817715 
0.047908 0.332658 0.832392 
0.047342 0.327276 0.833396 
0.046376 0.316783 0.837817 
0.046702 0.310406 0.837518 
0.050090 0.299069 0.827458 
0.066836 0.296394 0.770378 
0.609682 0.403224 0.136273 
0.673241 0.372831 0.117248 
0.392210 0.407359 0.254714 
0.177553 0.356638 0.502007 
0.197311 0.352849 0.473249 
0.317794 0.373425 0.323585 
0.318189 0.360662 0.329366 
0.590788 0.395150 0.139978 
0.743444 0.296849 0.107508 
0.780927 0.298680 0.099479 
0.771338 0.319200 0.101044 
0.680233 0.381733 0.123189 
0.693731 0.376412 0.124817 
0.773293 0.345514 0.104658 
0.789489 0.350475 0.102869 
0.815265 0.368169 0.095539 
0.773244 0.368411 0.115985 
0.643982 0.370231 0.184093 
0.658312 0.373090 0.178207 
0.630112 0.375534 0.195601 
0.650602 0.380055 0.184586 
0.640621 0.381773 0.190584 
0.591282 0.380200 0.220112 
0.500960 0.376405 0.279182 
0.361269 0.370118 0.388750 
0.106762 0.354967 0.708960 
0.084622 0.352671 0.752711 
0.128014 0.356983 0.671089 
0.332496 0.369479 0.415420 
0.359266 0.370947 0.390855 
0.181269 0.361352 0.588967 
0.112497 0.355978 0.698874 
0.051035 0.347905 0.830012 
0.049171 0.347461 0.834880 
0.047931 0.347085 0.838258 
0.047410 0.347303 0.839770 
0.047602 0.346908 0.839190 
0.048675 0.346725 0.836094 
0.049177 0.346638 0.834656 
0.047673 0.346205 0.838913 
0.047380 0.346098 0.839759 
0.047816 0.344925 0.838291 
0.057971 0.347658 0.810700 
0.192208 0.359903 0.570330 
0.305187 0.365196 0.439369 
0.117975 0.355078 0.686263 
0.052090 0.346041 0.825947 
0.047881 0.343745 0.837838 
0.048063 0.342246 0.836792 
0.049091 0.341603 0.832675 
0.053076 0.344242 0.819192 
0.055112 0.345532 0.811398 
0.075150 0.354855 0.758077 
0.153263 0.365427 0.605215 
0.079633 0.358434 0.742688 
0.045926 0.326188 0.841095 
0.045558 0.322539 0.842483 
0.051251 0.315365 0.815760 
0.077303 0.342493 0.724021 
0.172447 0.387055 0.507523 
0.238758 0.396967 0.407769 
0.521027 0.415572 0.185051 
0.664950 0.387862 0.125806 
0.215887 0.392563 0.438309 
0.058571 0.292107 0.798997 
0.061207 0.288380 0.796889 
0.073897 0.289114 0.768507 
0.077032 0.304414 0.765908 
0.090020 0.313573 0.739491 
0.198820 0.307765 0.553611 
0.537554 0.316199 0.233778 
0.628192 0.319159 0.179938 
0.600358 0.320426 0.198655 
0.570383 0.321508 0.218727 
0.430434 0.322630 0.319977 
0.605127 0.324800 0.199765 
0.806627 0.314396 0.091992 
0.821726 0.297865 0.086784 
0.816018 0.291541 0.088979 
0.792473 0.291773 0.095587 
0.777961 0.284436 0.099940 
0.775801 0.264089 0.103081 
0.766898 0.256607 0.106602 
0.740877 0.262743 0.111997 
0.762840 0.263546 0.107028 
0.753961 0.278155 0.107273 
0.615875 0.390856 0.130471 
0.413202 0.394830 0.239799 
0.574435 0.403296 0.147252 
0.705857 0.341570 0.111341 
0.712016 0.343974 0.110559 
0.667884 0.384314 0.121810 
0.595878 0.408400 0.147131 
0.492665 0.416956 0.198401 
0.371845 0.412890 0.275094 
0.159835 0.370747 0.528622 
0.141992 0.352159 0.566796 
0.268517 0.385965 0.370215 
0.450380 0.406701 0.213813 
0.470750 0.407067 0.201162 
0.274022 0.367102 0.370149 
0.091776 0.285506 0.717113 
0.104797 0.285508 0.694018 
0.171934 0.292004 0.573896 
0.154799 0.297153 0.613997 
0.087009 0.324630 0.747104 
0.083758 0.331009 0.754489 
0.304804 0.321506 0.433539 
0.464572 0.325418 0.295258 
0.419616 0.326006 0.330793 
0.821965 0.311219 0.086289 
0.854262 0.315415 0.075331 
0.846289 0.302091 0.078998 
0.836659 0.287615 0.083398 
0.837686 0.292623 0.082782 
0.828458 0.294994 0.086073 
0.778548 0.301130 0.099899 
0.469498 0.415668 0.205431 
0.137196 0.355640 0.575210 
0.205092 0.369980 0.455174 
0.217662 0.362526 0.440229 
0.473463 0.406169 0.199488 
0.446827 0.393176 0.217631 
0.266898 0.360874 0.380886 
0.553992 0.398090 0.156535 
0.635733 0.381865 0.124112 
0.480013 0.391983 0.197562 
0.097571 0.285197 0.706152 
0.093950 0.287842 0.722679 
