0.515475 0.445876 0.087198 
0.495838 0.513677 0.104364 
0.475631 0.574249 0.123413 
0.459113 0.615950 0.139748 
0.449154 0.637747 0.149835 
0.449680 0.636656 0.149298 
0.446227 0.643695 0.152826 
0.439316 0.656945 0.159925 
0.425421 0.680403 0.174321 
0.406804 0.705857 0.193747 
0.382815 0.730150 0.218780 
0.351942 0.750162 0.250678 
0.304024 0.762047 0.299046 
0.261452 0.756456 0.340916 
0.213913 0.731940 0.387127 
0.186069 0.706477 0.414443 
0.168926 0.685454 0.431574 
0.164272 0.678907 0.436286 
0.173618 0.691674 0.426852 
0.182078 0.701988 0.418404 
0.187608 0.708147 0.412920 
0.185520 0.705873 0.414988 
0.176076 0.694786 0.424390 
0.163154 0.677276 0.437423 
0.151431 0.658713 0.449466 
0.145368 0.647978 0.455796 
0.143398 0.644308 0.457870 
0.140454 0.638650 0.460986 
0.139691 0.637149 0.461797 
0.148807 0.654167 0.452196 
0.168423 0.684765 0.432082 
0.202694 0.722830 0.398081 
0.253491 0.753774 0.348668 
0.305893 0.761958 0.297187 
0.344112 0.753558 0.258682 
0.358991 0.746559 0.243440 
0.357755 0.747230 0.244711 
0.345092 0.753167 0.257682 
0.326794 0.758969 0.276246 
0.301212 0.762127 0.301840 
0.266424 0.757864 0.336065 
0.232924 0.744290 0.368647 
0.198025 0.718599 0.402657 
0.162370 0.676119 0.438221 
0.128408 0.613160 0.473971 
0.100699 0.537060 0.505787 
0.075836 0.440894 0.538055 
0.056877 0.344153 0.566898 
0.045640 0.276173 0.586983 
0.035916 0.211676 0.607334 
0.029578 0.167757 0.622908 
0.024781 0.134281 0.636533 
0.020963 0.108015 0.649019 
0.018883 0.094036 0.656660 
0.018302 0.090186 0.658928 
0.018209 0.089572 0.659297 
0.017705 0.086267 0.661323 
0.016153 0.076241 0.667914 
0.014208 0.064088 0.677056 
0.013299 0.058598 0.681746 
0.013341 0.058845 0.681526 
0.013841 0.061856 0.678913 
0.014594 0.066461 0.675149 
0.015835 0.074220 0.669335 
0.017723 0.086383 0.661251 
0.019540 0.098414 0.654172 
0.020463 0.104627 0.650794 
0.020612 0.105637 0.650260 
0.019549 0.098479 0.654136 
0.018196 0.089489 0.659347 
0.018329 0.090366 0.658820 
0.020583 0.105440 0.650364 
0.025098 0.136486 0.635569 
0.031894 0.183903 0.616946 
0.040082 0.239852 0.598185 
0.052151 0.316511 0.574994 
0.074477 0.434689 0.539970 
0.110310 0.566615 0.494376 
0.155951 0.666198 0.444794 
0.229753 0.742481 0.371726 
0.329478 0.758312 0.273537 
0.420109 0.688324 0.179854 
0.483510 0.551863 0.115845 
0.523868 0.414940 0.080354 
0.554243 0.300739 0.058483 
0.576551 0.223846 0.045539 
0.594660 0.171091 0.036954 
0.606519 0.142078 0.032196 
0.615675 0.122671 0.028949 
0.625439 0.104689 0.025861 
0.636132 0.087932 0.022879 
0.647267 0.073366 0.020169 
0.657327 0.062390 0.018027 
0.661988 0.057918 0.017123 
0.659365 0.060390 0.017625 
0.651802 0.068182 0.019170 
0.643851 0.077547 0.020961 
0.642428 0.079361 0.021300 
0.645311 0.075731 0.020618 
0.656129 0.063598 0.018268 
0.667291 0.053253 0.016156 
0.673045 0.048659 0.015177 
0.673502 0.048314 0.015103 
0.676080 0.046417 0.014689 
0.675987 0.046484 0.014703 
0.671835 0.049588 0.015378 
0.664162 0.055953 0.016719 
0.651708 0.068285 0.019190 
0.635830 0.088366 0.022958 
0.614627 0.124763 0.029303 
0.592736 0.176218 0.037789 
0.572240 0.237807 0.047832 
0.547220 0.326778 0.063113 
0.518952 0.433166 0.084324 
0.481910 0.556539 0.117368 
0.434453 0.665624 0.164948 
0.378257 0.733834 0.223518 
0.329029 0.758426 0.273990 
0.278612 0.760462 0.324137 
0.226477 0.740511 0.374907 
0.173616 0.691671 0.426854 
0.117298 0.585890 0.486348 
0.070031 0.413626 0.546380 
0.039455 0.235658 0.599517 
0.023617 0.126214 0.640158 
0.015278 0.070714 0.671889 
0.011544 0.048397 0.691787 
0.009667 0.038196 0.704488 
0.008561 0.032613 0.713356 
0.007971 0.029791 0.718681 
0.007724 0.028645 0.721066 
0.007878 0.029359 0.719563 
0.008185 0.030800 0.716695 
0.008731 0.033448 0.711906 
0.009562 0.037651 0.705277 
0.010351 0.041815 0.699571 
0.011470 0.047976 0.692248 
0.012944 0.056485 0.683668 
0.014526 0.066039 0.675484 
0.015358 0.071217 0.671515 
0.016675 0.079582 0.665636 
0.019376 0.097322 0.654784 
0.023479 0.125259 0.640598 
0.027119 0.150570 0.629653 
0.028064 0.157175 0.627006 
0.027856 0.155721 0.627582 
0.029059 0.164125 0.624295 
0.030755 0.175965 0.619837 
0.032157 0.185726 0.616292 
0.031798 0.183232 0.617187 
0.029161 0.164841 0.624020 
0.024967 0.135569 0.635968 
0.021641 0.112629 0.646671 
0.019704 0.099515 0.653561 
0.018809 0.093545 0.656945 
0.018520 0.091630 0.658068 
0.019165 0.095914 0.655581 
0.021336 0.110553 0.647718 
0.025368 0.138358 0.634759 
0.030211 0.172176 0.621243 
0.034636 0.202884 0.610302 
0.041780 0.251120 0.594652 
0.054737 0.331808 0.570509 
0.072707 0.426444 0.542495 
0.091776 0.506084 0.516844 
0.112294 0.572265 0.492076 
0.131477 0.620031 0.470624 
0.143228 0.643987 0.458049 
0.150093 0.656414 0.450857 
0.149147 0.654764 0.451842 
0.140064 0.637884 0.461401 
0.132922 0.623174 0.469058 
0.130366 0.617573 0.471833 
0.129942 0.616627 0.472295 
0.116794 0.584555 0.486922 
0.107267 0.557656 0.497939 
0.089200 0.496445 0.520133 
0.075398 0.438908 0.538669 
0.074375 0.434220 0.540114 
0.076297 0.442977 0.537408 
0.081953 0.467521 0.529658 
0.090939 0.502988 0.517907 
0.106500 0.555343 0.498844 
0.127159 0.610283 0.475343 
0.133461 0.624331 0.468475 
0.147603 0.652030 0.453454 
0.165064 0.680049 0.435482 
0.165047 0.680025 0.435499 
0.143637 0.644757 0.457618 
0.104564 0.549396 0.501141 
0.062974 0.377714 0.557063 
0.033533 0.195272 0.612925 
0.017407 0.084322 0.662547 
0.010231 0.041172 0.700407 
0.007761 0.028813 0.720707 
0.006845 0.024773 0.730484 
0.006283 0.022497 0.737523 
0.005874 0.020974 0.743347 
0.005576 0.019955 0.748107 
0.005453 0.019563 0.750232 
0.005420 0.019462 0.750809 
0.005319 0.019159 0.752666 
0.005168 0.018739 0.755578 
0.005012 0.018349 0.758843 
0.004851 0.018009 0.762522 
0.004754 0.017844 0.764907 
0.004717 0.017790 0.765879 
0.004733 0.017812 0.765460 
0.004794 0.017908 0.763913 
0.004885 0.018074 0.761716 
0.005094 0.018547 0.757100 
0.005436 0.019512 0.750520 
0.005894 0.021043 0.743056 
0.006538 0.023506 0.734212 
0.007294 0.026710 0.725466 
0.008135 0.030562 0.717154 
0.008780 0.033692 0.711492 
0.009502 0.037345 0.705727 
0.010322 0.041662 0.699768 
0.011343 0.047264 0.693038 
0.012245 0.052401 0.687603 
0.013033 0.057017 0.683178 
0.012672 0.054889 0.685170 
0.012289 0.052655 0.687349 
0.012175 0.051996 0.688010 
0.012942 0.056479 0.683674 
0.014557 0.066231 0.675331 
0.017274 0.083458 0.663099 
0.021403 0.111007 0.647487 
0.027287 0.151745 0.629176 
0.035455 0.208516 0.608393 
0.047225 0.286225 0.583963 
0.068173 0.404472 0.549128 
0.109900 0.565428 0.494853 
0.173270 0.691225 0.427201 
0.242686 0.749265 0.359168 
0.299813 0.762143 0.303228 
0.343508 0.753795 0.259298 
0.369469 0.740188 0.232629 
0.389860 0.723902 0.211441 
0.402514 0.710855 0.198230 
0.410555 0.701233 0.189828 
0.414091 0.696649 0.186134 
0.413376 0.697594 0.186881 
0.402936 0.710376 0.197789 
0.386126 0.727300 0.215333 
0.365330 0.742855 0.236906 
0.348559 0.751706 0.254141 
0.338209 0.755719 0.264691 
0.335143 0.756709 0.267803 
0.344451 0.753424 0.258336 
0.357401 0.747419 0.245076 
0.368496 0.740833 0.233635 
0.381708 0.731070 0.219931 
0.394088 0.719813 0.207031 
0.400179 0.713448 0.200669 
0.393916 0.719985 0.207210 
0.387027 0.726499 0.214395 
0.374869 0.736397 0.227034 
0.359876 0.746069 0.242529 
0.334493 0.756908 0.268462 
0.305703 0.761968 0.297376 
0.274128 0.759646 0.328532 
0.240251 0.748106 0.361533 
0.215313 0.732977 0.385764 
0.199980 0.720404 0.400740 
0.194959 0.715671 0.405671 
0.191520 0.712242 0.409057 
0.189974 0.710649 0.410582 
0.185880 0.706270 0.414631 
0.184576 0.704824 0.415924 
0.183332 0.703423 0.417158 
0.186524 0.706974 0.413993 
0.194351 0.715077 0.406268 
0.202406 0.722577 0.398363 
0.208918 0.728062 0.391998 
0.216166 0.733599 0.384933 
0.220062 0.736340 0.381142 
0.224548 0.739300 0.376782 
0.228491 0.741735 0.372951 
0.227304 0.741018 0.374104 
0.221792 0.737506 0.379460 
0.216917 0.734140 0.384202 
0.214336 0.732256 0.386715 
0.216104 0.733554 0.384993 
0.221839 0.737537 0.379414 
0.228411 0.741687 0.373029 
0.227870 0.741361 0.373554 
0.224888 0.739516 0.376451 
0.226398 0.740462 0.374984 
0.225473 0.739885 0.375883 
0.225850 0.740121 0.375517 
0.226022 0.740228 0.375349 
0.232059 0.743806 0.369486 
0.242675 0.749260 0.359179 
0.257497 0.755190 0.344769 
0.277163 0.760216 0.325559 
0.298288 0.762143 0.304741 
0.323085 0.759773 0.279983 
0.353039 0.749636 0.249553 
0.385724 0.727654 0.215751 
0.414425 0.696204 0.185785 
0.446244 0.643660 0.152808 
0.473486 0.580065 0.125501 
0.496069 0.512928 0.104154 
0.517223 0.439506 0.085746 
0.538218 0.360754 0.069431 
0.555896 0.294701 0.057431 
0.571093 0.241605 0.048459 
0.587667 0.190279 0.040073 
0.605728 0.143875 0.032494 
0.626919 0.102194 0.025424 
0.647794 0.072743 0.020050 
0.666282 0.054108 0.016335 
0.675484 0.046848 0.014783 
0.676000 0.046474 0.014701 
0.670493 0.050640 0.015603 
0.660964 0.058869 0.017317 
0.649744 0.070484 0.019616 
0.639004 0.083910 0.022143 
0.632220 0.093727 0.023924 
0.628069 0.100294 0.025090 
0.623536 0.107984 0.026434 
0.617634 0.118844 0.028300 
0.614257 0.125512 0.029430 
0.612092 0.129963 0.030178 
0.608228 0.138263 0.031563 
0.604074 0.147697 0.033125 
0.602784 0.150737 0.033625 
0.600064 0.157319 0.034706 
0.600054 0.157344 0.034710 
0.602238 0.152039 0.033839 
0.611866 0.130436 0.030257 
0.620410 0.113614 0.027406 
0.628762 0.099168 0.024891 
0.636213 0.087815 0.022857 
0.640215 0.082272 0.021841 
0.639027 0.083879 0.022138 
0.637719 0.085686 0.022469 
0.634302 0.090596 0.023361 
0.633596 0.091646 0.023551 
0.635372 0.089028 0.023078 
0.636391 0.087561 0.022811 
0.635087 0.089444 0.023153 
0.631239 0.095239 0.024194 
0.625468 0.104639 0.025852 
0.621918 0.110863 0.026932 
0.619296 0.115686 0.027761 
0.619320 0.115642 0.027753 
0.618826 0.116572 0.027912 
0.619339 0.115605 0.027747 
0.622277 0.110217 0.026821 
0.622961 0.108998 0.026610 
0.625920 0.103871 0.025718 
0.627270 0.101610 0.025322 
0.628734 0.099213 0.024899 
0.628230 0.100032 0.025044 
0.626885 0.102250 0.025434 
0.624808 0.105771 0.026050 
0.618833 0.116559 0.027910 
0.608406 0.137869 0.031498 
0.594868 0.170544 0.036865 
0.577297 0.221481 0.045152 
0.559604 0.281321 0.055127 
0.539068 0.357529 0.068816 
0.516726 0.441322 0.086158 
0.491937 0.526162 0.107944 
0.473665 0.579586 0.125327 
0.460008 0.613872 0.138850 
0.450804 0.634303 0.148153 
0.443810 0.648454 0.155302 
0.439613 0.656398 0.159619 
0.440496 0.654760 0.158709 
0.444255 0.647588 0.154846 
0.450001 0.635987 0.148971 
0.454820 0.625647 0.144078 
0.453853 0.627768 0.145058 
0.449024 0.638015 0.149967 
0.438713 0.658049 0.160546 
0.424787 0.681378 0.174981 
0.408629 0.703638 0.191840 
0.399188 0.714523 0.201705 
0.394572 0.719328 0.206525 
0.393671 0.720228 0.207466 
0.397919 0.715876 0.203030 
0.407083 0.705521 0.193455 
0.417716 0.691715 0.182350 
0.432526 0.668921 0.166943 
0.451901 0.631978 0.147038 
0.472591 0.582456 0.126375 
0.493594 0.520904 0.106418 
0.510608 0.463361 0.091309 
0.527368 0.401818 0.077597 
0.541870 0.346922 0.066817 
0.556089 0.294001 0.057310 
0.571201 0.241246 0.048400 
0.589310 0.185634 0.039319 
0.603201 0.149748 0.033463 
0.613846 0.126345 0.029570 
0.621928 0.110846 0.026929 
0.627955 0.100480 0.025123 
0.632515 0.093276 0.023843 
0.637966 0.085341 0.022406 
0.642597 0.079144 0.021260 
0.642812 0.078867 0.021208 
0.642191 0.079668 0.021358 
0.642073 0.079821 0.021386 
0.643222 0.078344 0.021110 
0.644578 0.076637 0.020789 
0.645512 0.075484 0.020572 
0.646766 0.073964 0.020283 
0.649255 0.071044 0.019724 
0.652703 0.067199 0.018978 
0.656534 0.063187 0.018187 
0.657912 0.061809 0.017911 
0.655402 0.064344 0.018416 
0.648993 0.071345 0.019782 
0.641042 0.081171 0.021637 
0.635326 0.089096 0.023090 
0.632733 0.092945 0.023784 
0.633707 0.091481 0.023521 
0.637488 0.086009 0.022528 
0.641735 0.080261 0.021468 
0.648222 0.072241 0.019954 
0.657916 0.061804 0.017910 
0.670185 0.050885 0.015655 
0.684161 0.040994 0.013473 
0.698569 0.033027 0.011581 
0.710536 0.027753 0.010239 
0.721936 0.023624 0.009123 
0.729318 0.021334 0.008474 
0.732660 0.020384 0.008197 
0.734279 0.019942 0.008066 
0.735887 0.019514 0.007939 
0.738863 0.018749 0.007709 
0.744267 0.017450 0.007310 
0.748123 0.016587 0.007039 
0.749020 0.016393 0.006977 
0.749275 0.016339 0.006960 
0.747045 0.016823 0.007113 
0.739963 0.018476 0.007626 
0.731396 0.020738 0.008300 
0.723997 0.022956 0.008936 
0.717092 0.025283 0.009580 
0.712249 0.027081 0.010062 
0.712286 0.027067 0.010058 
0.713404 0.026639 0.009944 
0.711356 0.027429 0.010154 
0.707373 0.029045 0.010576 
0.697884 0.033363 0.011664 
0.684698 0.040660 0.013396 
0.671602 0.049769 0.015417 
0.655860 0.063874 0.018323 
0.637130 0.086512 0.022620 
0.612392 0.129337 0.030073 
0.574497 0.230435 0.046619 
0.537330 0.364120 0.070077 
0.494672 0.517448 0.105429 
0.452552 0.630584 0.146377 
0.418504 0.690610 0.181528 
0.392504 0.721376 0.208683 
0.371035 0.739125 0.231008 
0.365318 0.742862 0.236919 
0.373181 0.737621 0.228785 
0.387520 0.726054 0.213880 
0.404015 0.709140 0.196661 
0.428592 0.675406 0.171025 
0.454321 0.626744 0.144583 
0.478195 0.567141 0.120932 
0.492872 0.523205 0.107082 
0.499840 0.500501 0.100746 
0.501606 0.494574 0.099168 
0.501145 0.496127 0.099579 
0.498497 0.504964 0.101954 
0.494434 0.518215 0.105647 
0.485304 0.546541 0.114145 
0.476637 0.571482 0.122438 
0.469170 0.591404 0.129735 
0.461390 0.610621 0.137465 
0.451120 0.633638 0.147833 
0.440031 0.655625 0.159188 
0.427122 0.677748 0.172552 
0.419550 0.689126 0.180437 
0.414107 0.696628 0.186118 
0.408239 0.704116 0.192247 
0.402331 0.711061 0.198421 
0.397274 0.716555 0.203704 
0.394710 0.719189 0.206381 
0.393710 0.720189 0.207424 
0.390582 0.723223 0.210689 
0.375448 0.735970 0.226435 
0.353889 0.749220 0.248682 
0.324647 0.759449 0.278410 
0.290643 0.761858 0.312301 
0.256025 0.754686 0.346202 
0.223505 0.738630 0.377795 
0.194312 0.715039 0.406306 
0.176873 0.695776 0.423592 
0.169531 0.686277 0.430964 
0.166081 0.681498 0.434450 
0.165874 0.681204 0.434661 
0.168097 0.684316 0.432411 
0.173713 0.691796 0.426757 
0.183843 0.704002 0.416650 
0.194253 0.714981 0.406364 
0.208485 0.727713 0.392421 
0.220285 0.736492 0.380926 
0.224869 0.739504 0.376469 
0.224937 0.739547 0.376403 
0.227484 0.741128 0.373929 
0.222350 0.737875 0.378918 
0.208106 0.727405 0.392790 
0.190999 0.711708 0.409571 
0.166283 0.681784 0.434246 
0.138097 0.633965 0.463497 
0.112124 0.571787 0.492272 
0.093983 0.514089 0.514062 
0.093332 0.511752 0.514879 
0.107921 0.559610 0.497170 
0.128812 0.614080 0.473529 
0.149547 0.655465 0.451425 
0.156307 0.666770 0.444427 
0.156724 0.667435 0.443999 
0.166509 0.682103 0.434017 
0.189829 0.710498 0.410725 
0.228410 0.741686 0.373030 
0.269653 0.758669 0.332911 
0.308091 0.761816 0.294998 
0.344317 0.753477 0.258473 
0.376675 0.735049 0.225161 
0.403193 0.710084 0.197521 
0.421043 0.686971 0.178881 
0.434827 0.664974 0.164560 
0.445399 0.645340 0.153673 
0.454974 0.625306 0.143922 
0.464749 0.602514 0.134112 
0.471204 0.586120 0.127734 
0.473618 0.579712 0.125372 
0.473010 0.581340 0.125966 
0.472997 0.581374 0.125978 
0.470173 0.588813 0.128747 
0.469032 0.591756 0.129870 
0.470823 0.587117 0.128108 
0.473762 0.579324 0.125232 
0.475187 0.575463 0.123844 
0.476051 0.573096 0.123005 
0.477864 0.568070 0.121252 
0.478787 0.565475 0.120361 
0.477135 0.570101 0.121956 
0.471291 0.585891 0.127648 
0.463561 0.605415 0.135296 
0.453656 0.628197 0.145257 
0.442333 0.651295 0.156819 
0.431110 0.671292 0.168411 
0.421443 0.686386 0.178464 
0.414738 0.695786 0.185458 
0.409781 0.702207 0.190636 
0.407220 0.705356 0.193313 
0.405693 0.707180 0.194908 
0.406443 0.706289 0.194124 
0.408721 0.703524 0.191744 
0.411195 0.700420 0.189159 
0.419988 0.688498 0.179980 
0.433529 0.667215 0.165904 
0.449319 0.637405 0.149666 
0.463170 0.606360 0.135685 
0.472687 0.582202 0.126282 
0.481234 0.558494 0.118013 
0.485779 0.545119 0.113696 
0.485073 0.547231 0.114363 
0.479376 0.563809 0.119795 
0.468426 0.593309 0.130469 
0.455274 0.624643 0.143619 
0.440559 0.654642 0.158644 
0.417038 0.692656 0.183057 
0.392640 0.721243 0.208542 
0.373706 0.737244 0.228240 
0.359337 0.746369 0.243084 
0.343893 0.753645 0.258906 
0.313244 0.761328 0.289853 
0.275262 0.759868 0.327422 
0.230172 0.742726 0.371319 
0.183077 0.703134 0.417411 
0.148878 0.654292 0.452122 
0.120208 0.593414 0.483064 
0.097670 0.526950 0.509486 
0.078862 0.454328 0.533856 
0.060398 0.363822 0.561143 
0.047635 0.288800 0.583193 
0.038208 0.227267 0.602210 
0.029611 0.167983 0.622822 
0.022171 0.116259 0.644874 
0.017805 0.086918 0.660919 
0.015006 0.069014 0.673169 
0.013195 0.057974 0.682306 
0.012204 0.052164 0.687841 
0.012081 0.051457 0.688557 
0.012212 0.052209 0.687795 
0.012629 0.054637 0.685411 
0.013117 0.057514 0.682723 
0.014487 0.065800 0.675674 
0.016916 0.081138 0.664605 
0.020103 0.102195 0.652097 
0.024441 0.131916 0.637579 
0.029510 0.167282 0.623088 
0.036703 0.217052 0.605548 
0.046836 0.283772 0.584697 
0.063075 0.378246 0.556907 
0.084558 0.478233 0.526186 
0.112017 0.571484 0.492396 
0.142562 0.642722 0.458753 
0.173770 0.691869 0.426699 
0.214166 0.732129 0.386881 
0.259273 0.755775 0.343039 
0.297874 0.762140 0.305151 
0.325886 0.759177 0.277162 
0.343005 0.753989 0.259811 
0.347626 0.752111 0.255095 
0.332994 0.757352 0.269981 
0.296906 0.762126 0.306109 
0.264695 0.757397 0.337753 
0.241012 0.748474 0.360794 
0.222163 0.737752 0.379099 
0.214699 0.732525 0.386362 
0.223636 0.738715 0.377668 
0.242099 0.748990 0.359739 
0.266905 0.757989 0.335596 
0.301286 0.762126 0.301766 
0.337073 0.756096 0.265844 
0.374748 0.736487 0.227161 
0.402518 0.710850 0.198226 
0.425157 0.680809 0.174596 
0.442390 0.651187 0.156761 
0.456466 0.621984 0.142414 
0.473407 0.580277 0.125578 
0.492989 0.522834 0.106975 
0.509537 0.467158 0.092227 
0.520956 0.425767 0.082692 
0.535327 0.371720 0.071549 
0.550056 0.316195 0.061212 
0.567045 0.255265 0.050728 
0.583469 0.202525 0.042063 
0.593981 0.172888 0.037247 
0.598503 0.161203 0.035341 
0.602084 0.152408 0.033900 
0.606088 0.143056 0.032358 
0.611412 0.131391 0.030417 
0.614929 0.124157 0.029201 
0.613759 0.126522 0.029600 
0.612348 0.129429 0.030088 
0.610824 0.132636 0.030626 
0.608161 0.138409 0.031588 
0.603724 0.148516 0.033260 
0.596788 0.165557 0.036052 
0.585514 0.196493 0.041082 
0.573648 0.233194 0.047073 
0.560243 0.279040 0.054737 
0.543646 0.340215 0.065571 
0.524945 0.410912 0.079499 
0.499877 0.500378 0.100713 
0.470280 0.588533 0.128641 
0.432710 0.668609 0.166753 
0.396059 0.717816 0.204973 
0.371026 0.739131 0.231018 
0.350823 0.750685 0.251825 
0.330096 0.758151 0.272912 
0.307146 0.761882 0.295939 
0.284195 0.761254 0.318653 
0.262700 0.756829 0.339698 
0.240471 0.748213 0.361319 
0.230401 0.742859 0.371097 
0.232508 0.744058 0.369051 
0.245231 0.750419 0.356696 
0.262926 0.756895 0.339479 
0.279051 0.760534 0.323707 
0.300240 0.762140 0.302805 
0.325338 0.759299 0.277714 
0.354879 0.748725 0.247666 
0.391712 0.722143 0.209510 
0.422987 0.684100 0.176855 
0.453161 0.629272 0.145759 
0.480521 0.560544 0.118696 
0.507606 0.473944 0.093894 
0.535239 0.372054 0.071614 
0.563917 0.266079 0.052541 
0.591751 0.178886 0.038222 
0.618459 0.117266 0.028031 
0.642004 0.079910 0.021403 
0.659825 0.059947 0.017536 
0.675560 0.046792 0.014771 
0.689217 0.037970 0.012771 
0.706475 0.029424 0.010674 
0.721917 0.023630 0.009125 
0.736560 0.019338 0.007886 
0.747985 0.016617 0.007048 
0.753988 0.015368 0.006647 
0.757630 0.014664 0.006415 
0.755725 0.015027 0.006535 
0.749913 0.016203 0.006917 
0.741842 0.018019 0.007486 
0.733380 0.020186 0.008138 
0.723380 0.023154 0.008992 
0.710049 0.027947 0.010290 
0.693352 0.035686 0.012229 
0.677150 0.045654 0.014521 
0.663451 0.056587 0.016850 
0.655541 0.064202 0.018388 
0.650529 0.069597 0.019445 
0.646342 0.074474 0.020380 
0.638468 0.084646 0.022278 
0.627952 0.100486 0.025124 
0.615281 0.123454 0.029082 
0.601947 0.152738 0.033954 
0.588560 0.187744 0.039661 
0.574756 0.229597 0.046482 
0.563168 0.268698 0.052983 
0.553487 0.303510 0.058968 
0.542320 0.345219 0.066499 
0.522024 0.421807 0.081830 
0.497933 0.506826 0.102463 
0.472362 0.583065 0.126600 
0.446053 0.644041 0.153003 
0.421933 0.685667 0.177954 
0.397740 0.716066 0.203218 
0.382657 0.730283 0.218944 
0.371844 0.738564 0.230170 
0.355357 0.748483 0.247175 
0.328693 0.758511 0.274330 
0.295237 0.762086 0.307762 
0.253676 0.753843 0.348488 
0.205575 0.725309 0.395263 
0.157646 0.668897 0.443052 
0.119723 0.592178 0.483610 
0.091983 0.506843 0.516582 
0.072153 0.423829 0.543292 
0.057199 0.345983 0.566363 
0.046109 0.279165 0.586081 
0.036679 0.216885 0.605603 
0.030710 0.175656 0.619951 
0.027650 0.154279 0.628157 
0.027024 0.149908 0.629923 
0.027601 0.153942 0.628292 
0.029014 0.163816 0.624414 
0.031680 0.182414 0.617483 
0.036694 0.216985 0.605570 
0.044090 0.266212 0.590005 
0.054602 0.331020 0.570739 
0.070841 0.417551 0.545196 
0.091214 0.504008 0.517558 
0.108917 0.562556 0.496002 
0.123848 0.602438 0.478999 
0.139585 0.636939 0.461910 
0.161054 0.674150 0.439564 
0.182799 0.702817 0.417687 
0.205753 0.725459 0.395089 
0.224320 0.739155 0.377003 
0.240861 0.748401 0.360941 
0.250215 0.752514 0.351853 
0.252267 0.753314 0.349858 
0.248167 0.751680 0.353844 
0.243776 0.749766 0.358109 
0.239257 0.747617 0.362498 
0.235071 0.745460 0.366562 
0.224241 0.739104 0.377080 
0.203500 0.723534 0.397292 
0.180095 0.699669 0.420378 
0.154181 0.663318 0.446619 
0.126936 0.609766 0.475587 
0.094151 0.514686 0.513852 
0.066849 0.397816 0.551114 
0.049447 0.300070 0.579843 
0.036544 0.215967 0.605907 
0.028174 0.157945 0.626702 
0.025077 0.136338 0.635634 
0.024890 0.135035 0.636202 
0.027835 0.155575 0.627640 
0.036548 0.215991 0.605899 
0.052514 0.318681 0.574356 
0.077813 0.449731 0.535301 
0.109507 0.564285 0.495312 
0.135714 0.629084 0.466048 
0.155356 0.665237 0.445407 
0.168029 0.684222 0.432480 
0.174081 0.692267 0.426388 
0.181956 0.701848 0.418525 
0.182251 0.702187 0.418232 
0.180508 0.700158 0.419966 
0.181710 0.701562 0.418770 
0.185869 0.706257 0.414642 
0.183619 0.703749 0.416873 
0.168944 0.685478 0.431556 
0.150229 0.656650 0.450715 
