0.381590 0.522063 0.241305 
0.446311 0.502900 0.193831 
0.238446 0.476104 0.400790 
0.359950 0.455521 0.303279 
0.388711 0.462855 0.269978 
0.533905 0.471953 0.140664 
0.503015 0.514773 0.143717 
0.091983 0.464913 0.575218 
0.072918 0.405116 0.645563 
0.080514 0.399400 0.636020 
0.175926 0.465933 0.470235 
0.184815 0.464729 0.460664 
0.060729 0.363860 0.692882 
0.295604 0.477291 0.346588 
0.402880 0.453485 0.265859 
0.395257 0.457961 0.266507 
0.540044 0.458311 0.137536 
0.644302 0.415365 0.082275 
0.698262 0.384143 0.062855 
0.677361 0.397481 0.067664 
0.256272 0.493666 0.275020 
0.146030 0.441303 0.413733 
0.114610 0.420967 0.479171 
0.172295 0.484143 0.382638 
0.436348 0.535569 0.160979 
0.593920 0.470148 0.094075 
0.640751 0.429977 0.078629 
0.586140 0.471764 0.093945 
0.537841 0.490737 0.110779 
0.678192 0.397198 0.067354 
0.706362 0.374609 0.059469 
0.694785 0.378011 0.061935 
0.662076 0.392473 0.070933 
0.506729 0.445578 0.125729 
0.106439 0.370363 0.493299 
0.108046 0.351318 0.489052 
0.087765 0.380447 0.541334 
0.060622 0.401206 0.635488 
0.055976 0.389194 0.681722 
0.121211 0.451962 0.541948 
0.097686 0.416443 0.597751 
0.281254 0.484302 0.354535 
0.372924 0.471474 0.281185 
0.338671 0.481509 0.304175 
0.343988 0.481881 0.298961 
0.393080 0.475942 0.259474 
0.394854 0.479632 0.255354 
0.383454 0.484895 0.261892 
0.479866 0.482360 0.175246 
0.511810 0.479418 0.150923 
0.484725 0.498452 0.161471 
0.558130 0.467449 0.118511 
0.543281 0.479762 0.122699 
0.587582 0.455078 0.101174 
0.691035 0.369008 0.065878 
0.702253 0.362675 0.061226 
0.561564 0.465888 0.101733 
0.157510 0.399709 0.400951 
0.121927 0.416099 0.469402 
0.575454 0.474090 0.100998 
0.721254 0.348846 0.056413 
0.729601 0.343932 0.053392 
0.677069 0.389834 0.066530 
0.633020 0.413198 0.079540 
0.640535 0.405400 0.077530 
0.366153 0.473938 0.195062 
0.112551 0.382449 0.480620 
0.113579 0.368744 0.478779 
0.128135 0.372799 0.450382 
0.165557 0.413853 0.387287 
0.669998 0.399572 0.069063 
0.744665 0.340318 0.048779 
0.728959 0.353362 0.052463 
0.634418 0.405469 0.079560 
0.192468 0.429365 0.348933 
0.169805 0.416366 0.379562 
0.539226 0.437043 0.112595 
0.551548 0.433287 0.107826 
0.199326 0.432240 0.341374 
0.415766 0.455962 0.168394 
0.594559 0.422513 0.092298 
0.447573 0.458876 0.152279 
0.100114 0.377437 0.508367 
0.109021 0.358325 0.485525 
0.106412 0.361804 0.491884 
0.102305 0.368646 0.501876 
0.097128 0.376538 0.515225 
0.088759 0.385542 0.538447 
0.075078 0.397643 0.580848 
0.107833 0.457915 0.499493 
0.307239 0.527785 0.246922 
0.283037 0.523249 0.265687 
0.150541 0.489429 0.419696 
0.053133 0.397225 0.667638 
0.031864 0.307895 0.785505 
0.032333 0.293405 0.790862 
0.080535 0.394988 0.640595 
0.375932 0.465352 0.284531 
0.440976 0.471421 0.222532 
0.560953 0.477092 0.121298 
0.610127 0.452364 0.093147 
0.062355 0.414287 0.630742 
0.033736 0.326087 0.771205 
0.057608 0.394430 0.686575 
0.213353 0.527007 0.403994 
0.039798 0.320636 0.759561 
0.042889 0.320393 0.751614 
0.051352 0.339785 0.723545 
0.063570 0.364586 0.686610 
0.072297 0.381011 0.662302 
0.206093 0.469429 0.436979 
0.402759 0.452100 0.266734 
0.382635 0.463365 0.278891 
0.270682 0.479670 0.368763 
0.226165 0.476353 0.412886 
0.136604 0.443916 0.530770 
0.352642 0.471628 0.300593 
0.418041 0.441226 0.259983 
0.424396 0.446397 0.251865 
0.404455 0.452704 0.265112 
0.379864 0.462987 0.280849 
0.145109 0.447375 0.517117 
0.065974 0.376827 0.676132 
0.169555 0.463924 0.478649 
0.405759 0.462028 0.258690 
0.422444 0.455925 0.247101 
0.446663 0.461968 0.222737 
0.520941 0.471921 0.154761 
0.553078 0.460030 0.131272 
0.603538 0.430940 0.101389 
0.676687 0.378978 0.071345 
0.739997 0.338918 0.050686 
0.740581 0.338481 0.050137 
0.688953 0.377055 0.063551 
0.658071 0.394386 0.072452 
0.263229 0.461920 0.272885 
0.175053 0.432460 0.372643 
0.433739 0.462185 0.159141 
0.186086 0.437356 0.357301 
0.102496 0.368147 0.503993 
0.123910 0.401509 0.456548 
0.684102 0.379851 0.064870 
0.662665 0.391821 0.071010 
0.149044 0.414884 0.411222 
0.109042 0.345959 0.487613 
0.109109 0.347749 0.488491 
0.498563 0.475545 0.126388 
0.675899 0.392163 0.066698 
0.458878 0.480450 0.143638 
0.167969 0.426586 0.380437 
0.122429 0.368068 0.462624 
0.112886 0.401313 0.486628 
0.288820 0.507866 0.263215 
0.598782 0.451287 0.095012 
0.664318 0.392140 0.073186 
0.681044 0.384216 0.066697 
0.701974 0.369075 0.060373 
0.728468 0.349481 0.053112 
0.716102 0.360226 0.056018 
0.553197 0.435905 0.107087 
0.124055 0.393819 0.455970 
0.219960 0.438452 0.315493 
0.643840 0.399979 0.076533 
0.538487 0.436254 0.112845 
0.127725 0.385930 0.448952 
0.113522 0.368948 0.477250 
0.118458 0.378210 0.466692 
0.108074 0.363733 0.488815 
0.104835 0.371744 0.496392 
0.112277 0.392916 0.480414 
0.105566 0.395642 0.499566 
0.272525 0.513126 0.264136 
0.620953 0.448697 0.083864 
0.636809 0.434880 0.078530 
0.174476 0.446107 0.376819 
0.154281 0.462449 0.410418 
0.292714 0.512116 0.265423 
0.193171 0.511352 0.385071 
0.680203 0.385683 0.069731 
0.721268 0.353592 0.056250 
0.688514 0.383642 0.063616 
0.677645 0.389518 0.066533 
0.667829 0.392190 0.069613 
0.635961 0.406465 0.079195 
0.109538 0.368600 0.486050 
0.113289 0.389330 0.476339 
0.655906 0.404899 0.073327 
0.108388 0.379222 0.489073 
0.082877 0.396017 0.558558 
0.036952 0.328123 0.762969 
0.036892 0.318990 0.768653 
0.040195 0.328160 0.756331 
0.045382 0.341585 0.737604 
0.058533 0.368890 0.695301 
0.435618 0.450429 0.239074 
0.516683 0.475545 0.158846 
0.551845 0.467243 0.133359 
0.519012 0.472326 0.151241 
0.510906 0.479241 0.153440 
0.620297 0.419796 0.093503 
0.718751 0.350567 0.057531 
0.612301 0.436655 0.086455 
0.110429 0.409563 0.491722 
0.107441 0.457767 0.516784 
0.113941 0.468998 0.530047 
0.491388 0.489477 0.162770 
0.664177 0.393432 0.076338 
0.744716 0.336394 0.049391 
0.750255 0.336529 0.047165 
0.716166 0.360752 0.055934 
0.659188 0.397236 0.071893 
0.640018 0.407939 0.077802 
0.179464 0.436690 0.368119 
0.098856 0.385838 0.513032 
0.095137 0.380569 0.522008 
0.095179 0.376116 0.521598 
0.099483 0.367055 0.510311 
0.098688 0.369917 0.512877 
0.171718 0.432578 0.377014 
0.232003 0.453351 0.303546 
0.156205 0.426441 0.399605 
0.117137 0.395260 0.470626 
0.111878 0.346831 0.482898 
0.112686 0.356598 0.481815 
0.615171 0.441536 0.084160 
0.728043 0.348329 0.053473 
0.735034 0.347107 0.051107 
0.682704 0.381446 0.065192 
0.554049 0.436028 0.107212 
0.298214 0.458363 0.244521 
0.178597 0.425852 0.367801 
0.178819 0.423823 0.367362 
0.410244 0.457777 0.171558 
0.586531 0.423105 0.095110 
0.512664 0.442684 0.123040 
0.117142 0.390444 0.471608 
0.104501 0.363309 0.497265 
0.114353 0.348537 0.473680 
0.113422 0.346983 0.476228 
0.108548 0.354986 0.487512 
0.111113 0.375707 0.481411 
0.105479 0.390007 0.495042 
0.118241 0.431718 0.467720 
0.114429 0.459330 0.480771 
0.061498 0.410604 0.645070 
0.047205 0.355458 0.722746 
0.137230 0.458017 0.520532 
0.323988 0.500701 0.315323 
0.422927 0.509351 0.213398 
0.573282 0.471664 0.109942 
0.664249 0.412677 0.073757 
0.678709 0.397620 0.068029 
0.462999 0.494750 0.143446 
0.369601 0.499102 0.192944 
0.430849 0.494651 0.159255 
0.155932 0.447161 0.396684 
0.075660 0.401887 0.581494 
0.061899 0.416365 0.642139 
0.202892 0.541659 0.391916 
0.154375 0.500921 0.473507 
0.109254 0.437575 0.567806 
0.122106 0.437481 0.550846 
0.320402 0.481119 0.322743 
0.335766 0.478749 0.309969 
0.370249 0.480881 0.278950 
0.497602 0.479432 0.158929 
0.629439 0.428216 0.087002 
0.630977 0.438511 0.082516 
0.569338 0.486755 0.099992 
0.488677 0.515947 0.130595 
0.495983 0.513277 0.127590 
0.563674 0.486970 0.101672 
0.583260 0.472541 0.095141 
0.640069 0.431103 0.077864 
0.575017 0.466461 0.098109 
0.362362 0.510679 0.195201 
0.376964 0.511821 0.186580 
0.341851 0.515360 0.207851 
0.327326 0.517117 0.217792 
0.451510 0.513943 0.147122 
0.275617 0.515007 0.257357 
0.187272 0.490334 0.353216 
0.375088 0.541622 0.188582 
0.551261 0.500432 0.106797 
0.603681 0.465596 0.089046 
0.624711 0.446154 0.082524 
0.574053 0.472572 0.098457 
0.249213 0.503930 0.281129 
0.170734 0.477890 0.375084 
0.522845 0.506548 0.117065 
0.539627 0.499892 0.110355 
0.434556 0.526561 0.155242 
0.509762 0.509673 0.121890 
0.585355 0.471304 0.094892 
0.641933 0.428726 0.077698 
0.615233 0.439364 0.085868 
0.601163 0.438876 0.090735 
0.527728 0.461050 0.117179 
0.458596 0.469999 0.147233 
0.552448 0.442417 0.108130 
0.527506 0.446179 0.117625 
0.242822 0.452518 0.293234 
0.256370 0.455402 0.280402 
0.259160 0.457551 0.277816 
0.115495 0.385618 0.472886 
0.125671 0.399936 0.452705 
0.194623 0.445944 0.346866 
0.136637 0.417573 0.432834 
0.105853 0.394342 0.494633 
0.156670 0.444150 0.400744 
0.351536 0.490936 0.208473 
0.410305 0.488559 0.173621 
0.282792 0.486499 0.259170 
0.101686 0.409225 0.505740 
0.077423 0.395093 0.572711 
0.037061 0.350323 0.747856 
0.030701 0.292148 0.796084 
0.036765 0.304368 0.774252 
0.098062 0.407973 0.603834 
0.312200 0.485917 0.330742 
0.353711 0.470233 0.301493 
0.371795 0.459702 0.289493 
0.333276 0.501453 0.308028 
0.227528 0.508691 0.401119 
0.310633 0.513087 0.323384 
0.352658 0.494624 0.293189 
0.262414 0.521921 0.361771 
0.190894 0.506397 0.440194 
0.335832 0.507914 0.302564 
0.317444 0.518546 0.313486 
0.299437 0.524352 0.325853 
0.390856 0.503931 0.250695 
0.556700 0.477514 0.122447 
0.591213 0.462214 0.100536 
0.132612 0.491249 0.454561 
0.139263 0.504057 0.447060 
0.058582 0.418688 0.654573 
0.034286 0.319918 0.772998 
0.045442 0.349587 0.734182 
0.163844 0.497371 0.474751 
0.277324 0.522863 0.347784 
0.385101 0.490144 0.264026 
0.317756 0.529057 0.304520 
0.094502 0.449950 0.591839 
0.063095 0.384775 0.679563 
0.089626 0.419737 0.614355 
0.287719 0.517434 0.341842 
0.344944 0.498672 0.298636 
0.354655 0.500609 0.288277 
0.330811 0.519030 0.300142 
0.264017 0.531119 0.353225 
0.362195 0.516794 0.269827 
0.254192 0.541616 0.353143 
0.206803 0.530406 0.404445 
0.273952 0.542286 0.333890 
0.136677 0.499357 0.503116 
0.144695 0.500305 0.494175 
0.106113 0.461341 0.568575 
0.182124 0.510409 0.447362 
0.087277 0.417144 0.619159 
0.047281 0.330486 0.736652 
0.070490 0.373170 0.668396 
0.112122 0.421414 0.575657 
0.290810 0.477555 0.351535 
0.362848 0.467103 0.293906 
0.341963 0.472378 0.309181 
0.374834 0.463989 0.285124 
0.378682 0.442180 0.292099 
0.400542 0.451690 0.265158 
0.382701 0.471868 0.271363 
0.378744 0.504274 0.260369 
0.390825 0.533081 0.234319 
0.524771 0.503090 0.133150 
0.590842 0.470096 0.098950 
0.566882 0.484424 0.104505 
0.452048 0.524468 0.150613 
0.123417 0.480645 0.466515 
0.063275 0.420704 0.641780 
0.070905 0.414481 0.643495 
0.094923 0.429582 0.596910 
0.221109 0.497187 0.409118 
0.347722 0.505299 0.291784 
0.494524 0.497304 0.157614 
0.551304 0.495112 0.116986 
0.601815 0.465099 0.093565 
0.637826 0.432994 0.080573 
0.604286 0.449546 0.090048 
0.578178 0.452143 0.098994 
0.635228 0.416808 0.080115 
0.572606 0.439667 0.100858 
0.382954 0.472472 0.187285 
0.161946 0.427991 0.390596 
0.136405 0.413970 0.432588 
0.165460 0.439342 0.385695 
0.148617 0.435453 0.412526 
0.265015 0.482501 0.273570 
0.437480 0.484630 0.159300 
0.157731 0.448775 0.399147 
0.083193 0.396760 0.555176 
0.073898 0.411327 0.586395 
0.064975 0.422675 0.623075 
0.065289 0.433797 0.634519 
0.151496 0.523246 0.453410 
0.209005 0.547070 0.377195 
0.046157 0.369847 0.720664 
0.044488 0.350951 0.735620 
0.225086 0.525126 0.394536 
0.313489 0.523082 0.312774 
0.303828 0.529118 0.317160 
0.220029 0.529705 0.394863 
0.221344 0.528962 0.394003 
0.299016 0.531003 0.318949 
0.325784 0.532089 0.292005 
0.284960 0.542547 0.319684 
0.107732 0.478498 0.553238 
0.040082 0.329805 0.755016 
0.039431 0.313549 0.763192 
0.077525 0.390820 0.647884 
0.311429 0.506580 0.325325 
0.366205 0.473160 0.289762 
0.394477 0.473492 0.263380 
0.418275 0.492272 0.231093 
0.376905 0.529979 0.245037 
0.355441 0.543786 0.247861 
0.508857 0.502050 0.140816 
0.544566 0.484169 0.117866 
0.461656 0.504716 0.151903 
0.285954 0.512940 0.261308 
0.099256 0.439586 0.517060 
0.079637 0.426173 0.570696 
0.061308 0.412242 0.634087 
0.037184 0.349234 0.748689 
0.035308 0.325698 0.769023 
0.099537 0.457508 0.580435 
0.284322 0.524185 0.336605 
0.379031 0.508333 0.256979 
0.256247 0.539230 0.347398 
0.040615 0.344422 0.747698 
0.050049 0.365742 0.717115 
0.080045 0.417753 0.633140 
0.039194 0.310013 0.765325 
0.053613 0.342779 0.716939 
0.313218 0.495609 0.327157 
0.339896 0.486941 0.307430 
0.341740 0.489669 0.305201 
0.393159 0.456821 0.272824 
0.392975 0.471321 0.265995 
0.140626 0.486283 0.508893 
0.051753 0.353051 0.717857 
0.047726 0.330841 0.735530 
0.045009 0.327772 0.744029 
0.245715 0.476320 0.394185 
0.329342 0.473375 0.319840 
0.181784 0.461004 0.467400 
0.079446 0.391649 0.644177 
0.039260 0.321563 0.762040 
0.098549 0.415161 0.600370 
0.420189 0.450780 0.252366 
0.421193 0.447928 0.252868 
0.428495 0.446318 0.250118 
0.434464 0.454038 0.237829 
0.401701 0.448251 0.266440 
0.486945 0.476579 0.174810 
0.665838 0.415326 0.074231 
0.692863 0.388166 0.064089 
0.632459 0.423021 0.080963 
0.630379 0.416375 0.081474 
0.620675 0.417755 0.084306 
0.275233 0.461978 0.263387 
0.110187 0.373352 0.483725 
0.091081 0.376196 0.532628 
0.068959 0.396384 0.603412 
0.062638 0.422269 0.639815 
0.111679 0.491958 0.532310 
0.148191 0.510208 0.479852 
0.098535 0.440961 0.586279 
0.160853 0.489406 0.480058 
0.324882 0.512415 0.309962 
0.316905 0.520015 0.312577 
0.250713 0.518984 0.371252 
0.243554 0.514642 0.380508 
0.277076 0.511195 0.351353 
0.343555 0.515411 0.290729 
0.434330 0.523574 0.197694 
0.371386 0.560988 0.232940 
0.325053 0.570304 0.264841 
0.365983 0.569532 0.228897 
0.456637 0.549370 0.162609 
0.510082 0.527563 0.130513 
0.397610 0.565322 0.185980 
0.067239 0.419321 0.635561 
0.047185 0.348996 0.726727 
0.116289 0.432615 0.561685 
0.197163 0.470122 0.443868 
0.343102 0.473980 0.306633 
0.374269 0.467092 0.283247 
0.382242 0.476454 0.269915 
0.444326 0.493730 0.197822 
0.626501 0.425306 0.089145 
0.643201 0.422814 0.079523 
0.622600 0.449413 0.083055 
0.611633 0.454876 0.085921 
0.608857 0.452330 0.086846 
0.627636 0.435270 0.081453 
0.559830 0.466735 0.103637 
0.495149 0.481481 0.129359 
0.414360 0.496769 0.166699 
0.139083 0.431838 0.424534 
0.128826 0.432209 0.444571 
0.378272 0.526458 0.185344 
0.333514 0.528890 0.213778 
0.105181 0.432171 0.504580 
0.146966 0.493203 0.435186 
0.168740 0.504390 0.426826 
0.108716 0.446826 0.556444 
0.293282 0.503540 0.326051 
0.443731 0.501153 0.196160 
0.677538 0.392940 0.070886 
0.733471 0.357187 0.051976 
0.726551 0.356449 0.053408 
0.349968 0.464266 0.206032 
0.105078 0.360520 0.496223 
0.095639 0.371251 0.520597 
0.507383 0.485934 0.123628 
0.704997 0.376668 0.059766 
0.697737 0.375549 0.060976 
0.592850 0.421857 0.093241 
0.147640 0.409892 0.414564 
0.128895 0.397111 0.447511 
0.135074 0.402876 0.435977 
0.120434 0.387335 0.462947 
0.111801 0.365971 0.479863 
0.108975 0.374452 0.486468 
0.131831 0.415456 0.439006 
0.179139 0.460037 0.363772 
0.316524 0.502900 0.228626 
0.219365 0.492270 0.315115 
0.104226 0.443042 0.503249 
0.088359 0.458343 0.554438 
0.204823 0.557858 0.363914 
0.234304 0.564735 0.341390 
0.254076 0.566444 0.326813 
0.485642 0.528188 0.150204 
0.518778 0.515069 0.128045 
0.349549 0.562819 0.217857 
0.236689 0.560941 0.317700 
0.357598 0.566424 0.218434 
0.351606 0.567855 0.222468 
0.172469 0.543716 0.408200 
0.083877 0.449729 0.599968 
0.108469 0.463855 0.559061 
0.204048 0.511565 0.420003 
0.236927 0.512680 0.387564 
0.292461 0.514445 0.336929 
0.328105 0.516070 0.304582 
0.370376 0.529792 0.255943 
0.415390 0.544361 0.204522 
0.456482 0.545369 0.166410 
0.483070 0.539399 0.145303 
0.503300 0.529130 0.131955 
0.532721 0.511449 0.117463 
0.483966 0.527830 0.136387 
0.591925 0.465694 0.095154 
0.662266 0.409271 0.072666 
0.616650 0.430140 0.086076 
0.364731 0.486088 0.196897 
0.135136 0.422029 0.433307 
0.137382 0.440369 0.430413 
0.145148 0.467756 0.418968 
0.070327 0.419570 0.604208 
0.047461 0.373851 0.710017 
0.052792 0.361188 0.708907 
0.118683 0.445669 0.554406 
0.268522 0.498560 0.364731 
0.149130 0.450617 0.509789 
0.202700 0.471200 0.438925 
0.354303 0.464332 0.304365 
0.383207 0.481423 0.265262 
0.356763 0.515987 0.275310 
0.085834 0.410529 0.619489 
0.053622 0.351432 0.712939 
0.177556 0.461151 0.470529 
0.257455 0.477810 0.380590 
0.403216 0.458911 0.261133 
0.441763 0.471248 0.216816 
0.429868 0.487169 0.218042 
0.450533 0.494128 0.194616 
0.350488 0.506962 0.271769 
0.396387 0.501494 0.237605 
0.502650 0.484156 0.155237 
0.407136 0.507313 0.221425 
0.151277 0.478406 0.483614 
0.418495 0.490092 0.227452 
0.544354 0.463209 0.132305 
0.573598 0.454241 0.112313 
0.617338 0.424045 0.091572 
0.708926 0.356813 0.060252 
0.719012 0.349380 0.056536 
0.676923 0.391838 0.066536 
0.621947 0.427027 0.082306 
0.682198 0.381878 0.065428 
0.708443 0.365644 0.058057 
0.548988 0.437622 0.109005 
0.232122 0.446397 0.303817 
0.165953 0.420829 0.385270 
0.180845 0.424224 0.364043 
0.332587 0.456386 0.218423 
0.408188 0.456371 0.172449 
0.308321 0.453650 0.236340 
0.147586 0.404190 0.414401 
0.127966 0.389392 0.449076 
0.115426 0.375966 0.473727 
0.187980 0.427813 0.355401 
0.373022 0.459100 0.192923 
0.124531 0.392282 0.456002 
0.111928 0.355567 0.479558 
0.108023 0.355831 0.488800 
0.095269 0.371887 0.521202 
0.069892 0.403973 0.599780 
0.035852 0.320838 0.769800 
0.077291 0.387554 0.647560 
0.387926 0.468970 0.266448 
0.438004 0.497219 0.202487 
0.580660 0.461083 0.106791 
0.684714 0.396936 0.067230 
0.704281 0.379344 0.060476 
0.669985 0.396737 0.069563 
0.634365 0.410125 0.079977 
0.552121 0.437783 0.108034 
0.320145 0.461651 0.228113 
0.129230 0.398407 0.446450 
0.111634 0.364930 0.480232 
0.117177 0.380535 0.468300 
0.121042 0.393077 0.460294 
0.292823 0.475448 0.248031 
0.563973 0.444472 0.104103 
0.286791 0.471350 0.253237 
0.106800 0.388356 0.492108 
0.166836 0.446882 0.384152 
0.487005 0.475543 0.135534 
0.392709 0.486271 0.182829 
0.320428 0.486795 0.229202 
0.093164 0.397052 0.526879 
0.062147 0.395522 0.627601 
0.044783 0.379040 0.709770 
0.181282 0.539071 0.413353 
0.323566 0.554791 0.266690 
0.196935 0.547159 0.389168 
0.041204 0.348077 0.742616 
0.052224 0.370770 0.709074 
0.243669 0.526898 0.376099 
0.210832 0.519269 0.412420 
0.145180 0.482940 0.504221 
0.114601 0.445101 0.562846 
0.074176 0.380227 0.658023 
0.157106 0.455934 0.499155 
0.312474 0.481548 0.331752 
0.251830 0.477248 0.387558 
0.266123 0.477720 0.373814 
0.205009 0.469686 0.437559 
0.190288 0.466094 0.455124 
0.279720 0.480021 0.360151 
0.397055 0.456232 0.269815 
0.410949 0.442852 0.263002 
0.416670 0.456386 0.247682 
0.357152 0.481598 0.292666 
0.321538 0.497361 0.315855 
0.324067 0.501066 0.311323 
0.350215 0.508028 0.283959 
0.357358 0.518226 0.269531 
0.495761 0.507770 0.150578 
0.662365 0.410549 0.075002 
0.689392 0.391042 0.065245 
0.676317 0.397414 0.068074 
0.466382 0.483530 0.142277 
0.416567 0.483146 0.167651 
0.580518 0.438388 0.097959 
0.544159 0.444901 0.111253 
0.586784 0.427878 0.095491 
0.358714 0.465275 0.201991 
0.140472 0.409164 0.426461 
0.181518 0.433766 0.363884 
0.191091 0.439428 0.351358 
0.304201 0.468390 0.240151 
0.343653 0.473854 0.212105 
0.237388 0.462688 0.299364 
0.133046 0.421085 0.440356 
0.100965 0.395600 0.506362 
0.091365 0.385937 0.530544 
0.084893 0.393699 0.549335 
0.085481 0.409411 0.549175 
0.200492 0.490657 0.345649 
0.255877 0.503446 0.286471 
0.090692 0.423336 0.536551 
0.077199 0.415347 0.575697 
0.051112 0.390743 0.674004 
0.035447 0.339976 0.759397 
0.031917 0.299968 0.788981 
0.032331 0.291949 0.791435 
0.052157 0.339946 0.721429 
0.227354 0.484917 0.409824 
0.295621 0.484192 0.345634 
0.164313 0.452698 0.491437 
0.103467 0.414196 0.592701 
0.331787 0.472820 0.318004 
0.390247 0.450994 0.277010 
0.385857 0.440305 0.284676 
0.387792 0.446126 0.280593 
0.349196 0.486115 0.299928 
0.196760 0.488826 0.440467 
0.075418 0.381292 0.655377 
0.163862 0.455132 0.490959 
0.285517 0.480766 0.355489 
0.346945 0.473546 0.305341 
0.352876 0.471342 0.301250 
0.353240 0.471714 0.301563 
0.353370 0.466644 0.303663 
0.334542 0.484359 0.313105 
0.065244 0.369300 0.680928 
0.059394 0.360626 0.697262 
0.364240 0.466891 0.292732 
0.389652 0.451705 0.278600 
0.380610 0.445107 0.289758 
0.373585 0.448593 0.294451 
0.369202 0.461032 0.290069 
0.433348 0.486790 0.214100 
0.320045 0.525364 0.302543 
0.076228 0.397954 0.642937 
0.088711 0.403758 0.619576 
0.163268 0.456026 0.489395 
0.155213 0.451283 0.502034 
0.264803 0.478419 0.373484 
0.402757 0.459354 0.262083 
0.433758 0.466983 0.228322 
0.457831 0.477541 0.198703 
0.474590 0.485473 0.178775 
0.488658 0.490841 0.163044 
0.470343 0.497988 0.173483 
0.515490 0.490649 0.140236 
0.617375 0.422696 0.092296 
0.699124 0.364038 0.063267 
0.715813 0.353325 0.057372 
0.687582 0.383023 0.063710 
0.671023 0.392650 0.068167 
0.689349 0.376442 0.063314 
0.659918 0.391971 0.071684 
0.518411 0.441379 0.120443 
0.498412 0.444675 0.128982 
0.341619 0.455083 0.212314 
0.114396 0.369755 0.475308 
0.109137 0.358767 0.486375 
0.131562 0.401217 0.440402 
0.416564 0.468856 0.167478 
0.403642 0.469936 0.174229 
0.206324 0.445731 0.330981 
0.157746 0.426962 0.395625 
0.135118 0.415013 0.432978 
0.133084 0.419547 0.435608 
0.109240 0.402737 0.485926 
0.120170 0.434254 0.464067 
0.263615 0.531496 0.270210 
0.477851 0.531280 0.136342 
0.493582 0.526127 0.129508 
0.323017 0.543025 0.225586 
0.099699 0.448966 0.530218 
0.117741 0.471595 0.518679 
0.273282 0.519504 0.330060 
0.262644 0.506475 0.350058 
0.085978 0.412733 0.617837 
0.098138 0.422351 0.594182 
0.418002 0.469702 0.241835 
0.445174 0.475665 0.213660 
0.439959 0.482941 0.213248 
0.596476 0.433753 0.105043 
0.719833 0.354678 0.057056 
0.746242 0.339010 0.048489 
0.729851 0.353789 0.052099 
0.682759 0.382695 0.064889 
0.452261 0.454243 0.150159 
0.123479 0.392075 0.458511 
0.112179 0.350116 0.479124 
0.113302 0.345421 0.476602 
0.106162 0.358859 0.493097 
0.104860 0.377399 0.496178 
0.192838 0.468181 0.344062 
0.246034 0.494284 0.284449 
0.156624 0.455618 0.396254 
0.505230 0.504996 0.123621 
0.607170 0.456861 0.087424 
0.375393 0.520511 0.186723 
0.099862 0.408390 0.515499 
0.089115 0.429729 0.555246 
