0.165262 0.356286 0.569988 
0.211271 0.367809 0.507407 
0.066050 0.321218 0.761634 
0.050038 0.313970 0.797170 
0.083420 0.338946 0.723177 
0.298769 0.395496 0.435220 
0.364332 0.399876 0.365499 
0.179042 0.357739 0.555020 
0.108207 0.340003 0.670976 
0.082416 0.329484 0.723890 
0.072934 0.324293 0.744812 
0.070764 0.322380 0.750437 
0.067195 0.319441 0.759259 
0.067185 0.319661 0.758883 
0.063847 0.319707 0.764856 
0.080818 0.331559 0.728519 
0.320613 0.391833 0.414441 
0.539652 0.411732 0.243901 
0.606807 0.398737 0.203451 
0.644000 0.388733 0.180186 
0.682053 0.382716 0.152195 
0.683051 0.385512 0.147338 
0.637206 0.391999 0.175134 
0.564118 0.396299 0.217738 
0.530834 0.399763 0.238443 
0.580121 0.402733 0.214294 
0.617972 0.396843 0.192896 
0.639222 0.391843 0.179193 
0.648596 0.389695 0.173100 
0.644876 0.388703 0.179247 
0.655408 0.382023 0.176853 
0.691903 0.369327 0.157269 
0.713735 0.362471 0.145114 
0.715011 0.362577 0.144058 
0.750377 0.353832 0.122542 
0.789443 0.341246 0.101084 
0.677917 0.379812 0.157416 
0.429782 0.397071 0.312150 
0.173191 0.357929 0.566664 
0.105317 0.337068 0.676540 
0.082836 0.325892 0.723401 
0.075809 0.322607 0.737614 
0.075164 0.323627 0.737238 
0.081963 0.324347 0.723501 
0.084782 0.325167 0.717498 
0.094843 0.331359 0.696473 
0.102539 0.333896 0.681161 
0.105802 0.335217 0.674722 
0.242556 0.377135 0.491867 
0.299885 0.384582 0.431612 
0.310041 0.382815 0.418125 
0.440708 0.401799 0.317591 
0.451772 0.398326 0.305513 
0.541326 0.404125 0.249714 
0.637310 0.385406 0.189203 
0.677364 0.374331 0.165250 
0.690044 0.371198 0.157289 
0.731909 0.361388 0.129811 
0.623045 0.379701 0.189876 
0.591994 0.396174 0.215658 
0.666306 0.377295 0.171956 
0.691703 0.369889 0.157188 
0.700392 0.367470 0.152049 
0.704471 0.366264 0.149707 
0.706566 0.365562 0.148581 
0.712486 0.364021 0.144995 
0.733174 0.358925 0.132329 
0.755158 0.353623 0.118951 
0.758685 0.353268 0.116122 
0.723870 0.363911 0.134257 
0.673308 0.375718 0.167358 
0.696677 0.368215 0.154488 
0.706173 0.365299 0.149126 
0.710200 0.364422 0.146574 
0.729197 0.359451 0.135161 
0.736238 0.357235 0.131213 
0.717317 0.361697 0.142926 
0.719131 0.360841 0.142116 
0.722853 0.359806 0.139907 
0.721470 0.360327 0.140623 
0.714986 0.363025 0.143777 
0.710731 0.365327 0.145404 
0.725030 0.362925 0.135825 
0.786551 0.344994 0.101233 
0.773509 0.348699 0.108323 
0.750897 0.356449 0.119615 
0.720585 0.365037 0.135650 
0.671639 0.375954 0.162811 
0.574000 0.387087 0.219770 
0.507652 0.389172 0.258765 
0.515112 0.394475 0.253712 
0.526180 0.394494 0.246631 
0.506203 0.390849 0.259124 
0.341807 0.376390 0.384815 
0.098050 0.333844 0.691815 
0.068563 0.322696 0.755357 
0.065890 0.321516 0.761729 
0.061748 0.322455 0.769092 
0.111506 0.348227 0.668156 
0.347419 0.393076 0.385128 
0.506510 0.402425 0.264467 
0.391922 0.381192 0.343084 
0.129548 0.342848 0.634754 
0.097418 0.333780 0.692444 
0.090823 0.331906 0.704888 
0.074356 0.325240 0.741811 
0.067075 0.322060 0.758892 
0.064746 0.320961 0.764565 
0.064181 0.320727 0.765976 
0.064369 0.320927 0.765586 
0.064804 0.321249 0.764599 
0.063215 0.320404 0.768022 
0.065720 0.321888 0.762442 
0.066656 0.322320 0.760456 
0.067422 0.322711 0.758796 
0.066975 0.322192 0.759890 
0.065950 0.321352 0.762172 
0.054322 0.317833 0.787325 
0.062775 0.325289 0.768889 
0.063120 0.319026 0.767291 
0.065815 0.318426 0.761225 
0.068040 0.318510 0.756205 
0.070824 0.320959 0.749629 
0.072980 0.323178 0.744379 
0.074249 0.324763 0.740881 
0.075872 0.326424 0.736582 
0.100789 0.343507 0.687789 
0.228252 0.380839 0.513068 
0.314233 0.394121 0.424936 
0.467547 0.408636 0.302120 
0.603663 0.393906 0.210345 
0.683119 0.372291 0.162256 
0.699454 0.367366 0.152921 
0.704096 0.366050 0.150211 
0.705880 0.365493 0.149219 
0.709748 0.364589 0.146793 
0.711590 0.364146 0.145648 
0.708416 0.364971 0.147578 
0.712975 0.363807 0.144798 
0.738181 0.357314 0.129628 
0.720302 0.362207 0.140091 
0.705842 0.365654 0.149107 
0.708014 0.365019 0.147868 
0.725018 0.360610 0.137591 
0.795332 0.340151 0.097604 
0.785623 0.343779 0.102332 
0.701841 0.367907 0.150357 
0.700537 0.367841 0.151560 
0.709008 0.365666 0.146378 
0.728458 0.361286 0.134068 
0.752872 0.354633 0.118895 
0.647722 0.375928 0.176104 
0.532017 0.387443 0.244330 
0.576390 0.399263 0.226646 
0.637959 0.385330 0.188605 
0.672140 0.375942 0.168170 
0.689427 0.370870 0.158204 
0.699034 0.367697 0.152984 
0.705873 0.365522 0.149185 
0.714747 0.363309 0.143751 
0.735089 0.357862 0.131616 
0.733672 0.358277 0.132406 
0.714762 0.362748 0.144156 
0.719339 0.361259 0.141622 
0.751910 0.352070 0.122511 
0.765379 0.348109 0.114505 
0.756680 0.351413 0.118655 
0.766042 0.351878 0.110375 
0.743682 0.362440 0.119698 
0.712100 0.373950 0.134956 
0.668204 0.382381 0.160684 
0.622700 0.392283 0.183791 
0.623407 0.394515 0.189769 
0.643149 0.389653 0.178791 
0.657049 0.383595 0.166913 
0.583929 0.387315 0.210086 
0.477571 0.383437 0.278700 
0.317574 0.367511 0.404289 
0.592425 0.397372 0.215466 
0.656864 0.381072 0.176490 
0.687525 0.373349 0.157316 
0.694477 0.370948 0.153635 
0.696327 0.369415 0.153454 
0.703427 0.366538 0.150034 
0.756636 0.355182 0.115396 
0.733942 0.364756 0.125458 
0.676998 0.376296 0.163489 
0.730576 0.367820 0.125754 
0.600708 0.387118 0.202129 
0.100620 0.326960 0.686695 
0.075462 0.322554 0.739147 
0.073940 0.323586 0.742407 
0.074243 0.324353 0.741590 
0.075083 0.324925 0.739603 
0.073913 0.326743 0.740643 
0.208074 0.377622 0.537977 
0.281861 0.390530 0.456963 
0.269280 0.384379 0.463555 
0.277274 0.382682 0.451633 
0.506966 0.408944 0.274586 
0.651582 0.381259 0.180894 
0.668701 0.377274 0.169721 
0.628797 0.379134 0.186687 
0.382459 0.377126 0.349308 
0.199725 0.356064 0.530462 
0.275167 0.380415 0.451290 
0.559752 0.403304 0.239090 
0.682891 0.372270 0.162456 
0.704109 0.365806 0.150386 
0.706685 0.365098 0.148881 
0.703648 0.366266 0.150437 
0.699557 0.367747 0.152590 
0.698261 0.368257 0.153241 
0.698615 0.368323 0.152902 
0.701989 0.367453 0.150848 
0.712013 0.364626 0.144961 
0.740470 0.356744 0.128321 
0.730091 0.359306 0.134563 
0.711335 0.364186 0.145822 
0.710473 0.364428 0.146329 
0.713362 0.363688 0.144564 
0.719900 0.362138 0.140488 
0.788160 0.343066 0.101074 
0.767317 0.350274 0.111483 
0.683490 0.372849 0.161360 
0.694028 0.369203 0.155849 
0.703545 0.366085 0.150628 
0.706179 0.365453 0.149014 
0.707764 0.365274 0.147882 
0.713700 0.363883 0.144181 
0.723386 0.361246 0.138446 
0.727533 0.359825 0.136209 
0.717326 0.361922 0.142761 
0.718849 0.360929 0.142283 
0.720791 0.360363 0.141151 
0.722729 0.360252 0.139687 
0.762777 0.349888 0.115819 
0.812165 0.334242 0.088748 
0.810415 0.333848 0.090158 
0.785510 0.344085 0.101978 
0.753542 0.357633 0.116223 
0.710708 0.370807 0.137944 
0.649199 0.386078 0.169367 
0.548459 0.395728 0.227517 
0.297661 0.379954 0.421744 
0.118384 0.343507 0.653598 
0.085146 0.330381 0.717009 
0.065170 0.323969 0.754824 
0.183529 0.371531 0.551089 
0.449455 0.415805 0.300635 
0.568887 0.409982 0.225439 
0.621588 0.393915 0.194964 
0.661428 0.385389 0.167773 
0.669560 0.383357 0.162613 
0.667455 0.382920 0.164977 
0.690751 0.379242 0.146053 
0.547118 0.398799 0.232607 
0.298521 0.380427 0.419883 
0.168246 0.358588 0.563518 
0.124760 0.345934 0.636991 
0.097529 0.335063 0.692020 
0.080555 0.326229 0.728169 
0.070472 0.321543 0.748357 
0.072511 0.321959 0.743763 
0.082302 0.330439 0.720651 
0.296550 0.387342 0.429814 
0.532315 0.414134 0.245874 
0.591507 0.405936 0.206333 
0.617343 0.400603 0.188168 
0.625569 0.399166 0.181408 
0.626025 0.398801 0.181567 
0.628372 0.397604 0.182380 
0.635566 0.395273 0.179449 
0.639761 0.392296 0.179951 
0.655325 0.388066 0.170472 
0.668821 0.386448 0.159973 
0.664456 0.387998 0.162152 
0.663856 0.389588 0.160757 
0.658612 0.391955 0.162464 
0.647950 0.393876 0.170057 
0.652140 0.395564 0.162695 
0.627326 0.399413 0.174618 
0.596717 0.405368 0.192185 
0.598453 0.405843 0.196923 
0.613160 0.402144 0.191549 
0.627178 0.397317 0.185587 
0.642780 0.393057 0.176218 
0.662859 0.392499 0.157474 
0.641785 0.397000 0.166748 
0.617432 0.402385 0.185968 
0.623007 0.400855 0.183518 
0.628870 0.400410 0.177543 
0.625554 0.400508 0.181358 
0.627621 0.398187 0.183785 
0.634010 0.393555 0.183999 
0.650130 0.387515 0.175956 
0.662451 0.382107 0.170595 
0.677600 0.376991 0.162415 
0.686965 0.373519 0.157701 
0.691859 0.370725 0.156187 
0.700273 0.367965 0.151628 
0.710112 0.365887 0.145284 
0.708386 0.366710 0.146028 
0.705704 0.367937 0.147200 
0.739169 0.360499 0.126153 
0.724933 0.365059 0.133638 
0.698287 0.372330 0.149088 
0.703061 0.371924 0.144955 
0.702162 0.371390 0.144439 
0.667145 0.381252 0.164101 
0.647719 0.386222 0.176961 
0.645752 0.386732 0.178614 
0.649015 0.386101 0.176001 
0.656318 0.383181 0.169446 
0.598488 0.385913 0.205381 
0.186416 0.355004 0.550300 
0.073337 0.324760 0.744205 
0.065767 0.321427 0.762065 
0.064652 0.320935 0.764779 
0.063990 0.320648 0.766215 
0.060328 0.319731 0.773720 
0.061313 0.323024 0.770156 
0.065754 0.322314 0.760229 
0.068347 0.322718 0.755349 
0.067093 0.322543 0.757485 
0.068690 0.325111 0.752037 
0.073289 0.325113 0.743096 
0.072005 0.324343 0.746617 
0.071063 0.325358 0.746809 
0.075830 0.327025 0.736022 
0.080482 0.328797 0.725726 
0.110682 0.343793 0.664424 
0.360343 0.394126 0.373680 
0.494360 0.401683 0.272109 
0.447626 0.386892 0.299123 
0.400332 0.383449 0.333991 
0.264874 0.367465 0.456957 
0.109721 0.337463 0.669499 
0.081659 0.328146 0.725430 
0.075006 0.325612 0.739815 
0.073592 0.325410 0.742205 
0.087011 0.334840 0.710835 
0.097446 0.335408 0.689812 
0.088810 0.330863 0.709811 
0.075827 0.325859 0.738330 
0.069890 0.323344 0.752049 
0.067694 0.322621 0.756433 
0.067679 0.323964 0.754856 
0.074737 0.327848 0.737834 
0.083576 0.330631 0.718468 
0.088731 0.331571 0.708437 
0.107234 0.340427 0.670159 
0.112744 0.339421 0.661264 
0.112458 0.339150 0.662066 
0.116261 0.340717 0.654569 
0.107305 0.337132 0.672532 
0.095267 0.333233 0.696135 
0.084047 0.329140 0.719839 
0.078432 0.327077 0.731839 
0.072151 0.324330 0.746736 
0.066776 0.321916 0.759672 
0.065219 0.321197 0.763495 
0.065112 0.321233 0.763846 
0.065063 0.321260 0.763942 
0.064588 0.321000 0.764941 
0.065605 0.321540 0.762715 
0.064724 0.320971 0.764621 
0.049224 0.313378 0.799691 
0.078426 0.336391 0.735308 
0.086528 0.340380 0.715366 
0.108796 0.348937 0.667691 
0.156949 0.362525 0.584340 
0.380951 0.402914 0.353359 
0.514988 0.411140 0.258827 
0.564938 0.405077 0.224837 
0.583884 0.399580 0.209147 
0.490682 0.391533 0.266022 
0.260799 0.371352 0.458652 
0.130349 0.346425 0.631057 
0.091156 0.333538 0.704304 
0.074587 0.326130 0.738461 
0.076112 0.333955 0.729485 
0.297521 0.394985 0.427639 
0.445206 0.411949 0.302377 
0.541941 0.412556 0.239341 
0.594591 0.401798 0.209651 
0.629170 0.392367 0.188808 
0.649924 0.385619 0.177673 
0.665998 0.379328 0.170166 
0.681513 0.374868 0.161115 
0.692368 0.372522 0.154063 
0.713110 0.368406 0.140213 
0.712606 0.369125 0.139380 
0.693646 0.374446 0.149699 
0.681362 0.377374 0.155862 
0.657583 0.383654 0.170343 
0.647537 0.386113 0.177710 
0.659358 0.382921 0.168224 
0.620334 0.383926 0.191699 
0.519072 0.387897 0.253299 
0.375380 0.379692 0.355935 
0.247968 0.365228 0.474597 
0.212136 0.360716 0.514111 
0.205292 0.360020 0.522079 
0.125921 0.341971 0.640385 
0.088307 0.330595 0.711249 
0.082642 0.328931 0.722137 
0.085915 0.331070 0.713862 
0.093796 0.333857 0.697456 
0.095669 0.333712 0.694672 
0.094587 0.333367 0.696825 
0.100692 0.336254 0.683610 
0.118353 0.342322 0.650149 
0.134898 0.346108 0.622197 
0.118287 0.340199 0.652786 
0.083676 0.328902 0.721154 
0.069782 0.323277 0.752452 
0.066403 0.321758 0.760484 
0.064637 0.321116 0.764076 
0.063105 0.322964 0.765669 
0.078606 0.332674 0.729736 
0.122559 0.348507 0.644287 
0.157023 0.353801 0.586940 
0.211416 0.363896 0.513588 
0.382726 0.391103 0.349965 
0.502340 0.399810 0.265033 
0.548368 0.398421 0.234758 
0.563617 0.395867 0.224157 
0.544142 0.390786 0.235277 
0.494892 0.388630 0.267589 
0.393128 0.381485 0.341958 
0.176638 0.353268 0.563336 
0.101175 0.334912 0.685537 
0.088200 0.330734 0.711011 
0.089707 0.332072 0.706385 
0.116609 0.343107 0.653012 
0.131591 0.344780 0.628247 
0.097548 0.333777 0.692526 
0.080336 0.327686 0.728279 
0.072849 0.324662 0.745116 
0.066301 0.321723 0.760744 
0.064489 0.320869 0.765154 
0.063919 0.320661 0.766351 
0.063264 0.320482 0.767600 
0.063056 0.320568 0.767740 
0.063249 0.323964 0.765354 
0.074671 0.329518 0.738006 
0.076656 0.326294 0.736198 
0.069721 0.323276 0.752526 
0.065573 0.321371 0.762517 
0.064073 0.320647 0.766193 
0.063945 0.320642 0.766494 
0.063938 0.320675 0.766507 
0.064125 0.320790 0.766129 
0.064525 0.321083 0.765241 
0.065988 0.322089 0.761943 
0.066637 0.322482 0.760502 
0.068477 0.324006 0.756190 
0.066159 0.322774 0.761128 
0.057811 0.324207 0.780833 
0.083754 0.338638 0.726056 
0.072715 0.332126 0.746950 
0.220814 0.381815 0.515563 
0.535528 0.415845 0.249274 
0.617068 0.394132 0.198791 
0.655428 0.383232 0.175589 
0.676503 0.375809 0.164559 
0.689317 0.371835 0.157382 
0.703326 0.369026 0.148149 
0.755786 0.355533 0.116452 
0.693999 0.370825 0.150595 
0.520793 0.389275 0.252335 
0.286713 0.371536 0.433512 
0.169062 0.353085 0.569957 
0.121828 0.342143 0.643979 
0.093160 0.333307 0.699992 
0.078306 0.327455 0.731029 
0.070783 0.327420 0.743105 
0.077254 0.330328 0.727562 
0.080104 0.329223 0.723871 
0.076601 0.327549 0.732230 
0.071835 0.325776 0.742077 
0.081975 0.336193 0.715714 
0.218033 0.378739 0.507042 
0.202187 0.371427 0.514346 
0.201361 0.368960 0.513610 
0.238901 0.377890 0.468754 
0.357644 0.398310 0.359364 
0.458255 0.409055 0.286132 
0.434495 0.401738 0.295228 
0.235170 0.371320 0.486727 
0.102369 0.337016 0.683653 
0.080244 0.326660 0.728891 
0.073680 0.322627 0.743462 
0.067981 0.319995 0.754743 
0.067931 0.321556 0.753013 
0.085698 0.330850 0.714100 
0.217056 0.370171 0.514569 
0.520307 0.412135 0.256069 
0.592616 0.404082 0.207558 
0.624815 0.396883 0.186959 
0.640049 0.392867 0.178306 
0.648875 0.389996 0.173929 
0.653215 0.387442 0.173099 
0.665450 0.383918 0.165869 
0.670535 0.382075 0.163294 
0.677498 0.380636 0.158635 
0.700530 0.380304 0.138781 
0.676912 0.388130 0.149352 
0.641212 0.397406 0.170730 
0.633137 0.400102 0.172477 
0.562757 0.400009 0.219472 
0.420670 0.389692 0.314898 
0.260669 0.365715 0.458738 
0.141705 0.339383 0.613916 
0.121250 0.335691 0.646968 
0.220884 0.367227 0.511463 
0.568328 0.403013 0.230943 
0.656001 0.380908 0.177425 
0.689891 0.369957 0.158411 
0.719680 0.362419 0.139937 
0.762778 0.354386 0.111095 
0.715097 0.370044 0.136387 
0.663838 0.385591 0.165208 
0.655071 0.381898 0.177275 
0.697825 0.367409 0.154013 
0.711212 0.363515 0.146319 
0.725640 0.360186 0.137270 
0.729672 0.359666 0.134441 
0.726994 0.360950 0.135588 
0.741983 0.357899 0.125977 
0.773192 0.349949 0.107280 
0.750837 0.357531 0.118349 
0.714881 0.369699 0.135974 
0.682702 0.378769 0.152915 
0.657321 0.385244 0.168463 
0.647489 0.385720 0.172033 
0.563079 0.390084 0.222329 
0.388273 0.383645 0.342113 
0.286004 0.374390 0.427623 
0.226370 0.366109 0.490746 
0.200191 0.362480 0.522296 
0.366880 0.395710 0.360805 
0.464689 0.403432 0.288162 
0.433150 0.392583 0.303944 
0.367945 0.383982 0.354080 
0.373717 0.388187 0.349340 
0.371210 0.387393 0.351171 
0.273825 0.371760 0.441033 
0.157643 0.351672 0.587041 
0.105206 0.337911 0.675209 
0.084808 0.330785 0.714904 
0.076898 0.327568 0.731895 
0.070863 0.325945 0.743286 
0.076007 0.331857 0.728472 
0.125687 0.354114 0.631866 
0.221004 0.377774 0.497117 
0.328407 0.394671 0.386784 
0.414968 0.403992 0.316246 
0.481393 0.408510 0.270429 
0.534211 0.409510 0.238662 
0.553913 0.406388 0.224206 
0.588890 0.403169 0.210992 
0.626037 0.391511 0.192969 
0.656863 0.382599 0.174782 
0.683033 0.376764 0.157545 
0.705119 0.371477 0.141705 
0.666855 0.379932 0.162188 
0.610263 0.387587 0.193763 
0.423422 0.385727 0.317413 
0.172580 0.354919 0.567660 
0.095763 0.334857 0.695887 
0.077069 0.327078 0.734918 
0.066430 0.321867 0.757527 
0.071784 0.324056 0.747867 
0.068501 0.321731 0.755600 
0.053455 0.318328 0.787208 
0.098716 0.345112 0.688693 
0.100313 0.344742 0.676474 
0.095039 0.333110 0.697780 
0.073370 0.321363 0.744816 
0.069984 0.319599 0.752146 
0.069140 0.318883 0.753728 
0.075711 0.326998 0.737829 
0.140880 0.353080 0.622979 
0.157371 0.354025 0.594078 
0.209756 0.364638 0.523971 
0.149988 0.344864 0.599671 
0.157469 0.350131 0.588877 
0.299998 0.384372 0.431435 
0.199641 0.358884 0.530702 
0.130724 0.341177 0.630956 
0.142439 0.350171 0.611849 
0.352082 0.396686 0.389494 
0.457380 0.405888 0.307680 
0.558890 0.402854 0.238957 
0.653444 0.380937 0.179573 
0.686127 0.371613 0.160334 
0.696541 0.368672 0.154206 
0.701210 0.367313 0.151500 
0.702971 0.366571 0.150693 
0.705637 0.365542 0.149375 
0.709138 0.364833 0.147107 
0.718100 0.362602 0.141622 
0.726170 0.360374 0.136866 
0.731367 0.358882 0.133850 
0.725568 0.360221 0.137449 
0.721531 0.360892 0.140158 
0.724957 0.359652 0.138340 
0.736591 0.356195 0.131609 
0.743135 0.354255 0.127774 
0.753150 0.351552 0.121690 
0.725114 0.359591 0.138089 
0.717235 0.361748 0.142855 
0.732551 0.358140 0.133325 
0.792186 0.341976 0.098328 
0.781829 0.346386 0.102955 
0.715614 0.369384 0.136552 
0.515043 0.402368 0.252861 
0.090100 0.329264 0.708439 
0.075434 0.322262 0.740054 
0.091614 0.337193 0.704266 
0.206674 0.370876 0.524242 
0.467865 0.411525 0.287308 
0.583434 0.406704 0.216374 
0.631277 0.390230 0.190208 
0.667148 0.378599 0.169957 
0.691480 0.370179 0.156962 
0.704026 0.366338 0.149891 
0.710135 0.364970 0.146048 
0.729982 0.360618 0.133467 
0.775156 0.348932 0.106679 
0.755878 0.355963 0.116167 
0.738991 0.361688 0.124392 
0.690087 0.374718 0.153510 
0.676203 0.376807 0.163721 
0.693361 0.373367 0.152179 
0.717267 0.366412 0.136649 
0.677946 0.378177 0.157707 
0.652135 0.384719 0.175441 
0.657421 0.383602 0.171880 
0.658459 0.383552 0.170725 
0.658951 0.379040 0.168924 
0.474823 0.386284 0.283808 
0.235008 0.363058 0.490122 
0.194440 0.357789 0.536075 
0.227006 0.365710 0.494886 
0.212708 0.361032 0.513041 
0.116496 0.339414 0.656970 
0.085777 0.329693 0.716486 
0.080316 0.328075 0.727048 
0.078297 0.327085 0.731913 
0.074115 0.325199 0.741892 
0.069882 0.323339 0.752004 
0.066936 0.322014 0.759296 
0.065577 0.321347 0.762547 
0.063862 0.320407 0.766324 
0.065315 0.321221 0.763243 
0.065545 0.321338 0.762809 
0.066663 0.321977 0.760431 
0.066979 0.322065 0.759822 
0.067433 0.322279 0.758815 
0.064173 0.320537 0.765717 
0.063926 0.326872 0.767303 
0.095404 0.343319 0.700968 
0.068790 0.328511 0.747678 
0.073627 0.326431 0.735950 
0.078373 0.328310 0.724968 
0.094129 0.337032 0.690219 
0.119944 0.345341 0.641297 
0.338496 0.394881 0.384364 
0.559075 0.413864 0.229695 
0.609518 0.398667 0.201144 
0.644476 0.387094 0.181543 
0.675849 0.379433 0.161469 
0.679722 0.377469 0.160081 
0.679806 0.375101 0.162375 
0.692274 0.370640 0.155914 
0.700933 0.367594 0.151416 
0.705954 0.366730 0.148033 
0.721133 0.363722 0.138130 
0.711364 0.366802 0.143508 
0.707444 0.368528 0.145216 
0.695946 0.371966 0.151690 
0.688991 0.374290 0.155352 
0.686786 0.375538 0.155905 
0.687672 0.376110 0.154250 
0.689750 0.376055 0.151602 
0.684191 0.374534 0.154914 
0.640584 0.381935 0.179750 
0.596112 0.387692 0.204484 
0.581319 0.394564 0.213327 
0.584835 0.395016 0.211582 
0.571167 0.390751 0.218652 
0.528805 0.389367 0.245783 
0.357571 0.378078 0.371929 
0.152915 0.348406 0.597548 
0.082687 0.328538 0.723384 
0.066896 0.321986 0.759313 
0.064690 0.320970 0.764657 
0.064190 0.320755 0.765835 
0.063972 0.320659 0.766348 
0.063893 0.320607 0.766623 
0.063749 0.320552 0.766992 
0.063790 0.320618 0.766886 
0.062368 0.320013 0.769921 
0.057432 0.320152 0.780229 
0.061210 0.324330 0.770967 
0.063260 0.321549 0.766040 
0.067033 0.322081 0.758768 
0.065487 0.321323 0.762753 
0.064794 0.321019 0.764449 
0.064374 0.320828 0.765406 
0.063336 0.320270 0.767657 
0.062787 0.319934 0.768835 
0.060014 0.318633 0.774791 
0.056900 0.318603 0.780971 
0.060877 0.319031 0.772186 
0.066792 0.321892 0.759999 
0.066158 0.321510 0.761644 
0.064966 0.320950 0.764101 
0.057194 0.316244 0.781452 
0.049021 0.312289 0.800076 
0.048906 0.313278 0.799706 
0.065779 0.328242 0.759568 
0.170078 0.369191 0.575272 
0.097472 0.340872 0.679786 
0.095313 0.333663 0.697252 
0.077145 0.324040 0.736132 
0.071748 0.320755 0.748145 
0.069008 0.318726 0.754340 
0.069029 0.318708 0.753849 
0.072331 0.322776 0.744960 
0.113828 0.344949 0.665948 
0.176995 0.362812 0.570638 
0.232149 0.372659 0.501179 
0.287476 0.380474 0.441709 
0.272613 0.374519 0.451807 
0.379611 0.393222 0.361213 
0.547078 0.403964 0.246670 
0.644155 0.383641 0.184938 
0.681933 0.373073 0.162523 
0.696749 0.368930 0.153767 
0.704509 0.366662 0.149290 
0.708310 0.365286 0.147336 
0.714109 0.363413 0.144136 
0.723258 0.360766 0.138823 
0.722190 0.360636 0.139775 
0.727764 0.358879 0.136624 
0.765576 0.348130 0.114342 
0.777749 0.346289 0.105583 
0.736166 0.359785 0.128186 
0.704467 0.367826 0.147810 
0.706534 0.367009 0.146837 
0.715680 0.365137 0.140751 
0.720139 0.365564 0.136573 
0.720565 0.368331 0.133700 
0.714795 0.373925 0.133272 
0.694708 0.381792 0.141569 
0.643177 0.395045 0.167974 
0.596694 0.405107 0.190043 
0.583680 0.408869 0.201136 
0.586332 0.408510 0.200428 
0.562387 0.406532 0.210907 
0.414600 0.389636 0.321986 
0.222850 0.359851 0.502011 
0.161772 0.347167 0.580982 
0.132723 0.338459 0.627412 
0.096974 0.327267 0.693242 
0.086413 0.325950 0.714792 
0.097959 0.336580 0.690521 
0.136749 0.352057 0.624877 
0.149303 0.354330 0.603873 
0.451391 0.406923 0.313813 
0.642986 0.383598 0.186063 
0.692206 0.369586 0.157014 
0.708100 0.364598 0.148109 
0.711164 0.363723 0.146342 
0.716096 0.362144 0.143583 
0.729527 0.358276 0.135748 
0.801810 0.336267 0.094634 
0.811208 0.332974 0.089212 
0.771618 0.350811 0.106794 
0.733673 0.366974 0.123853 
0.689801 0.380700 0.147482 
0.677958 0.385465 0.152596 
0.670189 0.388697 0.153864 
0.639789 0.394928 0.175238 
0.639656 0.393466 0.178269 
0.655516 0.391890 0.164736 
0.612913 0.392922 0.191791 
0.434302 0.384026 0.309507 
