53.6198
51.6849
50.7638
51.7769
51.2243
52.3391
51.6849
51.5929
49.6582
47.364
47.0324
47.5298
42.5826
43.8541
41.4585
46.1757
46.2954
47.0601
48.267
47.7511
50.5794
48.9302
48.2761
49.2896
51.1321
51.5099
52.3206
51.8786
50.8742
53.0578
53.3526
55.2781
55.0937
55.9229
55.9229
55.9229
55.7479
57.5813
54.0436
53.7119
52.5694
54.1448
52.7262
51.6113
50.2109
52.2746
52.7906
53.0669
54.2647
50.9756
52.5879
48.9763
48.5802
51.0862
52.5326
54.8265
55.0477
55.0937
55.7388
56.8904
56.2915
57.0008
57.5904
57.4984
57.7656
56.7519
56.3928
55.7774
55.0442
56.3898
58.097
58.1341
58.6446
60.556
60.1291
57.763
58.4589
59.257
57.8094
60.9085
60.686
61.7995
62.9315
61.1962
61.9294
61.6231
62.4583
62.6346
62.4119
64.5832
66.8936
66.3463
66.3463
64.2121
63.3304
62.6346
61.419
62.7831
59.8044
60.7881
60.5837
58.4218
56.3618
58.3197
57.336
55.3968
54.1905
52.511
52.6037
52.6687
52.7059
54.2648
53.9771
53.8656
51.4437
52.4089
53.3462
54.4503
52.5202
52.1769
53.2626
51.0449
48.4281
47.2775
47.7879
47.8436
47.3238
47.3238
46.5537
47.3238
46.3125
45.6537
43.1854
42.6936
44.2618
42.6008
42.5637
40.5778
40.3645
40.8192
41.8028
44.6329
43.9277
41.1904
38.2211
38.6293
39.1582
39.3439
38.685
37.2561
37.0426
38.7407
39.1582
38.4158
37.5622
38.1375
40.2346
41.014
40.3459
39.1211
39.1582
40.4387
40.6429
40.3366
39.7057
38.787
38.6015
37.4323
37.8499
36.4765
34.6672
36.6992
38.6015
39.5852
36.0961
37.0239
34.4259
36.9312
39.9934
38.8799
36.0312
36.6527
37.9334
35.725
31.3637
33.9154
33.767
30.2039
30.3801
28.0697
26.9283
26.9097
25.9261
26.2602
29.6934
29.2203
23.7918
23.1915
24.011
27.2029
27.4792
25.9166
24.4397
23.2392
21.0573
23.9729
24.7161
26.4787
27.0504
27.6316
29.5754
27.0601
26.2024
25.3926
26.5836
26.9172
25.164
26.0024
25.7737
25.4402
24.3445
23.8205
21.7242
24.8781
25.545
26.2882
25.7737
26.231
24.2969
23.3918
23.6966
22.9534
22.4389
25.2497
25.6023
27.3554
26.7837
26.8791
27.0504
28.4893
28.8704
27.4506
27.3364
25.6118
24.6399
25.8214
25.7642
26.3835
29.0609
30.6426
31.4906
29.5374
30.8521
30.3473
27.9271
28.6798
27.3459
28.0604
28.5845
28.27
27.0219
27.8126
27.8509
28.8228
29.3658
30.595
32.3386
31.4716
30.9666
30.7855
32.31
33.7392
35.2066
36.9217
35.8259
34.7778
33.8059
33.1675
34.673
34.7874
32.5005
33.158
33.3676
30.7093
29.0609
29.0609
29.4135
27.7461
28.2796
31.1477
29.747
28.9657
28.2986
30.3948
30.6998
30.1662
29.3658
29.2324
29.9661
29.6707
30.2996
29.8709
31.7479
30.595
30.6808
31.5286
30.7283
28.9942
29.5374
30.0138
31.9861
32.3481
31.5002
30.8141
31.0618
33.0628
33.0628
33.9204
33.9488
34.1966
34.4138
34.1334
32.7603
33.147
34.085
34.7232
33.7563
33.1663
33.8529
34.8876
38.678
38.3879
38.678
37.2276
37.7594
37.8754
36.8602
35.3904
35.6223
35.3904
37.711
38.0012
38.1173
36.5701
36.5024
36.8312
37.595
36.5991
37.4984
36.7635
38.5814
37.2663
35.7191
36.5314
36.9181
37.1309
37.1406
37.4693
37.2469
36.5121
35.8738
35.5934
35.3807
35.3421
33.4275
33.6982
32.9343
34.0367
33.4566
33.7563
33.3598
33.4855
33.2148
33.0503
32.4605
30.836
31.4839
31.4839
31.426
31.426
31.1551
33.5724
33.6305
33.6015
34.8876
35.2841
34.5684
35.2937
35.5837
35.8255
35.7191
34.9552
35.3904
35.8255
36.8215
36.7635
36.8215
36.309
36.6958
36.5991
35.6708
35.9995
36.9277
37.2276
35.6804
35.4871
35.4679
35.7481
36.2605
36.6958
36.4347
36.338
36.1157
36.6378
35.4679
35.3517
34.8199
35.2743
35.8738
37.0342
36.8891
37.5659
37.1309
37.6143
38.1752
38.9197
38.4363
38.6684
39.3356
40.3896
39.9931
39.2969
39.3453
40.0028
39.6449
39.8287
38.7264
39.6063
40.1286
40.4959
41.4725
42.0624
42.275
42.275
41.8689
43.8028
44.2767
44.2297
45.5591
44.738
45.0703
45.8621
45.0703
45.3538
43.6433
41.7471
45.4516
43.7899
45.4516
45.8817
46.0771
45.7839
47.3577
46.8395
46.7516
45.0606
45.8426
47.6704
48.296
47.4652
47.5727
47.5727
48.0809
48.3547
49.1659
47.6997
48.4817
47.9148
48.7749
48.384
47.8463
46.9667
47.0448
46.6245
47.1133
47.8953
48.2863
49.1464
49.0878
48.8335
47.3185
47.211
47.0546
47.9441
48.5893
48.6772
48.5403
48.384
50.329
50.7983
51.8734
52.0886
52.5967
52.4404
52.2938
52.9389
52.9292
52.2448
52.9779
53.7111
52.2448
50.4366
49.3712
48.3741
47.7095
47.6801
47.8073
49.2539
49.2539
49.1464
46.4876
46.0966
46.429
47.4065
47.4554
48.5697
48.2373
50.1434
50.9938
50.8275
49.8502
49.0878
49.2636
49.5569
49.3126
49.8208
50.8178
50.7103
51.4141
53.0757
52.6848
53.0757
52.3915
51.7073
51.4141
51.7073
52.9975
53.0562
52.5382
51.9712
52.6749
54.5419
54.4442
54.0532
54.5419
55.7638
56.1547
55.8615
56.4284
56.272
56.1938
56.7608
58.0607
57.9532
57.5525
58.0119
58.5006
58.4235
57.6163
56.6024
55.8149
56.0117
55.5196
55.2932
52.4778
52.1234
53.5507
52.2711
50.9717
48.5895
49.8003
49.0915
48.9242
51.0012
50.509
50.3318
49.6033
48.1366
47.3885
45.6757
44.7897
43.1655
46.0694
45.5871
45.9907
45.7445
48.6288
48.1858
49.2195
48.1563
49.1702
46.8471
45.3804
45.8627
46.03
46.8668
47.4377
47.4673
48.1464
47.546
46.7092
46.2663
47.7134
47.2506
47.8314
46.7585
47.3294
46.4435
44.1991
42.9686
43.1556
42.9391
42.3287
42.8603
43.894
44.0416
43.3918
43.4706
43.4805
43.1359
42.181
43.3623
45.8134
46.0792
47.0538
47.418
47.4377
47.2506
48.0874
47.6444
47.7921
49.7412
49.6821
49.6427
49.8593
49.7904
49.9183
49.2195
47.5558
47.9594
48.0382
48.6682
49.2293
49.564
49.0718
48.4713
47.0833
46.0694
45.656
45.144
46.7092
45.4787
46.1482
48.2843
47.8216
47.6444
47.2506
46.4533
46.5616
46.1285
47.4476
47.0538
47.3294
47.0243
46.3942
47.3491
47.4968
48.3532
48.3729
50.0365
50.952
51.3458
51.3753
51.4835
51.9758
52.0151
52.6746
52.8322
52.6451
52.4679
52.7633
52.714
52.9109
53.0652
54.2091
52.916
54.4876
53.6123
53.662
54.1096
54.9054
54.3583
53.3139
53.3139
54.5075
53.9107
55.2933
55.4027
55.8006
55.6016
55.5022
55.7409
54.7064
53.6024
53.5228
54.9451
55.154
55.0048
53.6123
54.975
54.6269
53.8013
53.9206
53.2741
55.0048
55.6016
56.2979
56.5466
56.4172
55.164
55.7707
56.467
57.8794
57.3721
56.4968
56.4471
56.5963
56.1984
56.8847
56.7256
56.5466
54.9352
54.4478
54.8258
55.0347
56.6659
57.8396
58.884
58.1281
57.6904
57.581
58.1877
59.7991
59.3813
59.64
60.17
60.92
59.6
58.6
59
59.4
59.35
58.76
57.07
57.08
58.49
57.4
57.27
56.34
56.76
56.31
54.6
55.31
56.45
57.55
57.36
57.91
57.99
57.4
56.1
54.98
56
55.51
55.7
56.3
55.24
56.18
56.6
55.65
53.62
52.1
52.82
