27.7372
27.9316
27.9316
28.1914
28.1914
28.7179
27.9517
28.0615
26.8929
26.4704
25.9505
25.3662
24.7489
24.7489
24.5545
26.5485
26.4119
26.6979
26.5356
25.6779
24.9911
23.9258
23.8472
23.6917
24.2572
25.7456
27.0654
26.051
26.4541
27.2665
26.5256
27.1689
26.9738
27.611
28.3527
29.1541
29.5651
29.4265
28.2205
28.7267
28.1107
29.2307
28.3753
27.5735
27.2817
28.435
27.4476
27.9716
27.7063
26.3802
27.1757
26.1154
26.4135
25.9162
27.1757
26.8974
26.1813
25.9492
26.5198
27.3583
27.4039
27.5236
27.3583
27.6896
28.0539
27.3914
27.2651
26.8939
26.4027
26.5291
27.8553
28.8505
29.3743
29.0489
28.6179
28.6512
29.1156
29.5861
29.016
31.4514
32.5725
33.0037
31.5839
30.9474
31.3453
31.1131
31.3187
30.7154
30.4497
31.1459
31.1654
31.8161
31.3119
30.5157
30.4165
30.4497
31.3119
32.4064
32.1742
33.4748
32.0238
31.1114
30.8866
32.0238
31.1855
30.4806
29.4519
29.0371
29.701
30.0408
30.1153
30.9032
29.8252
29.6593
28.4561
28.4561
27.6269
28.3734
26.8138
26.9629
27.0464
26.6761
26.6093
25.6629
25.9698
25.8284
26.2274
26.3103
25.9033
25.8617
25.2314
27.564
27.8632
28.7181
28.0703
28.4689
28.4772
27.3155
26.651
26.2356
27.1493
27.7301
27.8132
27.293
26.4211
27.5839
28.0907
27.5839
27.1766
26.5371
26.2959
25.7728
26.4211
26.0055
25.3626
25.2456
26.2973
26.1051
26.3391
25.5042
25.2122
25.4877
26.4228
25.6712
25.4492
25.7332
26.0091
25.1487
25.6411
25.9001
25.1487
25.4407
25.775
25.8169
24.1041
24.4881
23.1261
24.6469
26.7355
25.4827
25.0646
24.8979
25.9001
25.8082
24.2795
26.6523
26.6723
25.0837
23.3027
22.199
21.4883
20.9032
19.8578
19.1391
23.6121
24.5063
21.8142
20.4849
19.2807
20.6607
20.3181
17.8513
16.3795
14.6323
14.6323
15.9282
18.0266
19.9333
19.4816
22.6739
23.7701
21.6863
20.3472
21.0919
21.7615
21.5524
20.0543
21.8951
21.6024
21.5691
19.9199
18.8824
17.3752
20.1299
21.0603
22.6042
22.5021
22.7236
22.0187
22.5732
22.7956
22.9918
23.2224
25.5361
25.3138
25.3567
24.6142
25.6123
23.9058
25.4421
26.0398
25.5278
24.5886
23.444
22.2063
22.1125
22.1125
22.283
24.7295
24.789
25.8084
24.3269
24.4729
24.447
23.4107
22.5548
20.8593
21.2358
20.5079
20.8074
19.3866
20.0374
19.4805
19.9259
19.7974
19.5149
20.9622
20.2939
20.0199
19.4149
19.6974
20.058
20.9143
22.405
22.0623
21.2055
21.1626
20.9743
21.8481
21.7624
20.477
20.3063
20.1172
19.5345
19.3206
19.3636
19.0208
18.0036
17.9177
18.9981
18.8609
19.1183
18.8921
20.0877
20.1301
20.6501
20.7795
20.8752
21.3342
22.0007
21.4378
21.1262
23.161
22.3294
22.4077
23.1171
23.031
22.3643
22.2085
22.567
23.6496
24.256
24.4984
24.5509
24.5155
25.3388
25.3388
25.1657
23.9873
23.9873
24.6803
24.5155
23.6327
23.2251
24.1695
24.767
23.9096
24.4294
26.0579
26.3352
27.7623
28.4464
28.1256
25.996
26.2987
25.6145
25.1994
24.5327
24.8527
24.5843
25.7708
25.502
26.0045
25.9697
26.3073
26.3249
27.3205
27.4417
27.7106
27.6236
28.3858
28.0306
27.3642
27.7105
27.4766
27.5368
27.1909
27.2945
27.7272
26.7749
26.6104
26.4634
26.0993
26.498
26.3076
25.7622
25.7622
26.3508
26.7663
27.2945
26.9305
26.9394
26.8791
26.6711
26.8444
26.42
26.2815
25.9784
25.9784
25.7012
26.775
27.1908
27.0608
28.2036
28.2296
28.3081
29.4336
29.5201
29.3991
29.3553
28.9658
29.2344
29.0957
29.4422
29.7024
30.2998
30.0486
30.9229
31.2434
29.9618
29.7369
29.3732
28.9228
28.2298
29.2257
29.6151
30.0052
29.7885
30.0588
30.4329
31.0952
30.8601
30.8338
30.6403
29.7495
29.6632
29.5192
30.2668
30.6595
31.0426
31.225
31.5604
31.6176
32.0872
32.5183
32.5279
32.7195
32.4799
32.6238
32.0872
31.7615
31.9338
32.6429
33.7254
34.2046
34.3601
34.5039
35.1748
34.6954
33.5932
34.1684
34.5039
34.5998
35.5582
35.4142
35.0788
35.4814
34.7914
34.5039
35.1748
34.8391
34.7914
33.8904
31.6286
33.6701
32.1075
33.8069
34.9001
35.1875
35.034
35.8108
36.2709
36.29
35.2357
36.4148
36.6735
36.8942
36.4341
35.5613
36.3282
36.5202
37.1913
35.9736
36.1944
36.3859
37.7405
38.1719
37.7405
37.6925
38.412
38.22
38.2103
38.4023
38.364
38.1529
38.4693
37.9801
36.9442
36.9057
36.5892
36.6276
36.3208
36.3496
37.0308
37.1075
38.6683
38.9189
38.5815
38.1863
37.6081
37.2804
36.9334
37.0492
36.5384
35.9215
36.2395
36.1432
35.1891
34.5431
34.9383
35.0251
34.5238
35.5551
34.8227
35.49
35.9622
35.8081
34.4295
33.5521
33.4555
34.9498
35.1429
35.7599
35.7502
36.5216
36.637
36.0588
35.6733
35.0791
34.6894
34.6796
35.5564
35.6267
36.2017
36.2017
36.1528
36.3477
36.3281
36.7766
36.9324
37.03
36.4356
36.6498
36.8836
36.5426
36.2501
36.1042
36.6399
36.3379
35.5681
35.9968
36.6399
37.1857
37.5659
38.0042
38.211
38.4547
37.9673
37.6261
38.9713
39.0883
38.5521
38.4352
38.6496
38.5911
37.3823
36.9534
37.285
36.9437
36.9925
36.5149
35.2964
36.1933
36.8463
36.7411
36.858
35.8828
35.766
35.3369
35.2394
36.7508
36.2434
36.1756
35.6392
35.0542
35.0053
34.1181
32.3726
32.0315
32.6651
32.0996
31.3098
32.3628
32.948
32.7627
33.8354
33.164
34.1006
33.408
32.3937
32.9789
32.6764
33.5546
34.0518
33.5056
34.3248
34.4324
34.2761
34.4324
34.5786
34.4324
34.5981
33.5056
33.7494
33.6616
32.2767
31.7011
33.1666
33.479
32.669
33.4497
35.411
36.2014
36.3282
36.4453
36.1819
36.1039
35.1963
36.0061
36.3086
36.1916
37.1771
37.5675
37.6553
37.5675
38.4456
38.4748
38.6308
38.76
37.5788
36.9346
37.0028
37.4324
37.5788
37.403
36.8103
36.9871
37.0461
37.223
37.4684
37.38
36.9379
36.8594
36.604
35.9753
35.9555
35.0616
36.545
36.103
37.154
37.6475
37.2443
37.1954
36.8514
36.8024
36.6253
36.5468
37.8341
38.3746
38.6005
38.2273
38.0305
38.3255
37.7261
37.9816
38.2764
37.9816
38.0305
38.3746
39.0724
39.7701
40.1142
40.1633
41.1662
40.8024
40.8812
41.7757
41.4612
41.943
41.6383
42.051
42.2773
41.4316
41.8347
41.3039
41.6773
41.7856
41.6871
40.8418
40.4483
40.8024
41.5813
41.4535
42.3878
42.7713
42.8107
41.6599
42.1418
41.306
41.306
40.4699
40.4208
40.8241
41.2371
40.5979
39.5258
39.87
39.8012
39.4374
38.9456
38.6013
39.3609
39.4987
38.8887
38.5346
38.6623
38.2983
37.7671
37.7671
37.8754
38.0426
37.8261
37.5212
37.8754
37.0491
37.9049
38.7903
38.6919
38.0229
38.0032
38.8494
39.1445
39.2482
39.5648
40.1582
39.2087
38.2494
38.556
38.7933
39.8121
38.9416
39.1791
38.6251
38.1306
37.7151
36.7953
36.8052
37.0722
36.5479
36.6964
35.8952
35.2028
35.7193
35.3829
35.0168
34.0471
34.3934
35.4225
34.5914
34.3934
35.7292
35.9963
36.6296
37.4508
37.807
37.6389
37.0551
36.2437
36.4218
36.0854
35.9271
36.6098
35.8299
35.9585
36.8394
36.9582
36.21
34.82
35.68
