38.3554
36.4735
35.4025
37.3473
38.0508
37.6835
36.5453
36.4689
34.8631
33.5501
31.8636
32.2908
29.8937
32.8124
32.2504
34.5125
36.3699
36.3382
37.1613
36.1585
36.7432
35.4387
36.5408
36.7881
37.4042
37.4806
38.0293
37.5663
37.2377
38.2047
38.3621
38.4522
37.7821
37.9125
37.89
37.9574
38.5419
38.7445
36.6307
36.3834
35.3714
36.2484
35.5334
35.1511
34.4945
35.8481
35.6727
35.205
34.5125
33.2038
33.7076
31.2114
31.2114
31.4813
33.1452
33.6848
32.8798
32.6551
33.2758
34.0716
34.9758
35.394
35.5288
35.3937
36.0655
36.0879
36.2188
35.4162
37.4089
37.8462
37.6028
38.3694
38.4594
38.8653
38.3332
37.5127
38.0087
38.4053
36.8814
38.0536
38.7751
39.5417
40.5786
40.4432
40.5786
41.1827
41.255
42.3371
41.7508
42.4813
43.4191
45.0874
46.5842
47.3506
45.5924
46.5029
44.997
45.98
44.4921
44.1855
44.898
42.7877
40.8311
42.8871
42.9142
42.8147
41.4804
40.9394
40.7408
41.3904
41.3
41.7058
40.9394
39.5866
38.8923
39.5778
39.4695
40.5335
40.4885
40.8491
41.6699
41.5615
39.6589
38.3694
38.9554
37.8102
36.6199
36.1149
36.6109
36.8634
36.5658
35.8626
34.0861
34.4467
34.9517
33.7523
32.5531
31.1102
31.1102
31.4258
31.3808
32.9137
32.3729
31.1192
29.6584
29.0363
30.0281
30.5331
30.2537
29.487
29.8207
30.4339
30.1542
29.4601
28.5672
29.4241
30.8486
31.9127
31.8227
30.488
30.8309
31.7415
31.8768
31.471
30.8486
30.0372
29.3969
28.36
28.7297
27.2868
25.5645
25.8622
28.3148
29.7577
26.8721
28.2247
26.8721
29.0363
31.543
31.471
29.9832
31.1013
32.5079
31.9487
29.5324
31.6513
31.471
28.9009
27.9541
27.0523
25.5195
24.0768
23.3371
21.6419
24.2568
24.6177
21.6419
20.0188
20.7312
22.8953
22.5438
20.9207
20.4697
18.3956
16.3307
18.0801
19.2974
20.6049
21.0197
20.8666
22.6337
21.8673
20.65
20.9746
21.5968
21.5608
18.594
19.0268
18.7205
18.4408
17.3587
16.6823
15.2306
17.3406
17.4579
18.5039
17.9899
18.0888
16.5921
16.5019
17.4129
16.7726
16.3758
18.2242
18.1342
19.7844
20.136
20.3795
20.65
21.4615
21.9576
21.1911
21.0558
19.9646
19.8385
20.5598
21.0459
21.3449
22.9335
23.4568
23.784
22.8494
23.8308
23.7373
22.1952
22.3824
21.7747
22.5223
22.6905
22.27
21.5504
22.6718
22.0925
22.0459
22.2419
22.3353
23.5503
23.3913
23.3913
23.0736
23.9054
24.0178
24.298
25.326
25.597
25.0457
25.1109
24.952
25.7933
26.0923
24.6718
24.1952
24.5784
24.0923
24.5314
24.7839
24.6718
23.3822
23.1764
24.6437
24.298
23.9896
24.0178
25.2979
25.4286
25.7464
25.8868
25.41
26.1485
26.4474
27.3352
27.1952
28.8397
28.3632
28.438
28.3818
27.6624
26.8958
26.681
27.4754
28.5035
28.4101
28.3071
28.0079
27.924
29.1627
29.1627
29.1155
28.8412
28.3495
28.3684
27.9145
27.2338
27.0539
27.6782
27.7159
27.1296
27.2621
28.1226
27.9334
29.9097
30.3353
30.7799
30.2408
31.2052
31.0823
30.5905
29.768
30.0137
29.5978
30.9311
30.9405
31.347
30.7324
31.0823
31.158
31.9051
31.9051
32.7657
32.5764
33.3236
32.6712
31.347
32.2361
32.132
32.0374
31.6876
32.0374
32.1036
31.4889
30.7799
30.3069
30.0327
30.2124
29.1818
29.6924
29.3141
30.4961
30.4961
31.2527
30.6853
30.0705
29.5409
29.3235
28.6837
28.0248
27.7959
27.7959
28.3305
28.4451
28.254
29.3713
29.5525
30.0778
30.4598
30.3834
30.2591
30.9372
31.0327
30.9849
30.3166
29.5049
29.8105
30.0492
31.0422
30.6699
30.8608
30.4598
30.5552
30.6508
29.8105
30.4501
31.023
30.8893
30.5552
30.8608
31.3191
31.5578
32.1117
31.892
31.7298
31.6725
31.3765
31.0805
29.9632
30.1733
30.6985
30.7367
31.0422
31.3955
31.5101
31.8348
31.6437
31.7392
31.892
32.7992
32.7514
33.0855
33.0379
33.2576
32.7132
32.2741
32.57
33.3147
33.2001
33.4198
32.6995
32.8052
33.0835
33.122
33.2855
34.044
34.2265
34.2265
34.3994
34.7164
35.1484
34.9563
35.8783
35.0523
35.2444
35.5325
35.0523
35.2444
34.5241
32.882
34.6298
33.6503
34.1401
34.284
34.9563
34.6202
35.6094
35.9263
36.1088
35.3885
35.6575
35.8974
36.8769
36.685
36.973
36.973
37.3092
37.5972
37.8854
36.9251
37.3572
37.2612
38.2119
37.8469
37.7413
36.8769
36.8769
36.0991
36.0991
36.2623
36.3008
36.3969
36.493
36.3584
35.4078
35.1292
33.9897
35.0905
35.4381
35.4865
35.5348
35.4286
36.0369
35.7279
36.2107
35.8727
35.6795
35.5638
35.1099
35.0519
34.4436
34.5209
35.2933
35.1292
34.2312
33.1497
33.5552
32.7345
32.9373
33.4201
32.9951
33.1207
32.9276
32.8697
31.1894
30.4362
30.6488
31.1315
31.5178
32.213
32.6378
33.0724
33.4973
33.169
33.4587
33.0146
32.7731
33.1979
33.4201
33.7291
33.9125
33.9416
33.9897
34.5787
34.4726
35.2451
35.7279
35.7761
35.7858
35.5058
35.9308
35.8727
35.7472
34.9844
34.9939
34.5885
34.8491
33.9897
33.3139
33.7
33.6036
34.1733
34.5209
34.7719
34.8395
34.5692
34.5787
34.0187
33.2077
33.0146
33.0724
32.4447
31.817
32.3965
33.1207
32.6861
33.0752
32.4039
31.227
31.509
32.122
31.9078
30.6432
29.6121
29.3882
28.9992
28.9408
29.33
28.8143
29.0868
29.184
29.2716
29.0381
28.4253
27.7736
26.6839
26.8298
26.6044
26.0165
26.5065
27.2512
27.6334
29.0052
28.0744
28.5153
28.6622
28.9268
29.0641
28.9562
29.2992
29.0249
28.4663
28.4172
29.0542
28.9268
28.8975
28.8093
28.5252
27.9274
26.9377
27.3493
26.869
26.2909
26.3203
25.9186
26.2321
26.0067
26.5065
26.8494
27.0258
26.6829
26.7515
26.7515
26.5653
26.3008
26.4085
27.0944
26.9474
27.4178
27.2316
27.3394
27.4178
27.2414
27.1826
27.2904
28.0701
28.7018
28.9584
29.0473
28.7117
28.455
28.0406
27.1424
27.172
27.3003
27.251
27.9319
27.32
26.4318
26.4318
26.3133
25.8
25.7409
25.3658
26.2146
25.119
25.7211
26.6784
27.241
28.4255
28.7117
27.4681
27.241
27.1621
27.9319
26.5008
26.106
26.0172
26.0962
26.7476
26.0073
25.6421
26.4515
25.958
26.1553
26.3528
27.1424
26.9351
27.1424
27.0239
26.6291
25.5237
24.971
25.6619
25.5138
25.3756
26.0962
25.9481
26.0567
24.9512
24.665
23.8458
23.8951
24.2504
25.5138
25.8494
25.9185
25.5138
26.1455
26.7905
27.2866
27.0385
27.3163
26.9095
26.9194
26.5126
25.6494
25.2029
25.2525
25.699
25.5005
24.8655
24.4587
25.0441
24.6571
24.4091
24.5083
24.3992
25.064
25.2029
25.5005
25.6593
25.1533
24.806
25.2029
25.5005
25.7089
25.6295
25.1731
25.1533
25.7387
25.3716
25.57
25.72
25.75
26.05
26.66
26.97
27.29
27
26.9
27.22
27.11
26.73
26.98
27.15
27.9
27.31
27.55
27.45
27.72
27.3
27.27
27.05
27
26.83
26.87
26.67
27.09
27.64
27.8
28.03
27.62
27.22
26.96
26.18
26.27
26.4
26.75
26.97
27.31
27.25
27.37
27.4
27.77
28.71
28.37
28.6
28.58
28.29
28.9
28.96
29.08
28.55
28.12
28.17
