23.8851
23.1766
22.0546
22.837
23.5397
23.0289
22.4592
23.7375
23.3271
23.457
22.3204
23.8556
21.907
22.4385
20.9918
22.4385
22.8813
23.8112
24.3575
24.3575
25.9666
26.2471
27.3985
27.1475
27.2509
27.6052
27.679
27.2804
27.5756
27.4723
27.5461
28.9484
30.5518
30.9149
31.1481
30.9562
30.0262
29.725
28.9338
30.41
30.7495
30.5577
30.1768
29.6128
28.1218
29.6424
30.2624
30.5871
31.0005
29.7605
30.9384
30.1117
29.5538
29.0815
30.2181
29.9524
29.7688
29.742
29.3248
30.4722
30.5288
31.2471
32.1559
31.9026
32.4241
31.8639
31.9444
31.2916
30.782
31.5092
33.5268
32.4688
32.1263
33.0799
33.1959
33.3779
33.9591
34.3912
32.8861
36.2805
35.9407
36.0302
36.9913
36.9019
37.5277
38.3994
39.0475
38.8912
38.8955
40.0086
41.6626
42.2884
41.2335
39.6957
39.6509
39.8968
39.1147
40.0086
39.11
39.1147
38.8912
38.4441
36.9465
38.4217
38.7794
38.4887
37.7735
37.2817
37.55
37.2505
36.969
38.8464
37.7735
38.1312
36.1061
35.0153
34.4253
36.2536
35.3595
35.6278
35.3149
33.7056
32.141
30.487
29.9506
31.2916
31.1397
32.8607
33.0307
33.0799
32.8831
33.5715
32.0918
31.7298
32.7221
31.5823
31.171
29.0789
27.9614
28.1402
29.1907
31.6493
30.8447
29.1683
27.2237
27.4919
27.3579
27.3355
26.8616
25.7709
24.9888
25.1719
25.0333
24.0946
23.5582
23.5314
25.0787
25.9316
25.5439
25.0878
24.7
25.3158
25.7674
26.0913
25.9545
24.3123
23.3452
22.0087
21.8948
21.5754
19.7053
20.1159
20.3484
20.9825
19.4818
19.2081
17.3288
18.1545
21.4387
21.393
20.1386
19.7783
21.0281
20.832
17.7576
18.4783
18.0266
16.3755
15.6457
13.9123
13.1734
12.0877
12.179
12.3158
13.9123
14.3228
12.2428
12.4298
12.544
13.6842
13.5109
11.7685
11.5495
10.9018
10.3772
12.0742
12.772
13.6842
12.772
12.6215
13.0912
11.9372
11.1754
10.952
11.0523
11.0614
10.0352
10.4319
9.9439
9.8709
9.7387
9.1821
8.7351
9.9668
10.2404
10.7148
10.628
10.66
10.3088
10.1629
10.2404
10.3088
10.1263
11.6863
11.9509
12.4526
12.4983
12.5393
12.2245
12.991
13.0001
13.0456
13.0229
12.3067
11.472
11.586
12.2885
12.4655
13.4948
14.3832
14.6512
14.1246
14.7076
14.4349
13.8427
13.7863
13.18
13.6547
14.073
13.9838
13.3022
13.8192
13.8756
13.3022
12.9167
12.9684
13.6688
13.7253
13.5653
13.2129
13.3068
14.0072
14.5195
15.046
14.3597
13.8662
13.476
13.2552
13.6782
13.509
12.9026
13.0671
13.0484
12.6911
12.3198
12.3105
12.1881
11.516
11.5629
12.503
11.7322
11.6539
11.1599
11.8553
11.7978
11.7595
11.7498
11.3182
11.1743
11.2702
11.9897
12.3541
13.1119
12.9489
13.3325
14.2581
14.3635
13.5004
14.1477
14.3827
15.2748
15.2556
15.059
14.8143
14.9631
15.2028
15.2028
15.1069
14.7712
15.011
15.9702
16.6464
15.8359
16.0709
16.2819
16.1907
15.2892
15.0351
15.2748
15.4426
16.397
16.3586
16.5984
16.2771
16.7854
17.217
16.6655
16.0229
15.3947
15.3228
16.2099
16.8813
17.1308
16.632
16.6177
16.9581
17.15
17.1836
17.8166
18.9436
19.5478
19.7494
18.8716
19.0395
19.3513
19.8789
19.6151
19.6725
19.9988
19.3033
18.6271
18.5983
18.6318
18.7709
17.9173
18.2962
18.608
19.6631
19.8309
20.5742
19.9556
20.4783
19.8069
19.5336
19.6582
19.0683
18.7758
18.7758
18.0276
17.03
16.9581
17.7639
18.2243
18.464
18.9579
19.6486
19.9076
20.6221
20.085
20.0659
20.6221
20.3344
21.0682
21.236
21.8451
21.6239
21.6722
21.7925
22.3127
22.6161
22.5969
23.3626
24.1283
23.4108
22.5776
22.2019
22.0092
22.5631
23.2614
22.8088
22.4668
22.1875
22.1539
21.9226
21.3351
21.0221
20.7089
20.839
21.1906
22.0719
21.7925
21.7685
21.5758
21.6433
21.7878
22.6305
22.5198
22.6354
22.6642
22.9339
22.5872
22.4475
22.5872
22.7125
22.5969
22.4957
22.0768
22.2983
22.6354
22.5391
22.8762
23.5505
23.9308
23.9308
24.2054
25.4287
25.6213
25.2361
26.1029
25.1157
25.1446
25.0386
24.5667
24.61
23.5263
22.0092
22.6642
22.1539
22.1104
22.3463
22.5872
23.0207
23.7816
24.0078
24.0321
23.117
23.5986
24.1765
24.1765
24.0657
23.8008
23.8008
23.743
24.215
24.8026
24.321
24.2969
24.6581
24.8316
24.8748
24.7545
24.6341
25.029
24.2246
23.8393
23.9165
24.3306
24.2728
24.2535
23.7816
23.5505
23.0447
22.4908
23.141
23.2663
23.5023
23.9646
24.1033
24.889
24.9622
24.9379
25.1721
24.8158
24.8842
24.2057
24.2546
24.3912
24.5475
24.4498
24.6939
23.7617
22.5953
22.693
22.7125
23.1809
23.7421
24.2057
24.6011
24.6889
24.4986
23.547
23.2785
22.937
23.1078
22.937
22.9127
22.5221
23.5763
24.0594
24.157
24.0106
23.5957
23.0834
24.279
25.0452
25.3771
25.3771
25.1331
25.621
26.4702
26.6849
27.6219
27.8171
27.6219
27.134
27.1485
27.7683
27.6171
27.3779
27.0364
26.7435
27.3047
27.5732
27.5701
27.7952
29.3855
29.5079
29.8113
30.7802
30.8585
29.8259
29.3366
29.9629
29.9483
29.6302
30.2566
30.0951
29.4003
29.4051
28.6614
28.5537
28.676
28.5928
28.5048
27.5015
27.6973
28.3971
27.4575
26.9828
26.2293
25.9455
25.1772
24.6193
26.0335
25.7888
25.9455
25.1037
24.541
23.5672
22.5738
22.0208
21.1155
22.2165
22.1236
21.37
21.5315
22.4025
22.1676
22.4612
22.0697
22.3878
21.4825
20.5087
20.9051
20.9883
22.2165
22.5151
22.7549
23.1218
23.0485
22.8674
22.8234
23.0387
23.2442
24.1348
24.5997
24.9863
25.2261
24.3208
23.5427
24.1397
24.3844
24.3452
25.0059
25.5441
25.8965
25.456
24.6633
23.9048
23.6357
23.1414
23.8363
24.7025
25.3533
25.6909
26.058
26.0629
26.3271
25.9259
25.3973
24.2131
24.4187
24.5703
25.3729
25.1087
24.7123
24.5312
24.223
23.5623
23.988
23.4645
23.391
23.6308
23.4301
23.0289
22.6081
22.701
22.701
22.2117
21.4874
22.0404
21.5315
21.5461
22.1921
21.9475
21.7761
21.8251
22.0991
22.148
21.8349
22.0257
21.6293
21.458
21.7027
21.3847
21.8251
22.1921
22.2117
22.0942
21.7027
22.0208
22.6081
22.0697
22.2165
22.1089
21.9229
22.1187
21.6293
21.0715
21.1056
20.9274
20.7195
20.8581
21.3729
21.066
20.571
19.8286
19.789
20.383
19.9276
19.8583
19.8484
20.7492
21.0165
21.2739
21.2442
22.1055
22.056
22.7093
22.2342
22.5311
22.3232
21.9471
21.1749
21.1254
21.4026
21.3828
20.482
19.6504
20.0167
19.7791
19.1554
19.0762
18.512
18.7693
18.7099
18.5912
19.2544
19.2049
18.7099
18.6605
18.9772
19.7098
19.3732
18.9376
18.898
18.9475
18.7099
19.294
18.9079
18.7792
18.512
18.1259
18.6308
19.16
19.18
19.94
20.4
20.25
20.6
20.3
20.69
20.9
20.29
20.35
20.19
19.93
19.46
19.8
19.75
19.5
18.91
18.9
18.7
19.43
20.14
19.3
19.47
18.95
19.03
19.25
18.78
19.1
19.05
18.94
18.8
19.64
20.3
21.03
20.42
20.08
19.04
18.65
18.6
19
18.3
18.95
20.05
20.8
20.65
20.14
21.08
