0.298092
0
0
0.189922
0.086328
0.295315
0.172675
0.155428
0
0
0
0.065361
0
0.115201
0
0.433542
0.444544
0.514825
0.625747
0.615329
0.899994
0.819185
0.74747
0.858589
1
1
1
0.959308
0.764618
1
1
1
0.975502
1
1
1
0.973618
1
0.472544
0.423089
0.252747
0.487633
0.031286
0
0
0.279998
0.350008
0.387496
0.550011
0.103753
0.322506
0
0
0.440848
0.695294
1
1
1
1
1
0.927932
1
1
0.989789
1
0.88964
0.794473
0.620065
0.07407
0.494451
1
1
1
1
0.922548
0.493269
0.619525
0.764324
0.501687
1
0.962059
1
1
0.664255
0.806114
0.746851
0.908445
0.942556
0.899468
1
1
0.939753
0.911834
0.56803
0.374592
0.252466
0.039106
0.249169
0
0.13876
0.109928
0
0
0.185904
0.097571
0
0
0
0.009024
0.015352
0.018974
0.211886
0.177127
0.1678
0
0.140372
0.276687
0.510259
0.272318
0.243864
0.604969
0
0
0
0.071158
0.078923
0.006455
0.006455
0
0.097523
0
0
0
0
0.187779
0
0
0
0
0.065337
0.206673
0.613338
0.512006
0.138853
0
0.063664
0.146152
0.175115
0.072351
0
0
0.22372
0.278724
0.180915
0.068456
0.159025
0.769565
1
0.831772
0.523367
0.532709
0.855139
0.906557
0.82943
0.62098
0.354829
0.301089
0
0.116593
0
0
0.340044
0.658383
0.823
0.239118
0.394381
0
0.474507
1
0.8
0.288334
0.399964
0.629996
0.233336
0
0.295688
0.278492
0
0.017999
0
0
0
0
0.027825
0.313751
0.27435
0
0
0.076418
0.379311
0.596458
0.379086
0.191975
0.007336
0
0.337606
0.423664
0.62776
0.734179
1
1
0.704711
0.60402
0.508952
0.648771
0.687935
0.482115
0.58054
0.321428
0.149013
0
0
0
0.401709
0.716055
0.878875
0.7798
0.867861
0.495417
0.365381
0.432165
0.269325
0.156595
0.772458
0.849715
1
0.883718
0.903122
0.937964
1
1
0.779243
0.761486
0.493338
0.342222
0.525927
0.265761
0.41215
1
1
1
0.71489
0.906798
0.833112
0.479834
0.589706
0.394996
0.499292
0.492508
0.437587
0.125002
0.176942
0.185513
0.403003
0.611952
0.932876
1
0.836929
0.741945
0.707883
0.994621
1
1
1
0.879703
0.763648
0.615281
0.503143
0.64457
0.652179
0.279489
0.38664
0.420798
0
0
0
0.044856
0
0.075767
0.483093
0.284166
0.173207
0.078466
0.471173
0.525429
0.430508
0.476158
0.436941
0.652634
0.565793
0.750676
0.554827
1
0.665758
0.690633
0.936422
0.594673
0
0.197262
0.370266
1
1
0.74719
0.542622
0.616476
1
1
1
1
1
1
0.942499
0.624205
0.648082
0.908659
1
0.752654
0.57478
0.556625
1
1
0.950978
1
0.754905
0.844771
0.864373
0.671343
0.403523
0.445598
0.403523
0.824555
0.859734
0.852074
0.358833
0.338241
0.438253
0.808464
0.443251
0.773039
0.503539
1
0.587872
0.103009
0.283793
0.418894
0.49324
0.496629
0.611466
0.533767
0.27705
0.054047
0
0
0
0
0.066975
0
0.243087
0.115171
0.181257
0.093826
0.127812
0.0784
0.039463
0
0
0.143783
0.202425
0.184335
0.184335
0.099697
0.937027
0.956922
0.989623
1
1
0.8391
1
1
1
0.977218
0.813656
0.906839
1
1
0.981988
1
0.772536
0.94421
0.901292
0.383433
0.559556
1
1
0.319134
0.052634
0
0.159232
0.450418
0.697789
0.549412
0.494459
0.368131
0.664829
0
0
0
0.24223
0.56181
1
0.934471
1
0.841588
1
1
1
0.882092
0.938704
1
1
0.922487
0.758027
0.701671
0.889502
0.771473
0.827876
0.400713
0.64627
0.86638
1
1
1
1
1
0.885561
1
1
0.991532
1
0.879828
0.917887
1
0.852447
0.884204
0.444355
0
0.900243
0.496428
0.900243
1
1
0.932286
1
0.907639
0.891972
0.590579
0.729958
1
1
0.815628
0.839484
0.776442
0.933517
1
1
0.642852
0.833337
0.695248
0.904757
0.764722
0.224084
0
0.035513
0
0.192335
0.500039
0.653892
0.992327
0.976764
0.875927
0.275189
0.232563
0.170546
0.523256
0.779095
0.81395
0.759665
0.635529
1
1
1
1
1
0.971798
0.945346
1
0.998058
0.847615
1
1
0.724747
0.031815
0
0
0
0
0.021091
0.260952
0.260952
0.243127
0
0
0.043654
0.213054
0.313088
0.755237
0.678016
1
1
0.966042
0.766479
0.610798
0.646696
0.706587
0.656702
0.743034
0.950938
0.919879
1
1
0.901979
1
0.828431
0.656862
0.58334
0.641038
0.979219
0.994818
0.834864
0.53306
0.830557
1
0.968764
0.843756
1
1
1
0.938151
1
0.964911
0.947366
1
1
0.98004
0.873188
0.987823
1
0.980524
0.676885
0.28074
0
0.073277
0
0
0
0
0.223813
0.023161
0
0
0.123124
0.055612
0.04177
0.324931
0.258616
0.251411
0.15123
0
0
0
0
0
0.370599
0.309047
0.360555
0.329135
0.697232
0.683639
0.844787
0.775234
0.991857
0.608127
0.365857
0.445524
0.473158
0.387174
0.535881
0.543591
0.720481
0.564091
0.346123
0.230757
0.6156
0.493483
0.886117
0.498229
0.642247
0.195379
0
0
0.036116
0
0
0.096607
0.28446
0.311284
0.193196
0.228348
0.230328
0.19617
0
0.634903
1
1
1
1
1
0.964407
1
0.924997
0.950003
1
0.992183
0.986971
1
0.98297
1
0.756048
0.114406
0.265697
0.295236
0.470857
0.70836
0.850032
0.641693
0.387513
0
0
0
0
0.354118
0.075724
0.227195
0.710475
0.605792
0.565701
0.476606
0.333342
0.426051
0.313505
0.733561
0.608159
0.695921
0.550898
0.326312
0.566194
0.634706
1
1
1
1
1
1
1
1
1
1
1
0.965877
0.93172
0.984617
0.973494
1
1
1
0.543687
1
0.651525
0.666087
0.812844
1
0.775549
0.347077
0.273752
0.818427
0.501279
1
1
1
0.919974
0.880002
0.975992
0.559979
0.116017
0.084007
0.65597
0.71613
0.650628
0.039292
0.637545
0.484722
0.125558
0.179343
0
0.920634
1
1
1
0.960458
0.57751
0.762903
0.975676
1
0.889844
0.699781
0.688989
0.721386
0.415223
0.633682
0.57509
0.50917
0
0
0.110153
0.171028
0.646375
1
1
0.829606
0.730941
0.70628
0.843041
1
0.921926
0.970269
1
1
0.783401
0.605798
0.548671
0.544774
0.529799
0.3531
0
0.002597
0.368831
0.085714
0.051948
0
0.091703
0
0
0.147917
0.385417
0.614583
0.581053
0.795673
0.871465
0.719794
0.385604
0.112094
0.412979
0.268437
0.324484
0.501475
0.188791
0.398671
0.538206
0.222591
0
0
0.122241
