0
0
0.294
0.553675
0.803438
1
0.406603
0.362795
0.109972
0.106254
0
0
0
0.346194
0.066619
0.507495
0.432196
0.561333
0.711825
0.652577
0.576981
0.380602
0.274893
0.274893
0.350415
0.501534
0.453367
0.283344
0.229249
0.666701
0.854269
1
1
0.85124
0.540603
0.136012
0.081808
0
0.048119
0
0
0.12164
0
0
0
0.017546
0
0.007105
0.27227
0
0.17933
0.01638
0
0.265257
0.441993
0.327436
0
0
0
0.47927
0.661478
0.553193
0.536555
0.636657
0.68877
0.429142
0.1557
0.100315
0
0.056988
0.657792
1
1
0.892297
0.694348
0.971273
1
1
0.905503
1
1
0.944946
0.800237
0.598642
0.714268
0.680171
0.755051
0.654723
0.705243
0.828076
0.927138
0.989013
0.961085
0.568717
0.234256
0.242769
0.558308
1
1
1
0.800503
0.515431
0.446526
0.824204
0.617487
0.503619
0.46795
0.325478
0.300722
0
0.160387
0.253993
0
0
0
0
0.01534
0.375505
0.106842
0
0
0
0
0
0.030146
0
0.223429
0.21399
0.138205
0.204506
0.251814
0.546468
0.419547
0.610252
0.851703
0.406123
0.755627
0.724962
0.51528
0
0.580743
0.96515
0.886659
0.323023
0
0.155663
0.581514
0.451855
0.303782
0
0
0
0.147111
0.267148
0.301534
0.287042
0.532881
0.754295
0.825935
0.577107
0.430583
0.954665
1
0.868289
0.656311
0.658263
0.45795
0.099873
0.149991
0
0
0.276818
0.409597
0.354224
0
0.366378
0
0.319917
0.895418
0.656277
0.776038
0.798825
0.99491
0.978622
0.233085
0.978622
0.896829
0.177526
0
0
0
0
0
0
0.329578
0.453416
0.241122
0.154294
0.124571
0.305891
0.380937
0
0
0
0
0.246402
0.365634
0.47053
0.488083
0.534653
0.991789
0.887757
0.67346
0.740785
0.557609
0.522644
0.306574
0.493791
0.262277
0.310213
0.100455
0.07654
0
0.218284
0.327554
0.715698
0.731724
1
1
0.982803
1
1
1
1
0.961805
0.848948
0.663797
0.645647
0.262957
0.496623
0.342472
0.376711
0.325251
0.261301
0
0
0
0.245457
0.47004
0.862917
1
0.830178
0.660357
0.886804
0.825418
0.532935
0.05181
0.471549
0.188531
0.207572
0
0.112332
0.037444
0
0.313944
0.406949
0.546616
0.346952
0.491824
0.270744
0.51781
0.468092
0.779849
0.907729
0.708961
0.59564
0.730427
0.199827
0.494751
0.399778
0
0
0.271053
0.408882
0.657456
0.76261
0.609649
0
0.196886
0.820568
0.230517
0.516267
0.384489
1
1
1
1
0.973196
1
1
1
0.881046
1
0.863172
0.863461
1
1
0.900587
0.954344
1
1
1
0.973414
0.944203
0.534915
0.282028
0.282028
0.287132
0.233464
0.333365
0.6875
0.691894
0.508896
0.419729
0.785675
0.813064
0.620763
0.852249
1
0.714148
1
1
1
0.674864
0.776056
0.788317
0.644176
0.418347
0.705832
0.579374
0.921401
1
0.850144
0.609327
0.522945
0.522945
0.994351
0.971945
1
0.829212
1
1
0.694917
1
0.744058
0.925379
0.767301
0.860433
0.883624
0.296265
0
0
0
0.270272
0
0.009314
0
0.6421
0.590684
0.683601
0.608242
0.699831
1
1
1
0.881241
0.513512
0.513512
0.297443
0.297443
0
0.723157
0.723157
0.769383
1
1
0.950595
1
1
1
1
0.864427
1
0.958948
1
1
1
0.712242
0.726219
0.757053
0.74352
0.754579
1
0.942582
0.6199
0.836777
1
1
1
1
1
1
1
1
0.794607
0.61166
0.504445
0.625068
0.9579
1
1
1
0.940621
1
1
1
1
1
0.927925
1
0.8525
0.774664
0.879461
1
1
1
0.819178
0.646088
0.824452
0.633887
0.281733
0.539959
0.835807
0.835807
1
1
0.870373
0.570423
0.625901
0.27039
0.277842
0.499959
0.259253
0.137037
0
0
0.386788
0.209382
0.373563
0.575768
0.664365
0.594372
0.962019
1
0.970974
0.958904
1
0.980119
0.980119
0.718108
0.654013
0.555205
0.546238
0.513746
0.525797
0
0.325992
0.39231
0.29843
0.116087
0.181303
0.070178
1
0.780157
0.527405
0.549304
0.648276
0.890018
0.890018
0.430244
0
0.091018
0
0
0.030721
0.030721
0
0.404867
0.512907
0.350936
0.372556
0.377813
0.578255
1
0.77265
1
0.650476
0.243929
0.252024
0.650476
0
0
0.083919
0
0
0.01897
0.209127
0.93165
1
0.754008
0.573765
0.114818
0.229456
0.691775
0.934359
1
0.85017
0.815614
0.891843
0.900649
0.865439
0.730738
0.817359
0.82504
0.903384
0.976934
0.672164
0.211123
0.186767
0.73386
0.17536
0.866789
1
0.958013
0.68482
0.768197
1
0.815988
0.528759
0.137948
0.287473
0.137948
0.128443
0.255788
0.345078
0.610738
0.557746
0.743428
0.677153
0.942813
1
0.933034
1
1
1
0.86183
0.67635
0.870933
0.568258
0.316515
0.107646
0
0.125773
0.104787
0
0.262308
0.511138
0.506599
0.321913
0
0.059809
0
0
0.369718
0.117561
0.100792
0
0
0.164178
0.071637
0
0
0.27501
0.201856
0.185995
0.274747
0.480848
0.373324
0.41485
0.338146
0.948734
1
0.773297
0.852312
0.694172
0.946447
1
1
0.847048
0.939942
0.857994
0.847048
1
1
0.729957
0.560013
0.424991
0.174926
0
0
0.419425
0.513867
0.458343
0.638924
0.861134
0.844471
0.872261
1
0.960431
1
0.799023
0.870094
0.845598
0.817154
1
1
0.830045
0.56433
1
1
1
0.969576
0.642609
0.52853
0.778699
0.918038
1
0.80493
0.499948
0.825013
0.870005
0.714307
0.607116
0.442847
0.069088
0.378354
0.212824
0
0
0
0.024501
0
0.310299
0.691199
0.523445
0.354225
0.26601
0.293768
0.298921
0.176116
0.744348
0.943189
1
0.942765
0.765638
1
1
1
1
0.794748
0.984206
1
1
1
1
1
1
0.971699
0.844938
1
1
1
0.885712
0.987286
0.909086
0.712512
0.834505
0.40621
0.428539
0.508904
0.665114
0.553562
0.062456
0
0.331405
0.594175
1
0.920231
0.835075
0.393677
0.37768
0.329851
0.398955
0.425563
0.372347
0.606432
0.638372
0.092304
0
0.172195
0.257707
0.280441
0.47391
0.330115
0.793393
0.644283
0.170373
0
0
0
0
0
0.113026
0.106189
0.068478
0
0
0
0.145336
0.33332
0.648812
0.56894
0.721124
0.967275
1
0.987516
1
1
0.870567
0.523807
0.546937
0.634087
0.954507
0.680652
0.823509
0.51257
0.582573
0.145619
0
0
0.227691
0.213718
0.213718
0
0
0.064811
0
0
0
0.052177
0.238918
0
0.054237
0.513707
0.578782
1
1
0.940321
0.913438
0.770155
0.473117
0.488203
0.458032
0.418809
0.593803
0.352432
0.392827
0.274892
0.312165
0
0
0.058854
