0.755453
0.388632
0.179873
0.558954
0.69608
0.552143
0.27161
0.253452
0
0
0
0.055148
0
0.344931
0.288914
0.566231
0.793934
0.790048
0.932964
0.862018
0.942471
0.762975
0.914621
0.948649
1
1
1
0.919881
0.774909
1
1
1
0.777634
0.820906
0.81344
0.741132
1
1
0
0
0
0.259998
0.048027
0
0
0.318494
0.277224
0.167177
0.004235
0
0.090927
0
0
0.053584
0.383919
0.53344
0.359825
0.311364
0.44523
0.641114
0.942608
1
1
0.968708
1
1
1
0.774785
1
1
0.953112
1
1
1
0.846728
0.610381
0.753255
0.866632
0.424807
0.764663
0.973848
1
1
0.963378
1
1
1
1
0.892534
1
1
1
1
1
0.774847
0.877277
0.659264
0.797608
0.536552
0.480757
0.56202
0.185167
0
0.315362
0.319518
0.304257
0.099594
0.019095
0
0.123988
0.106734
0.232127
0.047773
0
0
0.170442
0.143514
0.408066
0.406945
0.695504
0.98724
0.948712
0.272472
0
0.175638
0
0
0
0.089289
0.134744
0.08117
0
0
0.047549
0.115793
0
0
0
0
0.054856
0.047035
0.313478
0.219478
0.00165
0
0
0.167664
0.253035
0.258143
0.116238
0.202301
0.360448
0.288312
0.1093
0
0.225162
0.893966
1
0.973098
0.574144
0.67664
0.948827
0.989269
0.867972
0.681931
0.439396
0.248005
0
0.104062
0
0
0.047162
0.435705
0.66429
0.207151
0.421431
0.221383
0.657028
1
0.987957
0.739098
0.926119
1
0.919463
0.552267
0.848007
0.816016
0.359984
0.191987
0.031974
0
0
0
0
0.24065
0.273863
0
0
0.061242
0.251174
0.28428
0.113657
0.064108
0
0
0.211102
0.357994
0.515772
0.565826
0.690964
0.96015
0.843403
0.657969
0.736776
0.835491
0.82978
0.359083
0.427749
0.140636
0
0
0
0
0.285016
0.335604
0.514169
0.43343
0.448965
0.21508
0.334888
0.574864
0.441847
0.349861
0.914551
0.887056
1
1
1
1
1
1
0.862679
0.838439
0.642947
0.620355
0.749579
0.761547
0.83975
1
1
1
0.763123
1
0.97658
0.590311
0.637202
0.484984
0.672244
0.651391
0.439549
0.082666
0.491756
0.237722
0.217286
0.303236
0.344194
0.914491
0.920496
0.920496
0.761638
1
1
1
1
1
0.844752
0.863113
0.807755
1
1
0.529433
0.371551
0.498493
0.085463
0.247578
0.3458
0.28975
0
0
0.503207
0.38465
0.278885
0.288556
1
1
1
1
0.824085
1
1
1
0.966336
1
0.901755
0.917177
0.905037
0.667598
0.433216
0.370586
0.60221
0.901974
0.840369
0.777369
0.614676
0.57581
1
1
0.980981
0.870452
0.672321
0.679937
0.497038
0
0
0.296045
0.313923
0.035897
0.098729
0.506781
0.417062
1
1
1
0.855314
1
0.970395
0.851926
0.647365
0.70765
0.605604
0.930486
0.919097
1
0.648639
0.848674
0.891951
1
1
1
0.940244
1
0.824897
0.469483
0.58031
0.540136
0.503628
0.368632
0.426137
0.436646
0.07179
0
0
0
0.054605
0
0.167174
0.043316
0.445495
0.449826
0.708775
0.51458
0.304162
0.15565
0.068424
0
0
0
0
0.154652
0.187804
0.132521
0.455739
0.508158
0.789749
1
0.97132
0.924659
1
1
0.985232
0.778763
0.450175
0.560154
0.646058
1
0.757822
0.882001
0.621154
0.683211
0.745398
0.19879
0.614844
0.987511
0.90054
0.683211
0.852724
1
1
1
0.904528
0.834043
0.809143
0.680515
0.551886
0
0.097789
0.342239
0.360019
0.502211
0.666651
0.719991
0.871119
0.871267
0.948921
1
1
0.983145
1
0.983655
1
0.784045
0.556062
0.63074
1
0.931418
1
0.571403
0.597722
0.706468
0.740072
0.882779
1
1
1
1
1
1
0.921557
1
0.740154
0.793726
0.87627
0.700323
0.755515
0.261735
0
0.583319
0.256416
0.419885
0.46791
0.692287
0.580116
1
1
1
0.776776
0.86014
0.934486
1
0.940526
1
1
1
1
1
0.615403
0.788458
0.75001
1
0.857109
0.796673
0.12568
0.12568
0
0
0.077244
0.095466
0.14095
0.186435
0.122728
0
0
0
0.293422
0.501663
0.518426
0.617225
0.574801
0.817801
0.694363
0.887229
0.752207
0.713387
0.708735
0.504367
0.478253
0
0.043744
0.480844
0.38798
0
0
0.132473
0
0.064623
0.232801
0.092108
0.15093
0.075465
0.052837
0
0
0.045302
0.183215
0.346778
0.56967
0.737826
0.883475
1
0.892751
0.98739
0.842312
0.763418
0.902192
0.97478
1
1
1
1
1
0.941238
1
1
1
1
0.90706
1
0.976859
0.91661
0.531091
0.529007
0.308485
0.258195
0
0
0.147541
0.110704
0.328404
0.461233
0.557148
0.596217
0.515884
0.752857
0.419524
0
0
0.031673
0
0
0.191729
0.431332
0.287543
0.416278
0.194177
0
0.084136
0.320593
0.343717
0
0
0
0
0
0.093112
0
0.063954
0.102992
0.138253
0.06766
0
0
0
0.049826
0
0
0.14788
0.372627
0.496728
0.918159
0.632208
0.767657
0.875596
0.973768
1
0.964595
1
0.916441
0.746276
0.684177
0.880371
0.776444
0.672028
0.600016
0.122449
0
0
0.174296
0
0
0.01064
0
0.099981
0.028097
0.195433
0.312464
0.383021
0.380476
0.582163
0.582163
0.584086
0.345195
0.442468
1
0.864852
1
0.833304
0.929812
1
0.842077
0.789436
0.885945
1
1
1
1
0.840183
0.717939
0.460128
0
0.015539
0.082892
0.057011
0.414458
0.093233
0
0
0
0
0
0
0.317332
0
0.21405
0.554375
0.754382
1
1
0.653854
0.590642
0.568681
0.782949
0.384613
0.274724
0.250007
0.271996
0.343242
0
0
0.263683
0.102912
0.224124
0.310377
0.65521
0.564678
1
0.921016
0.657868
0
0
0.318182
0.249977
0.186331
0.518191
0.449986
0.5
0
0
0
0.015512
0.145367
0.741202
0.890331
0.921036
0.741202
1
1
1
0.927895
1
0.882784
0.885636
0.765082
0.45631
0
0.023469
0.23474
0.140816
0
0
0.204857
0.069429
0
0.039517
0
0.314564
0.618326
0.847284
0.969457
0.580166
0.322832
0.637807
0.873978
1
0.939375
0.590899
0.575781
1
0.606412
0.819127
0.979951
1
1
1
1
1
0.864277
0.817476
0.967239
0.915758
0.70809
0.838407
0.918605
1
0.725581
0.810811
0.637097
0.846154
0.48718
0.461539
0.273504
0.230769
0.08547
0.119658
0
0.341463
0.788618
1
1
0.698529
0.404412
0.213235
0
0.048649
0.118919
0.308108
0.427027
0.610811
0.578378
0.643243
0.65946
0.85946
1
0.865613
0.956522
0.948617
0.833992
1
1
1
0.748815
0.47541
0.502732
