0
0.047604
0.06251
0.14605
0.14605
0.315348
0.068973
0.10428
0
0
0
0
0
0
0
0.478936
0.446126
0.51482
0.475837
0.320331
0.124494
0
0
0
0.188111
0.683221
1
0.699321
0.818804
1
0.792744
0.972698
0.918121
1
1
1
1
0.973888
0.647964
0.761418
0.586125
0.89251
0.608554
0.344761
0.118821
0.563887
0.072655
0.302137
0.185951
0
0.261137
0
0.095689
0
0.379997
0.389551
0.105249
0.013102
0.239638
0.701615
0.723801
0.897939
0.897163
1
1
0.690088
0.631005
0.448853
0.21547
0.275526
0.90564
1
1
0.890497
0.745457
0.756663
0.912943
1
0.820915
1
1
1
0.780712
0.600594
0.621871
0.568927
0.615806
0.478248
0.413211
0.534117
0.539007
0.702184
0.337588
0.025842
0
0.023721
0.639754
1
0.883311
1
0.525553
0.227218
0.153713
0.525553
0.251447
0.020959
0
0
0.149605
0.226176
0.242964
0.420511
0.177592
0.208324
0
0
0
0.209774
0
0.03646
0.056879
0
0
0
0.058565
0.039762
0.141252
0.231777
0.086066
0.073344
0
1
1
1
0.814208
0.928528
0.930909
0.597729
0.407147
0.288009
0.550062
0.716638
0.740471
0.591275
0.074723
0.543122
0.747271
0.60149
0.419789
0.134502
0.032505
0
0.279693
0.100393
0
0
0.369653
0.302098
0.384345
0.090893
0
0.140246
0.913729
0.379151
0.195771
0.430365
0.658269
0
0.386469
0.58975
0
0.229181
0.491563
0.524449
0
0.16561
0
0.527506
1
0.652906
0.53707
0.490885
0.768549
0.743088
0.319555
0.976949
0.98249
0.542362
0.048928
0
0
0
0
0
0.593772
0.712473
0.355108
0.178649
0.018797
0.201986
0.198331
0
0
0
0
0.131244
0.343761
0.536865
0.491118
1
1
0.771958
0.625413
0.70691
0.780188
0.757305
0.59336
0.794808
0.723575
0.616784
0.102204
0
0
0.430765
0.815306
1
0.980474
1
0.868204
0.971879
1
1
1
1
0.97276
0.978017
0.829474
1
0.525128
0.952638
1
0.872672
0.581377
0.199864
0
0
0
0.043414
0.666361
0.681512
0.941079
0.563848
0.601024
0.594429
0.351254
0.119673
0
0.076074
0
0.056504
0
0.101342
0.014622
0.08398
0.080766
0.025225
0.311359
0.225467
0.199893
0.015304
0.168073
0.426123
0.969599
1
0.885388
0.598843
0.584496
0.521521
0.813752
0.785091
0.355206
0.298117
0.234875
0
0
0.013941
0
0
0
0.274883
0.239976
0.305465
0.25344
0.847888
0.926233
1
1
1
1
1
0.862136
0.785819
1
0.806609
0.823538
0.989716
0.9577
0.737141
0.620654
0.750577
1
1
1
1
0.989663
1
1
0.944702
0.568252
0.568252
0.789637
0.73699
0.384479
0
0.4468
0.729479
0.32384
0.569759
1
1
1
1
0.938559
0.530692
0.588666
0.457626
0.378124
0.137344
0.207878
0.148717
0.333931
0.247668
0.376064
0.367172
0.453433
0.498817
1
1
1
0.972623
1
0.906563
0.731264
0.76583
0.684722
0.648607
0.505443
0.474958
0.680431
0
0
0
0
0.174371
0.107855
0
0
0.299542
0.510992
0.779796
0.594555
0.599084
0.728904
0.593161
0.706259
0.429289
0.338902
0.141095
0.141095
0
0.673947
0.934915
0.853323
1
1
1
1
1
0.968316
0.956846
0.854854
0.925188
0.888869
0.971622
1
1
0.880164
1
1
0.437302
0.338558
0.178873
0
0
0.330469
0.459683
0.589129
0.517222
0.606915
0.731053
0.950823
0.87281
0.908774
0.841244
0.530362
0.500244
0.44999
0.556887
0.723541
0.966624
1
1
1
1
1
1
1
0.925132
0.970097
0.802425
0.60941
0.618592
0.954321
1
1
1
1
1
0.859549
0.536636
0.705153
0.803445
0.831541
1
0.960269
0.835557
0.960916
0.609771
0.463461
0.804886
0.634046
0.609771
0.151247
0
0.519519
0.12187
0.554331
0.849123
0.923718
0.883877
1
1
1
0.773823
1
1
1
0.90388
0.721541
0.816668
0.812447
1
0.435544
0.490233
0.588157
1
1
0.834751
0.816364
1
0.932648
0.929245
0.996022
0.980315
0.893742
1
0.784958
0.267975
0
0
0.020424
0
0.013405
0.330463
0.366162
1
1
0.870136
0.718025
0.495478
0.369347
0.235788
0.280359
0.083754
0
0.106092
0.073964
0
0
0.090315
0.119354
0
0.334371
0.108431
0.382593
0.569573
0.637496
0
0
0
0.596122
0.673156
0.919296
0.915427
1
1
0.818262
0.697093
0.510325
0.387836
0.384756
0.660349
0.682445
0.777613
0.777613
0.752631
0.852202
0.842189
1
1
1
0.747107
0.83824
0.937713
0.669245
0.444239
0
0.578635
0.25243
0
0.293249
0.733156
1
1
1
1
1
0.831151
0.71295
1
1
0.847679
0.814471
0.858095
0.796929
0.103332
0
0.155323
0
0.022755
0
0
0.236531
0.40874
0.430842
0.465704
0.174878
0.142532
0.019416
0
0.738854
0.5727
0.534025
0.247004
0
0
0
0
0
0.134257
0.01443
0
0.193531
0.301084
0.294491
0.519051
0.428281
0.745326
0.567772
0.385963
0.598072
0.48968
0.804357
0.982514
0.7868
1
1
0.923334
1
1
0.933086
1
0.5044
0.55836
0.512671
0
0
0.505868
0.613704
0.334104
0.60359
1
1
1
1
0.94448
0.928038
0.736731
0.907424
0.971186
0.932818
1
1
1
0.964294
1
1
1
1
0.668547
0.48778
0.361923
0.483102
0.540103
0.256601
0
0.090681
0.120942
0.211674
0.337539
0.292199
0.065446
0.063891
0
0
0
0
0.616337
0.432691
0.86937
1
0.844078
0.825167
0.692138
0.673189
0.604702
0.574346
1
1
1
0.850571
0.771772
0.866095
0.574232
0.698642
0.842187
0.698642
0.722452
0.890003
1
1
1
1
1
0.894247
0.917154
1
0.917108
1
0.923083
1
1
0.736123
0.823468
0.549998
0.716178
0.666622
0.599837
0
0
0.193603
0.619464
0.54959
1
1
1
0.512868
0.716856
0.363063
0.363063
0.009143
0
0.168752
0.341562
0.074104
0
0.104783
0.083838
0
0
0
0.280845
0.331793
0.109037
0
0.047253
0
0
0
0.0515
0.135441
0.034073
0
0.179115
0
0.349363
0.94651
0.943487
0.55927
0.547955
1
1
1
1
1
0.694606
0.38606
0.484674
0.394266
0.839397
0.435452
0.545661
0.288585
0
0
0
0.002944
0.08234
0
0.045494
0
0
0.112056
0.045293
0
0
0.084805
0.374973
0.179928
0.114476
0.556048
0.735742
0.974786
1
1
0.955291
0.800021
0.584218
0.631586
0.495664
0.449291
0.649285
0.420817
0.110357
0.510596
0.570684
0.192251
0
0.287914
