0.51406
0.456642
0.095734
0.432526
0.765661
0.536613
0.281153
0.854356
0.63381
0.698511
0.13239
0.897046
0
0.268692
0
0.505168
0.659788
0.984496
1
1
1
1
1
0.960822
0.976962
1
1
0.940394
0.980269
0.956917
0.965639
1
1
1
1
0.952032
0.719567
0.63484
0.427489
0.809163
0.896941
0.839382
0.735758
0.573765
0
0.502462
0.707332
0.814625
1
0.56925
0.978428
0.69125
0.497447
0.33338
0.728211
0.635912
0.572133
0.562824
0.126785
0.7247
0.754195
1
1
0.91761
1
0.832406
0.856489
0.634595
0.470171
0.704804
1
0.748215
0.541511
0.850934
0.879445
0.945752
1
1
0.582982
1
0.938201
0.954479
1
0.981624
1
1
1
0.974632
0.97533
1
1
1
0.833814
0.591553
0.578553
0.556001
0.410805
0.521121
0.182721
0.06579
0
0
0
0.276156
0.343118
0.359739
0.270076
0.109467
0.197087
0.099278
0.007348
0.876257
0.381422
0.609194
0
0
0
0.41354
0.211305
0.271991
0.201217
0
0
0
0
0.163924
0.145356
0.461701
0.488672
0.496478
0.465255
0.637797
0.377158
0.331674
0.738083
0.450634
0.337043
0
0
0.031871
0.219123
0.657368
0.513948
0.21513
0
0.048778
0.024407
0.020333
0
0
0
0.02749
0.006681
0
0
0
0.274495
0.606035
0.508143
0.406743
0.307195
0.535824
0.931589
1
0.94656
0.305051
0
0
0
0
0
0.064297
0.100705
0.2
0
0
0
0.095726
0.588516
0.67552
0.600397
0.536465
0.87112
0.852381
0.104333
0.279691
0.169785
0
0
0
0
0
0.009812
0.025513
0.204085
0.25
0.017737
0.053532
0.071402
0.268821
0.331919
0
0
0
0
0.430099
0.606955
0.838149
0.606955
0.678651
0.820683
0.471727
0.241367
0.173813
0.204143
0.206895
0
0.108715
0
0
0
0
0
0.282753
0.470098
0.811253
0.813696
0.827451
0.676482
0.72122
0.760368
0.794918
0.702733
1
1
1
1
1
0.86954
1
1
1
0.992224
0.746891
0.460967
0.500017
0.518874
0.631355
1
1
1
0.834361
1
0.915719
0.732693
0.715262
0.527877
0.674589
0.796707
0.700798
0.373177
0.418434
0.455355
0.079995
0
0.028868
0.495389
0.6993
0.560927
0.256162
0.337369
0.943094
1
1
0.677688
0.445921
0.262669
0.158972
0.341644
0.16153
0
0.076747
0.068023
0
0
0
0
0
0.019956
0.45648
0.099991
0.063778
0
0.364618
0.334469
0.317501
0.385253
0.117862
0.010722
0.082123
0.617824
0.889137
1
0.916496
1
1
1
0.729368
0.932334
1
1
0.995318
0.946112
0.859822
0.893279
0.969044
0.969044
0.913556
0.716186
0.85133
1
1
0.641958
0.693099
0.805621
0.756986
0.276237
0.140732
0.268558
0.358042
0.867001
0.846523
0.970649
0.770806
1
1
0.747239
0.452725
0.164811
0.131858
0.53843
0.827155
0.954493
0.691163
0.683613
0.86332
0.964629
0.982367
1
1
1
1
0.801699
0.799435
0.872881
1
0.91911
0.93671
1
0.755862
0.512752
0.358217
0.02392
0.123242
0
0.182032
0.331828
0.838722
0.919337
1
0.767172
0.963905
0.711205
0.608341
0.655237
0.433212
0.323121
0.323121
0
0
0
0.222837
0.350156
0.427788
0.568093
0.944433
1
1
0.853412
0.848199
1
0.921479
1
1
1
0.938909
0.948863
0.981782
1
1
0.992471
1
1
0.810881
0.591265
0.370478
0.267331
0.37502
0.653849
0.462766
0.288681
0.08414
0.068284
0
0
0
0
0.05097
0.188717
0.533986
0.424525
0.415122
0.412829
0.531543
0.729677
1
0.942392
1
1
1
0.834503
0.720989
0.744717
0.836978
0.751859
0.677343
0.33589
0.445424
0.651733
0.539377
0.93268
1
1
1
1
1
1
0.891325
1
0.7548
0.748121
0.701358
0.568943
0.537329
0
0
0.160002
0.035347
0.024721
0.082346
0.141193
0.247087
0.565287
0.637431
0.667756
0.425946
0.61112
1
1
0.946372
0.81816
0.81816
0.763141
1
1
0.714286
0.699988
0.914274
1
1
0.893709
0.78733
1
0.374495
0.074883
0.134915
0.412961
0.364378
0.348155
0
0
0
0
0.256166
0.305532
0.398511
0.801065
0.876454
1
1
0.990168
1
0.867117
0.892627
0.639578
0.657815
0.615529
0.672264
0.567433
0.603975
0
0
0.037915
0.045483
0.227259
0.501027
0.703569
0.95578
0.997618
0.906938
0.453493
0.32555
0.162823
0.244794
0.163212
0.110076
0
0.486524
0.709479
0.754523
0.686958
0.495477
0.283987
1
1
1
1
0.914536
1
1
1
1
1
0.958764
0.855694
0.858757
0.986207
0.927847
0.836364
0.709128
0.6
0.766677
0.818918
0.781841
0.979601
1
1
1
1
1
0.749064
0.630158
0.782357
0.778809
0.65437
0.816963
0.767851
0.523977
0.04501
0
0
0.053063
0.016965
0
0
0.071068
0.32507
0
0
0
0
0
0
0.348609
0.288289
0.333761
0.124669
0
0
0
0
0
0.2153
0.204982
0.051749
0.084587
0.261692
0.217826
0.278613
0.239256
0.37142
0.149692
0
0.203022
0.245634
0.874674
1
1
1
0.971949
0.902644
0.885806
0.968199
1
1
1
1
1
0.699196
0.379048
0.560376
0.649686
0.633371
0.908353
1
1
0.812856
0.476081
0.153836
0.039511
0
0.252223
0.566622
0.802838
0.925375
1
1
1
0.874062
0.708133
0.33641
0.400948
0.448536
0.700474
0.51084
0.23614
0.150473
0.004683
0
0.153971
0
0
0.119524
0.019729
0
0
0.033601
0.037151
0
0
0.202149
0.017636
0.023474
0.328777
0.214659
0.134693
0.17383
0.396821
0.544331
0.286338
0.443556
0.195913
0
0.333333
0
0.545455
1
1
0.85792
0.384522
0.769166
1
0.559915
0.679909
0.591957
0.439922
0.599967
0.199935
0
0.022192
0
0
0.073388
0.345971
0.183469
0
0
0
0.254969
0.059493
0.037657
0.037502
0.606225
0.774986
0.937496
0.918745
1
0.978632
1
0.837311
0.938979
0.865043
0.73358
0.463665
0.191929
0.228084
0.16251
0
0
0.119749
0.042074
0
0
0
0.074903
0.057611
0.027399
0.256833
0.239708
0.068936
0.075381
0.309165
0.796039
0.679662
0.355318
0.322258
0.363583
0.106115
0.628285
0.283122
0.113123
0
0
0.31877
0.652882
0.665509
1
1
0.93404
1
0.878744
1
1
0.780109
0.801738
0.744061
0.650337
0.365415
0.367816
0.331395
0.027778
0
0
0
0.331818
0.654546
0.272727
0.466667
0.151515
0.221477
0.381944
0.055556
0.277778
0.243056
0.166667
0.069444
0.652778
1
1
0.728889
0.577778
0.115556
0
0
0.164609
0
0.238095
0.641026
0.915751
0.860806
0.673993
1
