0.028705113
0.01210684
-0.083405424
-0.070443953
0.003661306
0.014791622
-0.018928938
0.069402712
0.093924642
0.120277727
0.044650192
0.123080758
0.014320889
-0.007040877
-0.131395854
-0.081190495
-0.004734842
0.123382725
0.246083354
0.314587453
0.473841453
0.574000971
0.700472987
0.722633967
0.705076637
0.682083644
0.632826535
0.530287972
0.454188321
0.36576343
0.287483659
0.3255911
0.450072619
0.521710492
0.544840583
0.501015995
0.357082153
0.207654342
0.022767554
0.007256262
0.007513996
-0.025052603
-0.091518957
-0.190232224
-0.377976329
-0.369233603
-0.309159456
-0.243105275
-0.169050156
-0.226018803
-0.167746155
-0.200747798
-0.267160117
-0.343613005
-0.292483146
-0.275907618
-0.274610277
-0.26965163
-0.293531549
-0.207983703
-0.145376197
-0.047035771
0.084012751
0.135269027
0.195676432
0.17131912
0.14620356
0.06277715
-0.041562284
-0.054160087
0.095101849
0.090859354
0.048057659
0.087002139
0.107803199
0.121226983
0.161119839
0.203187664
0.088459449
0.274240452
0.338520527
0.35697069
0.414858308
0.409093787
0.42036585
0.460246265
0.497177127
0.464694722
0.402115867
0.411968696
0.509121737
0.57236786
0.474883824
0.242080245
0.055736902
-0.068506863
-0.229627331
-0.270559919
-0.376994527
-0.445655201
-0.504403985
-0.570503655
-0.720797031
-0.675860831
-0.598996147
-0.556806178
-0.57140918
-0.601488539
-0.577398135
-0.564861278
-0.557546205
-0.379385509
-0.339297122
-0.272342444
-0.38254228
-0.522173559
-0.63156639
-0.520835252
-0.495182233
-0.429823344
-0.388695099
-0.467883537
-0.613669017
-0.799462084
-0.909090909
-0.8125222
-0.709732688
-0.456599913
-0.245749594
-0.081693773
0.025021564
0.160960499
0.133895409
0.095454836
0.16030655
0.115075798
0.061399009
-0.129623257
-0.318330314
-0.390983038
-0.316305009
-0.0394176
0.087895726
0.044781886
-0.124620502
-0.186453926
-0.209481225
-0.197542899
-0.2000559
-0.260574767
-0.328794366
-0.320337648
-0.28904288
-0.30884354
-0.326493609
-0.30030112
-0.121112756
0.089191057
0.208274864
0.257901169
0.266437934
0.328558874
0.407007285
0.480522683
0.509075493
0.386048518
0.227610446
0.025160924
-0.096084028
-0.176593055
-0.351080758
-0.391749329
-0.359743813
-0.250900505
-0.270287231
-0.269812352
-0.385243147
-0.349311302
-0.022594642
0.202386816
0.254397193
0.26624856
0.380984692
0.437286447
0.222155934
0.152190127
0.082344329
-0.079993684
-0.217906527
-0.413184733
-0.553422963
-0.678481399
-0.691469134
-0.628271265
-0.402187495
-0.180103063
-0.171326157
-0.114642764
-0.036523213
0.133439128
0.246387583
0.191178841
0.15525529
0.098569007
0.041457984
0.165162405
0.315295813
0.490593537
0.524872918
0.529074071
0.562593947
0.481339993
0.362653782
0.269112286
0.22162325
0.19760573
0.106110523
0.091020704
0.05341428
0.036800173
0.029339583
-0.005983677
-0.048215994
0.042353958
0.134312734
0.23823987
0.298561196
0.337267922
0.32882553
0.307092557
0.295436469
0.289227981
0.265964688
0.372413496
0.449831724
0.522925147
0.551743608
0.549766306
0.498623127
0.50505831
0.485274992
0.451956051
0.405496443
0.296550342
0.143948293
0.047803444
0.039147551
0.043582688
0.124237357
0.236814479
0.313304688
0.298697163
0.315963835
0.283131208
0.19423483
0.117286957
0.007574692
-0.030231662
-0.025391641
-0.034789697
-0.099911838
-0.10043761
-0.096937529
-0.14148719
-0.19843925
-0.224598564
-0.177567694
-0.138435097
-0.123314365
-0.139165071
-0.137369352
-0.075815778
0.005094111
0.095054977
0.088409184
0.036848679
-0.031844416
-0.09423817
-0.097306097
-0.110517135
-0.164112871
-0.178036792
-0.180530316
-0.20263123
-0.236497306
-0.246399521
-0.249194258
-0.290938375
-0.296587287
-0.207010321
-0.199185309
-0.186994024
-0.205690989
-0.146758989
-0.102428232
-0.067868372
-0.038712507
-0.048160703
-0.058131906
-0.048616607
0.022832144
0.100700371
0.209842002
0.258652255
0.310166264
0.403552568
0.45162116
0.390048485
0.383113542
0.376962483
0.423412414
0.426392126
0.386754365
0.31774749
0.264653148
0.231124852
0.191936963
0.142993885
0.071066611
0.034334547
0.079441648
0.150411373
0.114297318
0.096564939
0.089215058
0.06433499
-0.035490517
-0.124901358
-0.163355628
-0.173208709
-0.10116972
-0.060829757
-0.020213838
-0.02642509
0.004997728
0.052152124
0.027748066
-0.04756946
-0.149744481
-0.218315056
-0.18480561
-0.106023942
-0.036464151
-0.036308958
-0.040809188
-0.019377428
0.005307738
0.018018763
0.070510805
0.184785629
0.289374881
0.34942176
0.291098344
0.244841807
0.219598574
0.225541787
0.186766826
0.147402884
0.13089069
0.047410371
-0.072353271
-0.156402087
-0.208360565
-0.228413932
-0.306684782
-0.317729521
-0.290675992
-0.180968878
-0.095816995
0.015733589
0.028671687
0.07068912
0.032826218
-0.021289761
-0.050809922
-0.12056939
-0.187736816
-0.225888616
-0.303357612
-0.420724868
-0.48174538
-0.432746006
-0.344085622
-0.252146575
-0.141901877
-0.009975476
0.094057719
0.211464432
0.230293845
0.227261983
0.256402894
0.235985105
0.266799465
0.282202184
0.32176794
0.307176751
0.280424309
0.252387345
0.256598299
0.262882436
0.243581411
0.271670148
0.327416601
0.277817061
0.154898534
0.028817329
-0.077978935
-0.107119092
-0.074234817
-0.09628245
-0.142571533
-0.196190266
-0.23144504
-0.268797124
-0.333261044
-0.388752904
-0.434754848
-0.435868219
-0.39001242
-0.273808549
-0.212009682
-0.166591818
-0.146945598
-0.123387249
-0.091974232
-0.00119769
0.045486728
0.080321035
0.098638121
0.124752196
0.104627202
0.073045546
0.058134796
0.053142849
0.035175607
0.011050394
-0.041022563
-0.056543153
-0.038901127
-0.036046826
-0.007826645
0.06189814
0.130344686
0.163487951
0.194425963
0.297991944
0.358325962
0.341349193
0.376323739
0.292513933
0.219434333
0.145689977
0.045577707
-0.024459098
-0.162420573
-0.370102811
-0.435517495
-0.500717043
-0.52392404
-0.495944251
-0.435761029
-0.342174922
-0.205480001
-0.0913992
-0.013404432
-0.037364021
-0.011996885
0.050720576
0.087222426
0.096116826
0.074882859
0.056689299
0.036806331
0.059201923
0.116124075
0.105566027
0.089881447
0.102466307
0.116756409
0.120648809
0.10446095
0.076330618
0.083281646
0.015455497
-0.062027824
-0.104210128
-0.095029593
-0.09160579
-0.088665787
-0.122303535
-0.157557681
-0.21360786
-0.283077927
-0.260139975
-0.221985158
-0.166931987
-0.085592707
-0.017807022
0.089702504
0.159323743
0.193306183
0.223407534
0.201646914
0.182127236
0.104786039
0.053267632
0.027534565
0.020921821
0.006181847
0.014495812
-0.057568058
-0.194839016
-0.263840487
-0.292300684
-0.257063
-0.175792961
-0.077400887
0.021318161
0.090441525
0.114776972
0.04849308
-0.016497115
-0.082965605
-0.105780282
-0.127047927
-0.134310598
-0.161332586
-0.083224344
0.011130315
0.079777921
0.1089603
0.090083638
0.034066509
0.094608372
0.190391564
0.268023419
0.302885246
0.288954163
0.303042325
0.362466796
0.395228424
0.466776826
0.498179287
0.470522954
0.382651229
0.300993898
0.275477977
0.224001415
0.151354345
0.060664887
-0.032696409
-0.054406135
-0.053376832
-0.059791532
-0.05205549
0.073764211
0.148985856
0.202829776
0.293254589
0.329906229
0.24100407
0.121024792
0.077216414
0.031815137
-0.036675516
-0.040197714
-0.065835779
-0.146664239
-0.201374603
-0.296513775
-0.36025991
-0.381700969
-0.391112973
-0.392007566
-0.46007838
-0.469397017
-0.399946428
-0.415360205
-0.444781343
-0.502900557
-0.537231837
-0.592342688
-0.639447196
-0.519399054
-0.43270994
-0.33842716
-0.323520054
-0.336023108
-0.397295951
-0.486526215
-0.552280816
-0.626800007
-0.540546189
-0.452543021
-0.420140788
-0.349885203
-0.201896857
-0.101098847
0.007386323
0.060094756
0.131817326
0.113295158
0.033434551
0.029059858
0.04707347
0.169855904
0.277029031
0.363471218
0.441672701
0.474275869
0.46698241
0.444861767
0.43440337
0.430158486
0.483863675
0.535875435
0.576580071
0.595069567
0.505309887
0.361623098
0.300959969
0.266704716
0.227337506
0.242590184
0.280729041
0.315663502
0.263448546
0.147424875
0.001324987
-0.11676131
-0.22882309
-0.235334173
-0.161224767
-0.057201374
0.035065149
0.117423427
0.15988646
0.195565974
0.171431714
0.100351405
-0.049201692
-0.12863203
-0.163826863
-0.116886722
-0.10637718
-0.129435517
-0.154818738
-0.19020483
-0.257820997
-0.254310234
-0.281962169
-0.291115308
-0.262247085
-0.245887948
-0.253610419
-0.277180077
-0.267485206
-0.244348204
-0.252680139
-0.298653055
-0.262547042
-0.261509069
-0.23996949
-0.155483116
-0.106994811
-0.077653971
-0.043826724
0.009071333
0.053098741
0.06017229
0.083926547
0.06965454
0.050093896
0.061588508
0.046657024
0.076632837
0.127153483
0.159728628
0.167994967
0.138216067
0.142842965
0.189973485
0.170476301
0.164931563
0.147627946
0.117197611
0.110546665
0.063907988
-0.01100126
-0.052230035
-0.087022622
-0.118174135
-0.11735959
-0.06604086
-0.051626352
-0.075983915
-0.143020777
-0.176644702
-0.136389812
-0.135752325
-0.12870793
-0.112918799
-0.01915978
0.067710037
0.144846152
0.188359097
0.279667443
0.322354031
0.387969146
0.373206678
0.369841182
0.332465851
0.261549407
0.092557056
0.013325516
-0.016080543
-0.036388502
-0.120593141
-0.234502286
-0.264507379
-0.288310393
-0.337109713
-0.354736283
-0.389848305
-0.367371283
-0.334511136
-0.300884321
-0.205119852
-0.132127336
-0.112738975
-0.091900217
-0.041652133
0.057758562
0.096974599
0.088235895
0.081445967
0.083151711
0.066923514
0.106015523
0.099791453
0.085865018
0.056427293
0.009152009
0.024713314
0.080691865
0.118035529
0.200889797
0.283358532
0.311735288
0.343987103
0.324147865
0.327276613
0.329478096
0.264487273
0.213902036
0.156946835
0.090371908
0.00443966
-0.024295109
-0.046780299
-0.080250035
-0.145830468
-0.181204747
-0.210810987
-0.160003201
-0.062758552
-0.065688502
-0.05013813
-0.078915121
-0.085751419
-0.066992629
-0.088377517
-0.070299943
-0.058049471
-0.054582565
-0.059147637
0.010185081
0.107873947
0.223422236
0.236240954
0.205077629
0.091378843
-0.016268157
-0.087105183
-0.094816721
-0.150647744
-0.1250421
-0.013376786
0.118379217
0.183370919
0.173739382
0.233690883
