-0.433297925
-0.459268533
-0.450477198
-0.399092325
-0.343006015
-0.245225968
-0.226332197
-0.189235827
-0.241551261
-0.288655723
-0.336940954
-0.387629669
-0.43887959
-0.438834606
-0.420805013
-0.221679512
-0.084165939
0.040337043
0.115331957
0.101116523
0.044808697
-0.064430966
-0.124297271
-0.155850151
-0.111744178
0.049301262
0.262075399
0.314412231
0.372719171
0.462646589
0.446079463
0.469980077
0.451848967
0.471969586
0.522010775
0.591514357
0.638071837
0.623671239
0.487557276
0.413972428
0.295482472
0.289102402
0.199379722
0.065839817
-0.048870388
-0.033357834
-0.103134724
-0.105169947
-0.125667095
-0.238646753
-0.238576115
-0.311077578
-0.319182968
-0.347356941
-0.249679386
-0.196922865
-0.208601201
-0.222126191
-0.173226868
-0.066607098
0.009351568
0.067686836
0.089650341
0.12618745
0.171951753
0.141257338
0.105419426
0.04902917
-0.026818009
-0.062791116
0.021255189
0.150545928
0.264385632
0.296127081
0.265788647
0.23373693
0.235037333
0.257183692
0.209929202
0.354298704
0.508407609
0.605920183
0.517805499
0.377673613
0.291537253
0.194227472
0.128634702
0.023152299
-0.075531197
-0.089992827
-0.103215574
-0.065745958
-0.0880004
-0.16892749
-0.227833325
-0.259201528
-0.206680384
-0.085783418
-0.031180608
0.097898342
0.053322103
-0.056161202
-0.147054804
-0.115504112
-0.161946093
-0.24413237
-0.368919845
-0.46534563
-0.454366248
-0.40055005
-0.342421466
-0.228612765
-0.230062587
-0.232292335
-0.314998725
-0.349748024
-0.416063455
-0.375549151
-0.448181433
-0.454348984
-0.422614951
-0.402966178
-0.367502849
-0.39145951
-0.353239877
-0.312062485
-0.228543951
-0.146750737
-0.108063392
-0.069916098
-0.079470459
0.111496523
0.260185098
0.417165685
0.453560183
0.492499317
0.499723993
0.394624318
0.262399527
0.138820542
0.129925379
0.167355603
0.192825672
0.162041532
0.070205698
0.102461666
0.159779566
0.150583131
0.107725039
0.027725106
-0.040457162
-0.11951316
-0.110005364
-0.12788201
-0.179337642
-0.207857992
-0.129326605
-0.084106001
-0.028865998
-0.053049768
-0.083484735
-0.072234477
0.016132118
0.017282493
0.004586059
0.023315943
0.059989464
0.017645648
0.032985439
0.065390706
0.028385885
0.03058694
0.060554074
0.083555129
-0.035476338
-0.074483556
-0.19653272
-0.140107935
0.069503217
0.104817491
0.093580242
0.072918963
0.138090585
0.168343792
0.063284239
0.181543074
0.250569947
0.15970285
-0.041863946
-0.249608992
-0.419306438
-0.545532672
-0.672288258
-0.766008923
-0.429466867
-0.117534958
-0.115425816
-0.201663937
-0.328525782
-0.272838736
-0.238793376
-0.384490271
-0.556973808
-0.757306097
-0.827409425
-0.709683589
-0.416503326
-0.042678886
0.179251321
0.576609208
0.899164153
0.909090909
0.778335636
0.726156005
0.718454256
0.669205516
0.494903165
0.509330876
0.474673247
0.430023453
0.25521789
0.054681472
-0.187837432
-0.112921057
0.015679482
0.21883786
0.329815243
0.401478909
0.372148846
0.377766255
0.378369771
0.373016795
0.365913819
0.518964141
0.566414858
0.564400426
0.46931942
0.454821924
0.280697929
0.26667313
0.280255262
0.223815159
0.092682871
-0.09460454
-0.31417187
-0.453060374
-0.525752472
-0.538776195
-0.335800792
-0.192483916
-0.01918094
-0.030225974
-0.029919232
-0.035801438
-0.123472361
-0.243602045
-0.44231807
-0.518131208
-0.597456137
-0.59370751
-0.67026957
-0.630852268
-0.613129783
-0.530673358
-0.455273709
-0.399233599
-0.223096752
-0.144629923
-0.100531001
-0.105713159
-0.07241271
-0.010563219
0.104471479
0.295804412
0.381954024
0.357015252
0.32587902
0.280642125
0.310688527
0.311187971
0.199249146
0.108822649
0.034925344
-0.05541386
-0.122433109
-0.151246463
-0.184120658
-0.269750279
-0.311020436
-0.231211746
-0.173589658
-0.101911889
-0.062563279
0.065108401
0.151683781
0.244773453
0.30621201
0.341065137
0.384996037
0.447568799
0.42215113
0.361355723
0.462893028
0.437328492
0.403065507
0.413198582
0.387943827
0.295960154
0.205935837
0.16124726
0.203112057
0.259655137
0.293607125
0.296161244
0.27145724
0.297018494
0.288094152
0.243994865
0.101531835
-0.003879446
-0.026641113
-0.063135913
-0.161680079
-0.256855551
-0.239331847
-0.17852951
-0.206238932
-0.180650445
-0.03655875
0.069474647
0.235223955
0.371422172
0.403251401
0.22660283
0.116797098
-0.022207756
-0.151210719
-0.286412479
-0.341176624
-0.387614107
-0.312522902
-0.277543699
-0.208904539
-0.164011224
-0.107185109
-0.070380527
0.028022365
0.091960696
0.142138781
0.153102479
0.20466899
0.191552382
0.114142312
0.078767006
0.026345556
-0.011214758
-0.068982862
-0.101288799
-0.090270999
-0.159850567
-0.21483331
-0.25599891
-0.302548123
-0.290086336
-0.286438983
-0.315326014
-0.320150246
-0.263220424
-0.183342799
-0.084134328
-0.047076863
-0.021904904
-0.010715557
-0.020341284
-0.012966095
-0.041594163
-0.068970704
-0.106725786
-0.125355611
-0.152222738
-0.077620887
0.005792725
0.048013382
0.160767269
0.224806631
0.258530902
0.352135216
0.397061722
0.392055366
0.361011291
0.287739143
0.242154654
0.184192025
0.158733383
0.147995456
0.172766207
0.15231611
0.191590314
0.222815055
0.122520524
0.026722814
-0.071993994
-0.173921445
-0.290964253
-0.27965199
-0.234906757
-0.170904477
-0.144893626
-0.105994127
-0.052795912
0.029154139
0.055128272
0.060637233
0.039950666
-0.050129211
-0.116649137
-0.168989738
-0.140249453
-0.089342869
-0.027608755
0.021972988
0.073115434
0.10099616
0.144406705
0.19216842
0.206840138
0.213811687
0.181553773
0.155650155
0.082016311
-0.001498211
-0.048176419
-0.027453135
0.063336882
0.146278769
0.194541387
0.217200442
0.263144803
0.231330042
0.103557817
0.052305708
0.032896444
0.015909994
0.0681678
0.075445727
0.039056092
0.034454593
-0.034976286
-0.10997351
-0.109960136
-0.140781723
-0.166703456
-0.253871288
-0.480003974
-0.446251375
-0.530128808
-0.428966208
-0.263222978
-0.127613322
-0.05190304
0.054573145
0.150161254
0.199300817
0.132985142
0.170678827
0.19986105
0.218732816
0.176931483
0.066847459
0.046766839
0.039455964
0.077667329
-0.004393844
-0.045921625
-0.062025659
0.028967759
0.110807903
0.115296334
0.100601638
0.133878501
0.124512829
0.102722695
0.089764625
0.065003357
0.02048961
0.00685994
-0.049270989
-0.17140234
-0.250627454
-0.319843382
-0.350997607
-0.382534925
-0.385783379
-0.319617367
-0.259584379
-0.09085494
0.035861255
0.083739685
0.075064579
0.017061585
-0.049474268
-0.119334805
-0.151199412
-0.206064467
-0.280205172
-0.289232855
-0.288576818
-0.347674018
-0.416544055
-0.406182291
-0.36968664
-0.36354146
-0.256888499
-0.229242905
-0.143322104
-0.040251695
0.019736918
-0.045583273
-0.146957055
-0.204713002
-0.108233358
-0.020837081
0.089249497
0.158936055
0.259912519
0.323769878
0.306382828
0.25317902
0.1636381
0.071483
0.011861919
0.044504143
0.070617848
0.130219477
0.162727721
0.17249144
0.186040989
0.184041875
0.208411782
0.224795324
0.230315592
0.174526176
0.145456656
0.136012445
0.094415121
0.038377685
-0.012482456
-0.004539252
-0.025126489
-0.098883978
-0.108675053
-0.06116537
0.012537774
0.085797886
0.159287173
0.210783898
0.24809072
0.217341595
0.156366009
0.210197647
0.237311943
0.195004479
0.143456691
0.114376351
0.079343288
-0.047015831
-0.163276161
-0.207944799
-0.256907465
-0.275263374
-0.313680207
-0.419403214
-0.396700877
-0.312594877
-0.252604684
-0.193232839
-0.221405718
-0.235968502
-0.265028782
-0.275146537
-0.147559233
-0.096552347
-0.061874415
-0.075565968
-0.122409158
-0.145586015
-0.217622076
-0.38243438
-0.487050659
-0.471633057
-0.473791074
-0.503237366
-0.403951571
-0.264609093
-0.166751845
-0.001902216
0.060823613
0.181033417
0.204059761
0.139515727
0.147405315
0.130860195
0.191251961
0.266798963
0.266252833
0.323395417
0.357729768
0.354656752
0.351809264
0.347586117
0.319308315
0.300868396
0.191285274
0.133575649
0.085365431
-0.055328634
-0.183543161
-0.138469909
-0.076344921
-0.09356164
-0.036138697
0.156860833
0.333533597
0.43830112
0.490893753
0.477333626
0.436333981
0.314927966
0.281996508
0.266253076
0.228856286
0.265077535
0.298723145
0.304630883
0.27871924
0.308469356
0.304938598
0.289956125
0.265715092
0.134761889
-0.014838767
-0.112927014
-0.145489604
-0.156755667
-0.178801724
-0.238261592
-0.257915107
-0.260118351
-0.241553084
-0.205011234
-0.184628734
-0.202461856
-0.214588573
-0.235767046
-0.289961353
-0.314058802
-0.385080534
-0.296490114
-0.261313224
-0.144954416
-0.026773633
0.01690256
0.039004908
0.023422932
0.007942231
-0.016697458
-0.038062675
0.049791588
0.143418029
0.211121765
0.21198485
0.184080051
0.177415487
0.114504251
0.085767613
0.082911736
0.050378325
0.027463956
0.034712582
0.087878457
0.166690083
0.229739432
0.256252279
0.331832472
0.327325074
0.306503677
0.339158787
0.308967706
0.302224846
0.248588219
0.223575285
0.202884098
0.102393461
0.053708601
-0.032606236
-0.067616199
-0.089107493
-0.116805001
-0.204615253
-0.290036489
-0.310714788
-0.256061036
-0.227024707
-0.132502111
-0.044337094
0.008784891
-0.055511974
-0.062986736
-0.136661431
-0.182762506
-0.273721395
-0.326160596
-0.315979133
-0.2655247
-0.273695256
-0.351038943
-0.356987897
-0.349005666
-0.354874986
-0.378342051
-0.399255483
-0.330784101
-0.257527151
-0.242397933
-0.244203129
-0.21860832
-0.214764375
-0.237172006
-0.233311284
-0.204156294
-0.155544017
-0.126769568
-0.118533846
-0.072164812
-0.095761601
-0.031187538
0.0875829
0.157505563
0.148569428
0.140739657
0.200808997
0.257131778
0.29275559
0.329327471
0.385332202
0.329955301
0.206092917
0.143671034
0.117271133
0.17522586
0.135998342
0.123582633
0.066866668
-0.010019277
-0.089424327
-0.205275667
-0.265179296
-0.266415991
-0.291526554
-0.277475736
-0.312629405
-0.367694213
-0.3375345
-0.321187796
-0.315794213
-0.363612097
-0.339423828
-0.217558247
-0.18474545
-0.159954152
-0.022044233
0.096648273
0.225255255
0.367435008
0.473689556
0.510061805
0.467379758
0.358633582
0.290116487
0.209820025
0.139747091
0.144672475
0.082571438
0.051954103
0.100990811
0.137983109
0.09783962
-0.03844358
-0.053222531
