-0.115613679
-0.211369229
-0.303125422
-0.289407705
-0.288597796
-0.211180937
-0.178477738
-0.146759561
-0.209833455
-0.346657639
-0.422909389
-0.414401987
-0.626539143
-0.651170711
-0.740258456
-0.505084062
-0.309494926
-0.11564927
0.089364976
0.203691149
0.423184568
0.470557442
0.456687181
0.48801591
0.586754385
0.647373693
0.701361656
0.68356614
0.591866292
0.61787675
0.619745389
0.687150559
0.684255545
0.686926991
0.649543237
0.587628137
0.503436386
0.509632197
0.300507007
0.128156266
-0.053159429
-0.093664764
-0.194378257
-0.311755223
-0.44713478
-0.411180973
-0.346748076
-0.279103003
-0.165958194
-0.25587471
-0.220861655
-0.372020911
-0.469084248
-0.379939209
-0.231285993
-0.009899629
0.141072676
0.230915643
0.307335562
0.396186641
0.399084495
0.412892886
0.425896734
0.402397682
0.374444247
0.279731801
0.180539799
0.0703776
-0.046919347
-0.057801
0.016954672
0.057314486
0.097746429
0.206355888
0.23383583
0.110804729
0.053857831
0.046306016
-0.043070166
0.050078096
0.085328371
0.149450894
0.229032246
0.169084114
0.14884072
0.101837407
0.097694976
0.087310175
0.053244342
0.126561543
0.27006521
0.305573854
0.298247894
0.156399953
0.000370429
-0.146991494
-0.307116572
-0.336098828
-0.499438449
-0.537621223
-0.554025854
-0.653262049
-0.792563625
-0.745542636
-0.730653497
-0.78307412
-0.836248148
-0.909090909
-0.899119072
-0.837037145
-0.745136063
-0.560944136
-0.420345742
-0.304584175
-0.3260551
-0.261159757
-0.146363642
0.002481812
0.012023481
0.013596108
0.082090233
0.022300247
-0.134813891
-0.270606333
-0.301587518
-0.287546011
-0.2742295
-0.235356058
-0.220734917
-0.144011646
-0.121775083
-0.116801673
-0.213771653
-0.269566937
-0.19223144
-0.197662166
-0.172523882
-0.227288293
-0.239470473
-0.190124318
-0.07766639
0.161607979
0.289326975
0.237459155
0.063513217
-0.007839383
-0.005008843
0.026801506
0.032552471
-0.017140597
-0.037829074
0.057175042
0.155022168
0.190811751
0.179796336
0.211578119
0.344707322
0.467183174
0.502599724
0.45239631
0.413685592
0.445912537
0.465633353
0.449780736
0.395052468
0.303478648
0.229777682
0.121131685
0.075882269
-0.017641473
-0.158433762
-0.127630847
0.002884439
0.142777092
0.055571717
0.052980212
-0.074158203
-0.015512728
0.184625962
0.252184859
0.145181252
0.108821662
0.151578613
0.065580171
-0.2051791
-0.228917109
-0.231934994
-0.393442908
-0.456486499
-0.578702877
-0.67142539
-0.682723559
-0.689426165
-0.625027043
-0.361824875
-0.18377628
-0.317667806
-0.396055799
-0.363183799
-0.141996539
0.039183106
0.093026811
0.068360757
0.009485797
-0.117160896
-0.022578503
0.096206789
0.275201107
0.42186881
0.540086858
0.70177099
0.65592592
0.564450981
0.450234974
0.427613382
0.419364744
0.314468731
0.284403834
0.248356749
0.204619826
0.119440053
0.04132132
-0.107538733
-0.028264836
0.06457392
0.164792376
0.200711301
0.242893668
0.165779135
0.069427773
0.026816974
-0.032777143
-0.08815457
0.029541136
0.125781069
0.273733832
0.328648025
0.355154782
0.3655646
0.428249441
0.466275883
0.394990756
0.323884135
0.174699344
0.021891307
-0.0167678
-0.044159673
-0.028888268
0.116033115
0.279193282
0.407637985
0.365568151
0.382544446
0.343220554
0.173375222
0.089961971
-0.040153529
-0.089447048
-0.094853467
-0.114519753
-0.188839654
-0.190403206
-0.183825602
-0.124901004
-0.057685231
0.045898812
0.192719138
0.22696695
0.206637142
0.168908291
0.207791991
0.287447761
0.389683138
0.512318084
0.498618597
0.401420156
0.259897741
0.114229739
0.081282612
0.05050566
-0.098360392
-0.164927163
-0.198609546
-0.353903499
-0.525614235
-0.614434063
-0.627344948
-0.692409485
-0.674321035
-0.485920546
-0.414557608
-0.388212707
-0.384687553
-0.255728953
-0.144481114
-0.092099633
-0.092556317
-0.092353425
-0.04780904
-0.02953498
0.0179131
0.027840823
0.129850187
0.131279583
0.131665558
0.169474904
0.14536544
0.036429903
-0.005452585
-0.00644542
0.093645824
0.170499069
0.16746035
0.122162558
0.099623986
0.180521569
0.220933705
0.276432977
0.296147638
0.302765173
0.298589362
0.262104218
0.151664709
0.08894483
0.087065221
0.10803669
0.06111324
-0.007044705
-0.02059812
0.018370573
0.226947457
0.32493158
0.376866399
0.308753358
0.268025797
0.225090024
0.125462487
-0.027599342
-0.120376543
-0.193525101
-0.121612438
-0.064524282
-0.028260417
-0.090728161
-0.137040648
-0.150605427
-0.120610607
-0.153244518
-0.127646236
-0.148898091
-0.069496429
-0.088804755
-0.18038907
-0.193302007
-0.177243026
-0.152148146
-0.132640401
-0.101251144
-0.091607122
-0.121708242
-0.169968836
-0.208703544
-0.235524621
-0.244228681
-0.334968601
-0.36153707
-0.397880482
-0.343431101
-0.318937556
-0.269481077
-0.241406033
-0.20133205
-0.175333588
-0.153777198
-0.157302667
-0.227990325
-0.222165654
-0.200775854
-0.173247142
-0.139986641
-0.118176301
0.03090298
0.13312068
0.195892013
0.296425579
0.36990787
0.36568755
0.384723302
0.394585683
0.394836555
0.370605009
0.298314815
0.259422433
0.242955222
0.269049804
0.266692757
0.251928069
0.200911115
0.174617982
0.140452006
0.060908691
0.020317417
0.036456261
0.055428091
-0.017842944
-0.076964831
-0.115045015
-0.122655227
-0.098818654
-0.060178328
-0.049152812
-0.047718839
-0.058566796
-0.038898774
-0.08623361
-0.119808431
-0.163714075
-0.161716724
-0.123438937
-0.035808207
0.012452623
0.074862207
0.086720992
0.112306806
0.14887418
0.199214354
0.193273598
0.188015934
0.204895952
0.253880358
0.246665591
0.188935852
0.139721722
0.12875997
0.090949677
0.065310122
-0.016250509
-0.028720336
-0.015210956
0.006202755
0.062033868
0.116926201
0.149034299
0.154202789
0.121341995
0.184006871
0.229277594
0.234496195
0.283179381
0.247566569
0.218508159
0.217673391
0.154378297
0.109045309
-0.02330855
-0.212526367
-0.145020659
-0.190007681
-0.135339231
-0.082765907
-0.045884134
-0.045356426
0.026531537
0.033978
0.022194974
-0.081740637
-0.113309979
-0.044940147
0.0220665
0.01121373
-0.000498904
-0.017634292
-0.011582107
-0.003141861
0.033471994
-0.028968288
-0.03700062
-0.078212406
-0.066168485
-0.084122148
-0.127210307
-0.20063357
-0.24062185
-0.282082298
-0.275856105
-0.224662223
-0.167166469
-0.084679291
-0.036997937
-0.023348245
-0.095258146
-0.145841537
-0.182583394
-0.155599671
-0.102067761
-0.062461984
-0.044918997
-0.043006008
0.054990662
0.133577364
0.226118924
0.278687197
0.317648314
0.311758537
0.27794263
0.267556881
0.238793379
0.165592342
0.139292185
0.143441876
0.055472205
-0.103036291
-0.259830979
-0.403259439
-0.513141015
-0.563103736
-0.563679346
-0.465527054
-0.382396558
-0.317659836
-0.39560748
-0.44382396
-0.433343276
-0.35317724
-0.279511469
-0.159466687
-0.089188836
0.059206642
0.19547384
0.265345512
0.24845129
0.188344222
0.151117273
0.135793074
0.107624357
0.110468549
0.15699971
0.172507151
0.208208902
0.302427968
0.324393219
0.338493203
0.292070155
0.209350177
0.127580499
0.079841773
0.105982678
0.114837151
0.083031221
0.024757596
0.016901956
0.099634087
0.135642582
0.12530726
0.13061251
0.182016544
0.217268476
0.20575976
0.208232261
0.182558298
0.144026403
0.131698703
0.1729737
0.174427559
0.135690957
0.116823138
0.112650719
0.089047341
0.017575342
-0.090550049
-0.204449843
-0.265897447
-0.325346123
-0.366339313
-0.523125794
-0.619198426
-0.581029384
-0.595633795
-0.642292642
-0.759671581
-0.732423729
-0.711067311
-0.665635757
-0.492861477
-0.377685384
-0.287880375
-0.245771715
-0.272376249
-0.303950405
-0.384766232
-0.449734571
-0.537568428
-0.405748748
-0.312793277
-0.203832329
-0.122724278
0.09456369
0.218077596
0.350159433
0.37432106
0.433297505
0.341966193
0.203622256
0.140675179
0.112161365
0.140171856
0.188338225
0.219042969
0.269364756
0.264293096
0.212255213
0.152884664
0.186829045
0.180903125
0.202425503
0.156258458
0.152532464
0.101886729
-0.044187135
-0.1911604
-0.259243216
-0.294075318
-0.325350148
-0.294497832
-0.200370387
-0.115661739
-0.028530308
-0.002306226
0.022839792
0.028246764
-0.009915728
0.034302974
0.191649675
0.301175737
0.410072211
0.481090604
0.506276001
0.489807606
0.49853976
0.456976722
0.414824658
0.46431144
0.466463386
0.43870211
0.405508056
0.355467603
0.306470412
0.218408173
0.061403964
-0.026698837
-0.083165693
-0.088944514
-0.06591564
-0.037328198
-0.048234078
-0.088714397
-0.185051711
-0.292109455
-0.369422146
-0.428052547
-0.366369222
-0.372452736
-0.324162154
-0.169681741
-0.08732288
-0.039807327
-0.027489728
-0.058166615
-0.068440225
-0.092505338
-0.03543036
-0.016664815
0.010784745
0.012983961
-0.017138545
0.013877994
0.040963991
0.099691538
0.132910686
0.230888732
0.326064333
0.387431838
0.405275335
0.39783258
0.393393586
0.367430398
0.359665117
0.337606666
0.289656368
0.227810872
0.183827022
0.135508426
0.099126266
0.069768056
0.095966649
0.032706908
0.060888331
0.021500597
-0.011587868
-0.018929531
0.007836542
-0.013112436
-0.087827071
-0.139581016
-0.113811329
-0.130696161
-0.073369521
-0.036599256
7.71793E-05
0.004607243
-0.006162824
-0.008907583
-0.070637231
-0.198505851
-0.2526825
-0.208648619
-0.166035058
-0.144191889
-0.198814489
-0.159240989
-0.148542103
-0.180261464
-0.188780625
-0.220533209
-0.144923514
-0.062781355
0.024271082
0.087284133
0.112694202
0.056316442
0.045242551
0.067507681
0.145358654
0.157007286
0.107676204
0.063981501
0.036033432
-0.008168855
-0.005714348
-0.016629777
-0.036347121
-0.132614753
-0.214995158
-0.240179055
-0.236209608
-0.141934038
-0.018722378
0.109645382
0.143651554
0.132408942
0.109588799
0.116585681
0.192133822
0.204149806
0.209280179
0.223043746
0.25204731
0.184213313
0.075020985
0.015887261
-0.008755197
-0.033140943
-0.083205624
-0.201920286
-0.271449702
-0.235341853
-0.260244417
-0.273158775
-0.317581709
-0.310695073
-0.315097609
-0.389138464
-0.380125055
-0.296966071
-0.173114722
-0.094804145
-0.011637663
0.046562017
0.05221197
-0.011198499
-0.105551326
-0.106347978
-0.124220437
-0.117305943
-0.074336867
-0.094507975
-0.052184271
0.000930098
-0.010872262
-0.117159239
-0.251116423
-0.282018219
