-0.190485057
-0.266824496
-0.255794421
-0.195705529
-0.112575839
0.005854254
-0.038202656
-0.075101916
-0.145853761
-0.185587334
-0.224760853
-0.26999079
-0.388749695
-0.328198317
-0.364426862
-0.220762883
-0.141772279
-0.039552355
0.078935894
0.069873727
0.0449845
-0.016930909
-0.077487937
-0.108955603
-0.102488789
-0.054649718
-0.018032276
-0.027214474
-0.007108727
0.083502876
0.170875422
0.278919007
0.39159269
0.40356648
0.30841077
0.125677456
-0.01058702
-0.106920168
-0.150140854
-0.203128736
-0.26822987
-0.255706085
-0.271484775
-0.293589025
-0.310721134
-0.295321694
-0.324455018
-0.318876932
-0.243305088
-0.269612092
-0.226052947
-0.21523937
-0.214746841
-0.141259079
-0.043551703
-0.007169363
-0.039691542
-0.133841936
-0.199019554
-0.108943062
0.005232599
0.061183782
0.085438813
0.126230758
0.165148366
0.135867036
0.062279638
0.009693744
-0.071292055
-0.099258276
0.01022417
0.158446036
0.254863798
0.288230056
0.261673756
0.292795935
0.394315378
0.453040514
0.441920449
0.596520795
0.773119552
0.812199636
0.713151794
0.54472358
0.460033206
0.362403967
0.306901213
0.206162733
0.161622804
0.174499517
0.193510373
0.204088712
0.186643363
0.087245624
-0.049159968
-0.140865497
-0.146758751
-0.026122478
0.052967486
0.200357953
0.209456501
0.109134341
0.008701383
0.049185738
-0.001773599
-0.07914302
-0.145117724
-0.232625323
-0.291716893
-0.381104479
-0.382276955
-0.345290049
-0.400921378
-0.420510618
-0.494282266
-0.545031032
-0.545500133
-0.418429844
-0.396151404
-0.398503937
-0.4203407
-0.518400591
-0.596187022
-0.636256573
-0.608448005
-0.604281771
-0.475156891
-0.362596211
-0.290958945
-0.19362944
-0.092062729
0.058425678
0.107707193
0.16962274
0.21639903
0.171575766
0.203298516
0.217762372
0.1905264
0.087154946
0.12352447
0.212594544
0.25265059
0.178858408
0.041438957
-0.00896322
0.050709076
0.067247092
0.052254188
-0.013099687
-0.102205316
-0.18903462
-0.182207161
-0.124818769
-0.063693969
-0.021519251
0.047389401
0.144079335
0.220549417
0.211277643
0.159320433
0.212677229
0.299571717
0.314074159
0.263606937
0.237785848
0.195410343
0.110796315
0.062288044
-0.00849026
-0.083083111
-0.067569014
-0.024729507
-0.004128475
-0.132732713
-0.102768541
-0.215503411
-0.190262772
-0.015283405
0.028564724
0.08051091
0.118650311
0.184771506
0.216721641
0.061366379
0.131557893
0.153203791
-0.000141943
-0.189187175
-0.395326343
-0.575451764
-0.70422785
-0.833046519
-0.909090909
-0.685268672
-0.416580037
-0.351013798
-0.333068065
-0.308568837
-0.150499156
-0.042344498
-0.141256185
-0.237584096
-0.293478916
-0.372591894
-0.27040146
-0.117980837
0.051472123
0.182293843
0.240537199
0.447210652
0.533061238
0.497888997
0.486618997
0.402414536
0.32898741
0.200679874
0.188215898
0.179898451
0.187907345
0.14150617
0.109236044
-0.048545754
-0.054271157
-0.01673715
0.107551194
0.194082969
0.258678069
0.294368333
0.305832231
0.308057842
0.322296243
0.405568014
0.547043177
0.594516091
0.547383703
0.438347895
0.351009112
0.221604618
0.183567747
0.118961759
0.077860572
0.034836952
-0.007078685
-0.101577873
-0.157332679
-0.185399501
-0.143248211
-0.086044621
-0.025177936
0.076874964
0.109236871
0.095988763
0.117582431
0.113800132
0.057414713
-0.059023355
-0.063755707
-0.109766194
-0.13102981
-0.212645395
-0.230531732
-0.24450995
-0.258559002
-0.191853636
-0.120188257
-0.039924576
-0.027529781
-0.01243228
-0.033097668
-0.010602593
-0.010135834
0.025957658
0.062990731
0.063952912
0.051162329
0.056474719
0.030186182
0.034622384
0.030343835
-0.00912983
-0.04247266
-0.037726526
-0.020038496
0.01373595
0.044393576
0.050618674
-0.004155072
-0.022948053
0.011628717
-0.007123886
0.002900185
0.001327925
0.046373888
0.081197887
0.11302606
0.150285002
0.16322428
0.196066174
0.246814526
0.287192631
0.272970905
0.33204139
0.314362317
0.28489467
0.288441316
0.30715423
0.274056838
0.245814999
0.277573304
0.312020258
0.376620733
0.380674377
0.345000099
0.174683078
0.009875514
-0.104882252
-0.17971048
-0.208924421
-0.197457492
-0.123458735
-0.075063881
-0.081549299
-0.105479653
-0.060019161
-0.038313592
-0.068134856
-0.072808916
-0.022527047
-0.047347369
-0.000173363
0.038006829
0.168985926
0.151836039
0.150022752
0.135122041
0.073039057
-0.021718385
-0.023879226
-0.062209907
-0.012835232
0.032287215
0.018553469
-0.023743623
-0.069818742
-0.104143183
-0.063690524
-0.046873307
0.00042638
-0.008809425
0.00915877
0.05252829
0.012255884
0.053131754
0.024314702
0.026397268
-0.009089866
-0.024249932
-0.037370153
-0.106958754
-0.184679037
-0.23572037
-0.298051548
-0.289485631
-0.320337292
-0.327048441
-0.335283755
-0.228868794
-0.161486649
-0.104494044
-0.077200881
-0.045444093
0.009507426
0.040790291
0.063391203
0.054130592
-0.010937055
-0.054061137
-0.112484058
-0.145882425
-0.161356006
-0.090718818
-0.043469844
-0.008426868
0.039893018
0.087699428
0.104777103
0.151844032
0.210224095
0.240721863
0.263356125
0.228324449
0.238334326
0.216796057
0.221614816
0.244542473
0.303786322
0.239831894
0.187235113
0.143944972
0.108320718
0.082467243
0.099158089
0.084728547
0.003949875
-0.01139265
-0.002168559
0.021086256
0.024917064
0.017177449
0.02311301
0.045941858
0.063874223
0.071274553
0.025709465
-0.046793378
-0.118907187
-0.146280417
-0.1043459
-0.047095179
0.01766791
0.068816872
0.077654134
0.11934156
0.180032676
0.230900784
0.267626405
0.28190298
0.239634001
0.233821503
0.154754829
0.070995491
0.034636716
0.03454466
0.064348009
0.11828815
0.085590265
0.020073775
0.005695774
-0.049795129
-0.155926203
-0.184384539
-0.155886377
-0.143010077
-0.098973425
0.000750369
0.022759944
-0.041656143
-0.080510634
-0.189318369
-0.257953333
-0.251122979
-0.296151854
-0.345184074
-0.444384194
-0.650638571
-0.589525484
-0.600499196
-0.510827586
-0.361476377
-0.251145856
-0.194301809
-0.050045252
0.06899809
0.129284462
0.154912895
0.245202026
0.278516192
0.281795075
0.185636945
0.091622155
0.023576323
-0.006165013
-0.035249965
-0.05344651
-0.117284213
-0.107828741
-0.09023194
-0.091478834
-0.116951129
-0.121673836
-0.136035714
-0.077187652
-0.054363627
-0.057602546
-0.056996463
-0.048022632
-0.02408594
-0.009346466
-0.029085641
-0.137374112
-0.187292718
-0.241449493
-0.268017369
-0.265348013
-0.24877017
-0.228672554
-0.141705717
-0.06132793
-0.029217938
-0.001765881
0.018872772
0.04718007
0.083496537
0.083995818
0.112508175
0.091770437
0.035381159
0.000522709
0.019601091
-0.039552906
-0.110689375
-0.135626973
-0.203975433
-0.251157432
-0.260349138
-0.208499832
-0.008044173
0.170621303
0.217197908
0.194154078
0.059959627
0.003648349
0.084391191
0.19264328
0.302396796
0.315011259
0.297540967
0.292825564
0.278689968
0.245221871
0.175781827
0.14260988
0.113867383
0.106749009
0.112740521
0.076632007
0.029113479
-0.007357885
-0.000153519
-0.033968619
-0.013614541
0.021410796
0.035429668
0.017318978
0.010547745
0.022219044
0.011380937
-0.020331202
-0.070947533
-0.091596109
-0.113737567
-0.125276846
-0.119514648
-0.099470364
-0.067228626
-0.048821785
-0.024945866
-0.014775029
0.007252737
0.02211872
0.024199494
0.087492302
0.139559759
0.170850479
0.157737562
0.112960463
0.104810729
0.057058615
-0.008925322
-0.071193797
-0.132804925
-0.152768178
-0.162785497
-0.244113612
-0.23520028
-0.171953913
-0.125325768
-0.13046824
-0.248577652
-0.295328309
-0.344414963
-0.370675111
-0.291909687
-0.274429335
-0.24875887
-0.24475966
-0.296573549
-0.262064444
-0.246694495
-0.295144748
-0.357938688
-0.297044855
-0.254172963
-0.20896094
-0.13618937
-0.01821818
0.019381562
0.059604081
0.065432978
0.163475367
0.235955885
0.241462723
0.25336499
0.229812784
0.253526364
0.273599726
0.328685747
0.327553372
0.328521616
0.303057451
0.272653669
0.323849762
0.345844178
0.296740298
0.221847438
0.140104242
0.038548693
-0.120971149
-0.287063229
-0.247841339
-0.180633523
-0.144617065
-0.057813945
0.069177517
0.14155523
0.189204401
0.265138406
0.286306934
0.321432596
0.255933332
0.224150084
0.181745501
0.156531322
0.198980279
0.245617933
0.22141017
0.160370536
0.210540642
0.225540437
0.271496351
0.272761573
0.179181845
0.078079274
0.062242981
0.069969642
0.093680191
0.062265719
-0.020745455
-0.024975082
-0.026925627
-0.046897286
-0.077758042
-0.120527129
-0.192998138
-0.198828
-0.21859584
-0.260759119
-0.279275656
-0.348661127
-0.373851603
-0.421234941
-0.363777921
-0.227630307
-0.174056186
-0.171437131
-0.183343256
-0.178535935
-0.164657629
-0.169540882
-0.077091599
0.016161109
0.097267904
0.134922219
0.123372329
0.163964037
0.198973113
0.244289181
0.326735477
0.303833452
0.322995899
0.323662893
0.353301699
0.396085531
0.447511075
0.464507443
0.467300413
0.425766644
0.330139905
0.297516712
0.263480429
0.341426993
0.315366254
0.309841914
0.250629762
0.135347772
0.083472696
-0.043799621
-0.131836543
-0.179003934
-0.183112564
-0.211094771
-0.273720722
-0.332641272
-0.313960191
-0.259877694
-0.14803803
-0.093073557
-0.077325323
-0.144435295
-0.190846943
-0.226763489
-0.234549822
-0.230746438
-0.232223886
-0.189858303
-0.15464279
-0.17354588
-0.301120274
-0.332290962
-0.323051022
-0.302870307
-0.254643856
-0.236678968
-0.139511526
-0.096725902
-0.142867445
-0.221233499
-0.265074187
-0.318888646
-0.370319014
-0.394154555
-0.357107288
-0.313357829
-0.274720111
-0.257039523
-0.238154486
-0.25700259
-0.205602127
-0.125233712
-0.027754684
0.025643454
0.059983193
0.10388176
0.16953909
0.206740566
0.23672224
0.287828343
0.285496481
0.208111763
0.156897893
0.15230831
0.192404734
0.18236757
0.183598478
0.144343101
0.12682995
0.071366472
0.01564033
-0.031255854
-0.03349373
-0.034512275
-0.032019728
-0.083164693
-0.161454402
-0.188035369
-0.220214679
-0.25389583
-0.359226373
-0.386493214
-0.332897734
-0.338640225
-0.303986282
-0.14231304
-0.009336268
0.137064869
0.318680279
0.404990458
0.435782861
0.395150499
0.266288696
0.179185153
0.109281796
0.050823458
0.06502341
0.002407519
-0.014280295
0.009853464
0.033901093
-0.018300866
-0.121690511
-0.162508363
