0.123263165
-0.06088759
-0.25089084
-0.247500826
-0.199317508
-0.191291668
-0.256060296
-0.296797881
-0.414288339
-0.554604116
-0.723715256
-0.769765799
-0.909090909
-0.7688708
-0.674201593
-0.437031449
-0.146902144
0.04484259
0.217449482
0.255761479
0.305389692
0.242142745
0.259481005
0.273119298
0.305874713
0.314804557
0.336899003
0.302673711
0.242603752
0.249004884
0.246147048
0.232938388
0.166365045
0.118993646
0.076293707
0.0442253
0.052344872
0.061551746
-0.072376938
-0.173477683
-0.29556911
-0.307024858
-0.346168042
-0.379264201
-0.422938152
-0.345787017
-0.29065054
-0.269625676
-0.284256089
-0.35800898
-0.352096548
-0.481069286
-0.532656561
-0.514976298
-0.367594265
-0.215139703
-0.150266982
-0.107354598
-0.02801811
0.080844904
0.209068663
0.31218986
0.375940613
0.394096504
0.431782882
0.438537928
0.431237827
0.35691974
0.416372312
0.459518927
0.447015673
0.461724034
0.449864215
0.44037634
0.373990943
0.256742559
0.194549121
0.16346315
0.034560323
0.01750045
0.043669012
0.098145787
0.18409992
0.212272183
0.219162209
0.240709276
0.236954213
0.27942147
0.244762284
0.244457173
0.277987323
0.375458497
0.49650542
0.579709293
0.47740108
0.428089307
0.264155467
0.190331696
0.02367529
-0.119565232
-0.177299171
-0.352386166
-0.581694209
-0.583565252
-0.56685813
-0.545900951
-0.598465336
-0.644002777
-0.660059687
-0.602877873
-0.547139598
-0.463352228
-0.437765516
-0.485232002
-0.5341276
-0.495005525
-0.450616486
-0.331754045
-0.24022745
-0.145083873
-0.02380756
0.050051747
-0.020612852
-0.140277626
-0.168151072
-0.243590061
-0.347166068
-0.419724175
-0.406271504
-0.353833772
-0.312813154
-0.305404797
-0.385230664
-0.382472368
-0.318294693
-0.323656066
-0.371479854
-0.457689036
-0.473283777
-0.423091337
-0.355747518
-0.182732972
-0.080342067
-0.071477776
-0.134336242
-0.18671452
-0.129618303
-0.036688353
0.025493755
0.034958197
0.078705448
0.1588647
0.201999308
0.193669519
0.140759741
0.170473343
0.285186817
0.424133129
0.498804645
0.451176937
0.432053425
0.465866706
0.482072347
0.451966972
0.379855057
0.272743598
0.159244854
0.022819605
-0.033954943
-0.149711857
-0.313351722
-0.372919424
-0.230089847
-0.029686295
-0.071234443
-0.000129074
-0.029307109
0.097552898
0.336539377
0.473193919
0.449899364
0.48758003
0.57830129
0.574576342
0.395830823
0.396220079
0.365778318
0.16906776
-0.021532736
-0.195470651
-0.388458391
-0.576855233
-0.707664446
-0.852980324
-0.731496407
-0.58666894
-0.639755722
-0.729090766
-0.6904052
-0.482296798
-0.333161951
-0.306733303
-0.285435477
-0.36809323
-0.51013403
-0.445134947
-0.285615774
-0.068994477
0.117006697
0.238772678
0.432008302
0.502316083
0.462894416
0.450955487
0.474326441
0.47683327
0.283862088
0.187970403
0.111799283
0.053418715
-0.040461232
-0.126565064
-0.250834872
-0.171851328
-0.092397095
0.040806334
0.104221668
0.158207419
0.104566189
0.072808025
0.118280978
0.113525953
0.092447543
0.200689006
0.26404295
0.402957502
0.500687889
0.559738617
0.591796275
0.637428126
0.668201239
0.608461567
0.532705363
0.390608401
0.273212545
0.229105087
0.218297712
0.216778548
0.300386202
0.366420203
0.405071492
0.345592195
0.345339178
0.315080716
0.177311952
0.085843165
-0.021183567
-0.048474679
-0.060082353
-0.097487828
-0.167306134
-0.139732183
-0.157257034
-0.168875553
-0.1608959
-0.146920736
-0.060290731
-0.017479438
0.005537313
-0.00471087
0.035737871
0.061357506
0.086501027
0.156115313
0.20282091
0.181390329
0.156034653
0.115377147
0.128864676
0.141746244
0.046932954
-0.052156828
-0.095485387
-0.155091627
-0.164199638
-0.152429871
-0.150295644
-0.22674941
-0.280940634
-0.214372326
-0.187068142
-0.183118936
-0.172832893
-0.081330312
-0.01455779
0.044824967
0.085436867
0.073694502
0.104814267
0.13366066
0.195702171
0.211328673
0.306871189
0.315679221
0.303049798
0.268855008
0.181309767
0.061619237
-0.038083865
-0.057424567
-0.010848528
0.00526464
0.000880764
-0.02834433
-0.058153889
-0.004924961
0.021080831
0.025618085
0.002367878
-0.050471311
-0.087397672
-0.141494777
-0.217229872
-0.271078512
-0.258073583
-0.239458524
-0.256404139
-0.24966507
-0.182922372
-0.146492844
0.003107174
0.120075913
0.211327026
0.220342759
0.269773148
0.274148793
0.226678143
0.128202263
0.068632624
-0.004431225
0.025891339
0.0376002
0.061530541
0.028619036
0.021268487
0.013373948
0.047029687
0.05869391
0.109003708
0.115709661
0.152369836
0.11910713
0.001941729
-0.024861844
-0.054980581
-0.084962885
-0.128702002
-0.135341529
-0.135695442
-0.17370349
-0.238813734
-0.302366567
-0.348638463
-0.352733882
-0.404270224
-0.386626757
-0.380645673
-0.284995675
-0.210489739
-0.105955891
-0.069581751
-0.0806862
-0.115520165
-0.143774733
-0.192328716
-0.251699853
-0.28757716
-0.292110347
-0.242983906
-0.188267477
-0.151388659
-0.046358268
0.038053364
0.126420497
0.20338872
0.240407263
0.246937857
0.282992943
0.299132933
0.292369076
0.232500911
0.133170313
0.083064729
0.062113844
0.106936874
0.106077412
0.111199616
0.082995011
0.065853801
0.056323805
-0.005834774
-0.006217059
0.027948489
0.038316354
0.020737666
0.026040747
0.054761745
0.082928683
0.128701421
0.134876262
0.119210738
0.096840424
0.056479604
0.006916558
-0.096641632
-0.14641112
-0.140058209
-0.128546396
-0.097569553
-0.052957321
-0.016725327
0.025351706
0.037013605
0.046652922
0.057850231
0.115997729
0.141213099
0.167737415
0.16974586
0.172359685
0.127739997
0.061910791
0.031557048
0.05274536
0.051956778
0.057910265
0.009455437
-0.019393086
-0.023803106
-0.027408566
-0.022469081
0.02424252
0.059133033
0.073334295
0.084385488
0.10151508
0.128542523
0.121502798
0.16188463
0.121606406
0.095580958
0.085450617
0.038149613
0.011541055
-0.057153734
-0.20545352
-0.185820296
-0.230225699
-0.220975929
-0.199555129
-0.13849644
-0.117768941
-0.041307332
0.024664698
0.072252318
0.049900499
0.045807694
0.051596667
0.108748368
0.122554661
0.137782707
0.135014632
0.141631017
0.15041
0.159757084
0.091397617
0.063899871
0.030591945
0.060029484
0.045699632
0.020757032
-0.056520273
-0.109046507
-0.191038845
-0.238738497
-0.251877439
-0.249684533
-0.233986668
-0.210041223
-0.195919942
-0.238770258
-0.272972988
-0.352545838
-0.317127796
-0.257343001
-0.203240667
-0.155156019
-0.122498112
-0.056865181
-0.030464129
0.018931014
0.029320665
0.02361148
0.012924464
-0.021343143
-0.044031931
-0.092161508
-0.111221693
-0.067752247
-0.045138502
-0.081969389
-0.165426473
-0.181375805
-0.229536271
-0.231579187
-0.186812608
-0.170675233
-0.138941567
-0.118512304
-0.097521041
-0.177402972
-0.258583004
-0.276041624
-0.235396511
-0.165852718
-0.062344977
0.040524366
0.138002801
0.226133282
0.256743818
0.287274373
0.270100724
0.235911356
0.233425733
0.237944202
0.251319409
0.261399882
0.258619316
0.24857099
0.267334875
0.259571637
0.289381681
0.322525383
0.328435007
0.313796752
0.26854428
0.249384361
0.217169257
0.173812908
0.085910075
0.022249761
-0.048586711
-0.078918183
-0.151288441
-0.234515359
-0.254076349
-0.261978731
-0.220273041
-0.162972126
-0.104504799
-0.059435142
-0.045843908
-0.035358201
-0.0624481
-0.127035076
-0.173282183
-0.189751879
-0.228568263
-0.278832357
-0.258389442
-0.185176571
-0.153951068
-0.0993794
-0.098327247
-0.161935466
-0.172230998
-0.127637067
-0.101954687
-0.154069975
-0.237437782
-0.285540634
-0.318677945
-0.31946982
-0.271533419
-0.250923568
-0.199189596
-0.141147642
-0.082397377
-0.045932217
-0.048675213
-0.078136863
-0.149656373
-0.167210466
-0.172500282
-0.191760131
-0.151858865
-0.060832881
0.03514963
0.190406546
0.231803155
0.284054102
0.32143934
0.354136269
0.373554434
0.367553984
0.372978877
0.34625577
0.282504533
0.22964443
0.228334709
0.211561839
0.191636576
0.16663307
0.127264272
0.061375225
-0.042074805
-0.076962123
-0.121991498
-0.176838745
-0.196935106
-0.220448787
-0.200140465
-0.18629515
-0.13191656
-0.064477364
-0.002469743
0.051683524
0.064586007
0.074365727
0.070027652
0.052071424
0.049326104
0.091981404
0.109141013
0.147269904
0.155618285
0.162839276
0.166601988
0.152027833
0.133551726
0.123573602
0.160752495
0.215981251
0.255903722
0.273278486
0.248678761
0.20351334
0.137480017
0.031668015
-0.036249424
-0.070752617
-0.093242516
-0.061735045
-0.077662397
-0.139516349
-0.171647598
-0.19045835
-0.223865817
-0.236106081
-0.253334826
-0.196703102
-0.21638997
-0.177449935
-0.081460645
0.020971316
0.160550024
0.260128603
0.234363143
0.193610162
0.154423308
0.170249375
0.083291698
0.000479211
-0.056630078
-0.084036029
-0.055841592
-0.080151699
-0.112768647
-0.076039044
-0.078105684
-0.061477478
-0.03384417
0.035825309
0.066617595
0.096828804
0.104730315
0.080918108
-0.00560277
-0.092791096
-0.098634004
-0.104857647
-0.110223861
-0.061376581
-0.03469298
-0.007303877
-0.055962242
-0.098917037
-0.168836821
-0.197892657
-0.180468799
-0.078298375
0.014515378
0.080090406
0.09560013
0.142866663
0.208024644
0.271305868
0.283431292
0.294758353
0.261989479
0.228492735
0.170012626
0.070320756
-0.02438331
-0.080238362
-0.084176336
-0.094995718
-0.13634091
-0.180184604
-0.161654562
-0.164647186
-0.172076458
-0.159970788
-0.148814437
-0.0906223
-0.038413765
0.017374087
0.063785999
0.060556819
0.036128677
0.045635143
0.069740164
0.09591841
0.104079522
0.076989042
0.056013852
0.077268493
0.064835925
0.066664363
0.074324187
0.077508437
0.094309194
0.137728289
0.176646634
0.21095733
0.202385175
0.178640361
0.172271086
0.150056184
0.102150768
0.079241789
0.068196212
0.100725432
0.075932531
0.067562848
0.048782695
0.047159826
0.013714014
-0.013894699
-0.048066057
-0.074008812
-0.100650195
-0.113132437
-0.130632209
-0.111787373
-0.062859821
-0.021548713
0.017154961
0.012562029
-0.018302201
-0.055232823
-0.126143079
-0.160561643
-0.167491079
-0.142823767
-0.107287302
-0.059259686
-0.030365653
-0.003842016
0.014200875
0.046994053
0.122418228
0.141159455
0.158398851
0.158014534
0.12943268
0.140031678
0.140454631
0.137771862
0.092788094
0.029611252
-0.012021816
