0.325775
0.312709
0.306749
0.348059
0.395871
0.439506
0.45601
0.487805
0.452451
0.433336
0.439445
0.420298
0.325762
0.364882
0.384871
0.546907
0.491044
0.486679
0.455659
0.491588
0.496467
0.468685
0.490153
0.484971
0.449521
0.447019
0.541912
0.581339
0.663104
0.60036
0.603446
0.622708
0.658052
0.633901
0.594803
0.670457
0.725455
0.737934
0.537354
0.59275
0.60108
0.58624
0.57212
0.539863
0.573167
0.583651
0.52014
0.500347
0.498164
0.454047
0.436203
0.390105
0.438906
0.451577
0.43814
0.45304
0.415959
0.367384
0.332176
0.313577
0.373288
0.38101
0.368072
0.492173
0.458805
0.666183
0.676713
0.618329
0.575344
0.527139
0.590576
0.590174
0.58394
0.608219
0.622347
0.538026
0.541795
0.502579
0.507604
0.56606
0.572629
0.552065
0.533216
0.506134
0.480583
0.542732
0.549615
0.502899
0.511192
0.60801
0.637225
0.662344
0.711655
0.592053
0.563134
0.574879
0.567641
0.603167
0.554314
0.51961
0.563564
0.58474
0.543719
0.5436
0.523047
0.495865
0.498706
0.499796
0.423675
0.359862
0.313407
0.333373
0.380888
0.39808
0.350655
0.377207
0.40186
0.367774
0.341989
0.381247
0.400109
0.380709
0.3694
0.406633
0.428271
0.36285
0.356849
0.328938
0.361375
0.355638
0.350946
0.333866
0.316151
0.311841
0.374799
0.378777
0.435394
0.407705
0.453707
0.496126
0.489929
0.575427
0.575989
0.564634
0.521869
0.469567
0.464944
0.412546
0.406544
0.4071
0.402577
0.453097
0.403161
0.437153
0.449254
0.349471
0.399044
0.432414
0.529537
0.528026
0.507931
0.549979
0.515321
0.578491
0.555545
0.509157
0.551987
0.532532
0.52148
0.501964
0.368081
0.477179
0.519574
0.526221
0.491065
0.481427
0.488563
0.507263
0.520665
0.516812
0.46654
0.428871
0.445238
0.430081
0.386597
0.400854
0.433928
0.433114
0.410067
0.422608
0.43644
0.440267
0.389892
0.346285
0.459342
0.509739
0.471862
0.484944
0.493959
0.53817
0.473343
0.499666
0.539529
0.553398
0.526639
0.541285
0.503955
0.531992
0.476742
0.425631
0.511947
0.463935
0.499574
0.473889
0.497884
0.471568
0.465803
0.447427
0.528454
0.496632
0.499924
0.478935
0.461893
0.589074
0.551786
0.564659
0.574698
0.546051
0.514689
0.550879
0.53696
0.553797
0.543968
0.585615
0.558063
0.547616
0.616317
0.521254
0.503505
0.524303
0.485207
0.486985
0.574268
0.538433
0.553736
0.557562
0.583958
0.493883
0.573675
0.562612
0.540901
0.529865
0.557107
0.571554
0.559724
0.551877
0.515066
0.519677
0.499655
0.527183
0.483207
0.487204
0.397998
0.37684
0.366779
0.405185
0.417338
0.404873
0.495003
0.53213
0.597531
0.612633
0.631576
0.61396
0.653266
0.636957
0.651899
0.662826
0.681298
0.653753
0.586916
0.568575
0.524852
0.43819
0.409817
0.390557
0.342458
0.278855
0.272605
0.370767
0.358088
0.352858
0.351511
0.437552
0.423284
0.463287
0.513927
0.57826
0.586053
0.606582
0.615318
0.667512
0.702063
0.631421
0.623157
0.629226
0.625091
0.511383
0.525494
0.501762
0.551153
0.49568
0.502103
0.485002
0.470059
0.48145
0.44693
0.451815
0.449789
0.427866
0.392382
0.545702
0.487241
0.481948
0.431095
0.44194
0.437803
0.448875
0.466535
0.416548
0.525243
0.561468
0.568444
0.557139
0.565391
0.509044
0.536111
0.525513
0.500916
0.539272
0.586863
0.554372
0.537264
0.505522
0.401565
0.363883
0.388982
0.406857
0.425362
0.458982
0.509222
0.520167
0.513472
0.481009
0.403185
0.400031
0.395389
0.405958
0.398137
0.421174
0.425771
0.455399
0.461153
0.493496
0.315993
0.328111
0.35757
0.398552
0.400774
0.414066
0.475617
0.453373
0.450156
0.473341
0.472748
0.412133
0.419398
0.392418
0.473036
0.500357
0.527966
0.649453
0.605479
0.666889
0.683617
0.694756
0.667795
0.632116
0.610495
0.746324
0.773123
0.716449
0.67199
0.6607
0.656593
0.622797
0.622539
0.563548
0.508842
0.546298
0.526941
0.495921
0.540867
0.54394
0.431902
0.472151
0.511901
0.500115
0.460181
0.428976
0.476864
0.507856
0.530183
0.508431
0.490593
0.527595
0.473636
0.494415
0.592862
0.624911
0.613247
0.634344
0.63648
0.638656
0.622972
0.598155
0.577781
0.562878
0.645383
0.624029
0.653949
0.624694
0.600912
0.574126
0.552656
0.52581
0.466622
0.485998
0.482651
0.461653
0.47051
0.484498
0.463354
0.435952
0.43677
0.505027
0.519819
0.585178
0.584979
0.580538
0.656711
0.650245
0.614178
0.610014
0.50691
0.45418
0.582706
0.558547
0.543964
0.503481
0.495481
0.487022
0.492317
0.503676
0.563025
0.559163
0.534115
0.572735
0.575948
0.627555
0.521661
0.577485
0.530937
0.523685
0.546945
0.477056
0.442968
0.441049
0.396243
0.482729
0.496377
0.424728
0.388819
0.410369
0.436977
0.450731
0.444171
0.474364
0.499745
0.579953
0.503555
0.529463
0.524138
0.546666
0.553332
0.562212
0.614478
0.640241
0.704657
0.69112
0.714507
0.68982
0.650668
0.661336
0.836715
0.828178
0.858743
0.771567
0.772468
0.789793
0.654555
0.536728
0.453573
0.451133
0.41758
0.477885
0.439934
0.496521
0.472387
0.507259
0.422735
0.428721
0.399858
0.430311
0.391124
0.453763
0.485207
0.555476
0.551891
0.542972
0.559816
0.5383
0.507909
0.454012
0.605818
0.591366
0.614013
0.636885
0.659901
0.674121
0.671935
0.613439
0.589518
0.5552
0.603835
0.617731
0.66265
0.653414
0.630455
0.630935
0.616052
0.628602
0.662688
0.631783
0.613854
0.647242
0.649464
0.688667
0.674077
0.71195
0.717251
0.734575
0.770633
0.828949
0.811878
0.767607
0.743716
0.790615
0.727752
0.635572
0.623247
0.585343
0.58221
0.577603
0.444202
0.459531
0.484317
0.444227
0.416171
0.404112
0.490459
0.475739
0.48753
0.55429
0.559668
0.638365
0.631763
0.603781
0.643331
0.610126
0.626087
0.614327
0.683208
0.719309
0.692952
0.702897
0.715707
0.729243
0.690707
0.669853
0.640638
0.619198
0.601248
0.58655
0.548429
0.562167
0.488128
0.436283
0.44456
0.429733
0.354604
0.353994
0.375278
0.396367
0.377036
0.428918
0.472009
0.464891
0.421474
0.398874
0.375338
0.438485
0.447251
0.430169
0.453202
0.406511
0.34693
0.310558
0.280614
0.283677
0.278692
0.40982
0.561035
0.563741
0.536218
0.519184
0.499632
0.532664
0.559578
0.571893
0.568754
0.626805
0.693949
0.729839
0.830641
0.841301
0.77708
0.706266
0.543839
0.546249
0.550137
0.532717
0.515318
0.500805
0.522935
0.398104
0.324909
0.285273
0.310842
0.295497
0.420108
0.399717
0.433514
0.519985
0.568885
0.60827
0.645949
0.690444
0.624446
0.629144
0.663079
0.689645
0.653649
0.665391
0.632638
0.67535
0.652333
0.579796
0.543483
0.575889
0.573744
0.598128
0.595069
0.57511
0.538968
0.50484
0.518511
0.429642
0.740301
0.727531
0.731952
0.76794
0.774021
0.69969
0.709602
0.440979
0.536287
0.510155
0.484816
0.507198
0.512878
0.532078
0.472099
0.438542
0.482025
0.448779
0.496287
0.494426
0.464006
0.536945
0.530615
0.540118
0.530857
0.505508
0.531987
0.609071
0.582125
0.577816
0.524124
0.523304
0.573872
0.587226
0.52151
0.495074
0.587458
0.587207
0.578053
0.584982
0.581897
0.516213
0.535045
0.500881
0.566728
0.555164
0.523964
0.575524
0.576473
0.596906
0.547771
0.575485
0.591557
0.556483
0.539172
0.554661
0.527882
0.58713
0.573733
0.585765
0.594739
0.570731
0.626553
0.608434
0.64157
0.627221
0.57817
0.57817
0.65563
0.661826
0.597685
0.594537
0.548232
0.514377
0.530813
0.541557
0.471623
0.40686
0.447793
0.38253
0.393613
0.409309
0.403457
0.401881
0.385587
0.405993
0.457517
0.497658
0.492358
0.469185
0.478688
0.519775
0.460875
0.457936
0.448816
0.466215
0.454838
0.432693
0.46464
0.474763
0.440135
0.404416
0.337946
0.325493
