0.537517
0.516586
0.480592
0.524951
0.493376
0.563547
0.555553
0.58038
0.575631
0.559204
0.548
0.494064
0.471354
0.574171
0.57343
0.609008
0.608147
0.631922
0.635381
0.620642
0.590419
0.560156
0.556862
0.532793
0.541142
0.532384
0.622427
0.583925
0.606756
0.555907
0.480299
0.406044
0.397802
0.400513
0.444399
0.528137
0.489271
0.485193
0.308279
0.353105
0.31289
0.349751
0.329464
0.293405
0.31146
0.434075
0.454714
0.498027
0.469372
0.497462
0.4968
0.502149
0.530811
0.465892
0.531051
0.515481
0.510287
0.515169
0.494428
0.467757
0.442364
0.401614
0.356888
0.421728
0.426892
0.613362
0.595267
0.556151
0.56084
0.554504
0.642706
0.623606
0.602635
0.584036
0.548974
0.513622
0.531289
0.481958
0.409714
0.46283
0.485593
0.490462
0.448912
0.502457
0.445712
0.436922
0.435962
0.460401
0.459893
0.468942
0.480655
0.514498
0.711397
0.698452
0.524703
0.524928
0.472088
0.413702
0.42328
0.472191
0.489731
0.450735
0.408559
0.448454
0.423059
0.437579
0.415692
0.441501
0.476112
0.46673
0.504388
0.473986
0.493544
0.45818
0.471312
0.502422
0.575611
0.50498
0.581922
0.534908
0.587845
0.616401
0.517792
0.490618
0.46123
0.466247
0.449092
0.474767
0.461809
0.434499
0.426427
0.388379
0.334519
0.340215
0.321367
0.294126
0.302411
0.292907
0.279779
0.275001
0.302931
0.388654
0.411084
0.433569
0.39817
0.396715
0.44247
0.455176
0.4996
0.508819
0.488344
0.509999
0.529308
0.553536
0.518565
0.479968
0.513577
0.542736
0.61838
0.57997
0.549383
0.566892
0.517728
0.542615
0.560831
0.559074
0.541635
0.525094
0.51634
0.471885
0.378599
0.314544
0.447691
0.485118
0.455403
0.479533
0.515448
0.52681
0.531936
0.550069
0.530525
0.508725
0.526955
0.555125
0.544104
0.57454
0.59047
0.569344
0.614715
0.627802
0.621899
0.595855
0.563203
0.526326
0.598283
0.577698
0.566256
0.542898
0.518245
0.549597
0.545396
0.549601
0.554554
0.525357
0.504004
0.52568
0.503848
0.49977
0.445929
0.505073
0.546109
0.572516
0.589399
0.535639
0.492757
0.54049
0.466008
0.472299
0.552825
0.535992
0.496787
0.461223
0.459037
0.541697
0.464217
0.470694
0.488245
0.478744
0.475015
0.473003
0.537599
0.56506
0.560062
0.583136
0.621715
0.636456
0.668513
0.598992
0.603272
0.58938
0.572501
0.592022
0.709264
0.633098
0.652481
0.669491
0.662893
0.590369
0.581346
0.527037
0.523574
0.511136
0.537984
0.569356
0.52378
0.506971
0.478599
0.515345
0.451573
0.466552
0.468236
0.508093
0.462228
0.498104
0.490032
0.475616
0.493047
0.48903
0.564174
0.59902
0.631221
0.592616
0.598572
0.625111
0.67566
0.608502
0.639473
0.618091
0.64879
0.656998
0.482857
0.454108
0.449281
0.436358
0.409203
0.417997
0.463879
0.36623
0.396831
0.484606
0.53192
0.523242
0.463525
0.537728
0.560083
0.54608
0.531298
0.534341
0.549735
0.55129
0.529274
0.669095
0.686721
0.638294
0.619548
0.67144
0.637793
0.558327
0.60077
0.625807
0.664709
0.69914
0.718509
0.742798
0.756011
0.758666
0.719811
0.751178
0.797307
0.77235
0.749813
0.776824
0.739516
0.742035
0.703798
0.628793
0.587364
0.545211
0.562184
0.48888
0.631443
0.591161
0.568061
0.566815
0.609673
0.642422
0.667879
0.610571
0.591347
0.624643
0.661968
0.657276
0.636981
0.603668
0.516234
0.494045
0.511748
0.5156
0.506423
0.500746
0.509349
0.538553
0.479092
0.475741
0.477087
0.547147
0.568987
0.567668
0.548897
0.568564
0.539802
0.540185
0.519287
0.469296
0.40075
0.425548
0.473446
0.515674
0.492507
0.489335
0.475154
0.489804
0.541625
0.559546
0.560651
0.548912
0.550235
0.603338
0.612552
0.57845
0.590079
0.587945
0.549921
0.530559
0.525737
0.571089
0.611788
0.611857
0.637265
0.772312
0.681947
0.597255
0.57942
0.587572
0.600933
0.554323
0.554428
0.540509
0.514294
0.459193
0.395946
0.393367
0.433033
0.42648
0.453074
0.484345
0.493986
0.49317
0.458175
0.477924
0.517716
0.56271
0.587412
0.616005
0.590226
0.54751
0.542857
0.488413
0.484014
0.487996
0.453675
0.462325
0.450034
0.414971
0.379244
0.390339
0.423924
0.402946
0.767025
0.76642
0.586611
0.559339
0.557196
0.587329
0.629577
0.620343
0.544084
0.544667
0.554335
0.47065
0.420114
0.459111
0.399877
0.407023
0.411832
0.418385
0.426342
0.438527
0.415574
0.372579
0.400169
0.411325
0.419063
0.42927
0.416726
0.305928
0.415996
0.404747
0.422468
0.413279
0.426363
0.419144
0.423026
0.408001
0.40734
0.428919
0.393825
0.395833
0.400018
0.527105
0.452712
0.529438
0.518769
0.525683
0.501291
0.408995
0.371786
0.431747
0.482122
0.536557
0.587421
0.548341
0.504285
0.452191
0.467723
0.440067
0.408484
0.386652
0.363348
0.434457
0.364689
0.351359
0.146659
0.341209
0.317768
0.299174
0.276871
0.323261
0.356917
0.386179
0.426411
0.462515
0.511452
0.512595
0.549976
0.569257
0.622171
0.497738
0.557953
0.607321
0.601741
0.535106
0.511788
0.480756
0.441749
0.450553
0.436658
0.385463
0.398438
0.398236
0.342133
0.369748
0.302806
0.309709
0.322066
0.370239
0.372589
0.386467
0.400684
0.416661
0.395439
0.427065
0.423669
0.383379
0.478184
0.546334
0.543471
0.5138
0.489311
0.477994
0.515074
0.539351
0.541498
0.535822
0.513812
0.5786
0.613265
0.664115
0.677258
0.526469
0.508586
0.51296
0.53424
0.438618
0.388755
0.340533
0.320431
0.409901
0.455386
0.434907
0.394784
0.378332
0.322895
0.336199
0.342953
0.355573
0.330891
0.343837
0.345101
0.37378
0.391695
0.37105
0.377494
0.37514
0.377625
0.35498
0.417406
0.433023
0.407738
0.369693
0.426967
0.434273
0.457929
0.442914
0.414544
0.391665
0.357619
0.329464
0.374951
0.369752
0.297878
0.262993
0.27434
0.30855
0.287876
0.335627
0.36948
0.371133
0.448237
0.443124
0.466977
0.470917
0.429071
0.401908
0.44269
0.495418
0.535911
0.502487
0.569181
0.574695
0.585403
0.624053
0.552618
0.637652
0.567255
0.525834
0.55516
0.589849
0.557623
0.49687
0.486849
0.493218
0.480446
0.464287
0.450306
0.403959
0.372663
0.35006
0.397282
0.397601
0.420945
0.439152
0.527196
0.577448
0.592565
0.602698
0.556804
0.520248
0.541217
0.568458
0.580447
0.663779
0.685036
0.681208
0.700035
0.668205
0.623825
0.575897
0.472511
0.426265
0.428733
0.484635
0.50808
0.446974
0.432255
0.381916
0.34893
0.340944
0.406977
0.402162
0.501592
0.458293
0.504114
0.588956
0.618531
0.610589
0.590325
0.554826
0.59537
0.622084
0.598389
0.545936
0.527563
0.543781
0.502102
0.537505
0.525811
0.51308
0.532275
0.48886
0.482495
0.493421
0.500395
0.49163
0.449639
0.553418
0.554202
0.466521
0.49262
0.498731
0.538078
0.555344
0.548251
0.576503
0.568692
0.54175
0.51412
0.477175
0.45566
0.433246
0.507717
0.531363
0.511433
0.495481
0.483752
0.46099
0.445862
0.4382
0.447595
0.51807
0.473124
0.544434
0.506755
0.512137
0.40849
0.419608
0.466385
0.446687
0.415091
0.412642
0.38871
0.387211
0.358776
0.375029
0.483458
0.454133
0.489088
0.483311
0.494459
0.483049
0.475132
0.500375
0.50112
0.505834
0.497155
0.533214
0.5805
0.54304
0.494609
0.49549
0.464453
0.480737
0.549366
0.573436
0.564885
0.555715
0.590549
0.56109
0.643482
0.563896
0.529927
0.554939
0.598622
0.543859
0.559745
0.59262
0.560725
0.542228
0.572686
0.581348
0.587794
0.596742
0.542574
0.566488
0.589927
0.633333
0.560837
0.617316
0.584809
0.542775
0.541761
0.501458
0.445746
0.41903
0.403153
0.376242
0.406697
0.424294
0.392734
0.330584
0.357011
0.431446
0.431446
0.441462
0.440615
0.486501
0.624427
0.661479
0.656089
0.637851
0.566363
0.533603
