0.439869
0.426878
0.418819
0.453918
0.474303
0.509172
0.484332
0.515455
0.520966
0.488017
0.43934
0.500935
0.490364
0.464151
0.467796
0.486561
0.474022
0.478134
0.471874
0.448379
0.439483
0.407352
0.364188
0.443914
0.416673
0.377553
0.438834
0.499138
0.700618
0.720257
0.704787
0.714304
0.740706
0.730869
0.680632
0.707703
0.58129
0.577974
0.560775
0.61391
0.624064
0.645853
0.666659
0.63354
0.609387
0.613359
0.565253
0.563428
0.572685
0.525377
0.550089
0.526062
0.537435
0.514141
0.55658
0.553267
0.561555
0.58625
0.644081
0.62372
0.594114
0.614485
0.636662
0.69889
0.667554
0.689419
0.681032
0.667654
0.62049
0.621369
0.66151
0.582761
0.590743
0.579011
0.581108
0.556948
0.539781
0.503372
0.460206
0.543018
0.59611
0.566357
0.548156
0.60142
0.553794
0.593616
0.559083
0.60558
0.601994
0.625183
0.646482
0.648394
0.729454
0.549509
0.576958
0.582188
0.554512
0.522352
0.513886
0.473348
0.498078
0.482315
0.485035
0.508648
0.435325
0.454946
0.464473
0.504813
0.453918
0.495894
0.517516
0.591818
0.582614
0.602774
0.530603
0.506643
0.535191
0.561688
0.592739
0.536116
0.548613
0.509189
0.529433
0.491971
0.484071
0.471359
0.48964
0.572952
0.547919
0.507975
0.520901
0.467592
0.445175
0.493304
0.482554
0.494649
0.536481
0.516025
0.4911
0.422612
0.423719
0.465281
0.502148
0.524087
0.477258
0.461443
0.490606
0.499019
0.516213
0.511788
0.49895
0.483694
0.515093
0.550313
0.548807
0.251457
0.51937
0.562861
0.625107
0.670253
0.658349
0.619231
0.592379
0.598942
0.643628
0.603819
0.56215
0.540644
0.559151
0.544478
0.410901
0.372915
0.34093
0.35547
0.315773
0.321133
0.294734
0.37907
0.538755
0.574761
0.563154
0.587938
0.565945
0.569522
0.530666
0.544116
0.596047
0.60829
0.620538
0.578719
0.59733
0.618998
0.388507
0.323634
0.438313
0.399814
0.35679
0.308183
0.305575
0.346904
0.351807
0.336711
0.347054
0.371079
0.373437
0.455434
0.48141
0.509445
0.478822
0.527141
0.564982
0.570867
0.604877
0.615717
0.548641
0.548428
0.503264
0.49233
0.493186
0.420189
0.409379
0.316673
0.325213
0.483395
0.472461
0.501754
0.544992
0.493614
0.528421
0.590418
0.607183
0.575203
0.608061
0.667756
0.631725
0.673172
0.713754
0.63474
0.621171
0.634043
0.576803
0.577193
0.676463
0.55217
0.498291
0.500999
0.492499
0.373906
0.43097
0.450887
0.462684
0.488381
0.473038
0.480004
0.502847
0.566817
0.524039
0.538825
0.582097
0.636521
0.592957
0.612389
0.542284
0.485029
0.502431
0.469847
0.489563
0.44469
0.481295
0.453452
0.451408
0.473489
0.480963
0.45732
0.462332
0.442407
0.47403
0.504663
0.511797
0.560581
0.506114
0.518556
0.530466
0.528795
0.5608
0.549735
0.542202
0.467126
0.407261
0.590236
0.556385
0.565787
0.552108
0.589318
0.626155
0.690507
0.69104
0.682892
0.697443
0.625242
0.638602
0.66391
0.708201
0.691908
0.740185
0.742002
0.77908
0.67399
0.654637
0.602602
0.565703
0.647495
0.647042
0.67718
0.643788
0.633663
0.611407
0.625882
0.623016
0.559379
0.626382
0.744791
0.644062
0.642266
0.584357
0.574714
0.494354
0.493753
0.501975
0.49497
0.536261
0.542695
0.522384
0.545815
0.508961
0.487803
0.517581
0.504756
0.505171
0.506281
0.588196
0.588497
0.587412
0.59959
0.598434
0.557263
0.553231
0.51535
0.522095
0.562824
0.580364
0.611125
0.594716
0.522868
0.485525
0.471417
0.510451
0.518757
0.417399
0.401619
0.404227
0.479871
0.435612
0.347126
0.28249
0.305695
0.337888
0.416732
0.405103
0.420164
0.390894
0.421878
0.424016
0.454583
0.450832
0.400248
0.447615
0.4703
0.478824
0.45003
0.494354
0.476804
0.509065
0.462694
0.470805
0.487724
0.477922
0.469791
0.499473
0.545954
0.528358
0.547649
0.592139
0.705577
0.665932
0.663513
0.641117
0.633283
0.630224
0.604044
0.660221
0.657723
0.766504
0.608464
0.531971
0.524652
0.52301
0.550244
0.553599
0.531789
0.568299
0.606922
0.63699
0.671245
0.635197
0.630573
0.620588
0.565052
0.585107
0.637152
0.629814
0.649746
0.632688
0.589085
0.564863
0.624082
0.615493
0.585275
0.6112
0.632805
0.631602
0.658092
0.637829
0.546928
0.588281
0.569085
0.519992
0.54097
0.564273
0.485029
0.494783
0.568795
0.604233
0.608608
0.638123
0.686034
0.687846
0.671556
0.665404
0.526771
0.50059
0.567141
0.563606
0.494998
0.442728
0.363714
0.388327
0.397624
0.444016
0.352396
0.360875
0.357035
0.354262
0.357699
0.357413
0.313675
0.307234
0.340942
0.357865
0.513267
0.508846
0.53794
0.535875
0.552906
0.575712
0.55723
0.566548
0.579305
0.592795
0.677683
0.680818
0.663518
0.670169
0.563721
0.548234
0.519314
0.500403
0.512005
0.496832
0.496709
0.471265
0.422556
0.414002
0.546988
0.493939
0.461891
0.472833
0.49109
0.542454
0.541856
0.572264
0.529781
0.489548
0.481484
0.426357
0.418726
0.446234
0.397964
0.456417
0.456009
0.338588
0.287667
0.196569
0.188909
0.20663
0.243983
0.246054
0.271327
0.254182
0.31156
0.29973
0.33388
0.318634
0.313051
0.360146
0.472661
0.485445
0.585357
0.585124
0.546478
0.558172
0.549701
0.579122
0.634418
0.691141
0.673023
0.680628
0.709672
0.688186
0.657758
0.650209
0.638178
0.623298
0.668983
0.629762
0.61345
0.660902
0.656668
0.642976
0.639906
0.637688
0.64001
0.624369
0.626811
0.626921
0.670596
0.665449
0.645536
0.711413
0.713866
0.606185
0.571433
0.55875
0.602206
0.603048
0.603267
0.639862
0.568991
0.556151
0.445494
0.497574
0.479926
0.423286
0.485337
0.481889
0.469921
0.487368
0.422954
0.411836
0.342267
0.335434
0.32764
0.389082
0.558727
0.551343
0.556004
0.520346
0.499386
0.494769
0.531481
0.550273
0.543968
0.583898
0.603636
0.584305
0.530975
0.541013
0.504877
0.461399
0.513615
0.493599
0.475226
0.469742
0.474194
0.439102
0.508569
0.457644
0.405752
0.410251
0.474808
0.47377
0.491516
0.485077
0.465582
0.501427
0.576047
0.818178
0.811138
0.620909
0.492959
0.513175
0.512338
0.554377
0.53457
0.509439
0.438769
0.48165
0.430932
0.415885
0.440072
0.464658
0.507893
0.555545
0.557023
0.561717
0.507024
0.467188
0.44836
0.469923
0.47105
0.4256
0.418184
0.413716
0.408332
0.434496
0.431175
0.419674
0.399246
0.381455
0.393603
0.43392
0.475316
0.451727
0.470281
0.52361
0.541539
0.533646
0.431842
0.413441
0.38845
0.445565
0.430156
0.391875
0.436584
0.455573
0.447151
0.417712
0.400568
0.367504
0.376104
0.389802
0.390503
0.417556
0.461193
0.412396
0.474149
0.516032
0.434869
0.454901
0.421347
0.458845
0.495992
0.495601
0.47732
0.514321
0.541654
0.516874
0.495681
0.468513
0.413763
0.404866
0.454634
0.417974
0.465155
0.460099
0.382366
0.362882
0.402605
0.462233
0.440333
0.483813
0.518244
0.617913
0.640971
0.61052
0.629164
0.680721
0.705703
0.713168
0.718972
0.776836
0.753828
0.727451
0.675535
0.670892
0.617083
0.661694
0.623667
0.560625
0.496677
0.48294
0.415472
0.435669
0.437771
0.414341
0.430369
0.446204
0.540858
0.540527
0.557375
0.555252
0.573753
0.654532
0.661225
0.644021
0.694083
0.634546
0.671977
0.703951
0.668743
0.667815
0.639114
0.607353
0.639988
0.639988
0.625893
0.598406
0.600287
0.6084
0.647114
0.610759
0.636193
0.62681
0.598563
0.573371
0.522269
0.54137
0.567385
0.526976
0.506929
0.569856
0.520763
0.461536
0.473894
0.462559
0.551434
0.595006
0.582874
0.569569
0.600679
0.541888
0.513596
0.5122
0.511281
0.51112
0.522901
0.566219
0.575943
0.574451
0.570575
0.531101
0.580682
0.544024
0.553583
0.615221
0.631025
0.613541
0.640238
0.64184
0.618034
0.618294
0.609902
