0.52116
0.510404
0.506569
0.523215
0.430274
0.521599
0.448143
0.485221
0.515692
0.544469
0.580844
0.560092
0.53006
0.598079
0.56069
0.599588
0.630551
0.630672
0.637201
0.640606
0.682237
0.663513
0.674214
0.651021
0.594337
0.558067
0.560034
0.521857
0.547928
0.478515
0.4582
0.471437
0.476101
0.533997
0.457017
0.400951
0.410673
0.445395
0.440429
0.449479
0.487081
0.479761
0.502683
0.475918
0.500162
0.40967
0.317712
0.262958
0.369852
0.370959
0.385617
0.366778
0.401455
0.433991
0.437176
0.436628
0.415801
0.37789
0.37579
0.493088
0.490714
0.544093
0.569183
0.573966
0.550596
0.536002
0.512131
0.525857
0.529458
0.482886
0.568321
0.618739
0.575685
0.538536
0.533291
0.535675
0.546418
0.539431
0.578136
0.652774
0.691025
0.673754
0.666139
0.667334
0.638131
0.659115
0.670114
0.656633
0.642698
0.640008
0.608529
0.611015
0.636814
0.534154
0.46362
0.415613
0.462739
0.553823
0.524644
0.524712
0.518388
0.482782
0.516484
0.546723
0.556067
0.593728
0.589302
0.605496
0.643216
0.670769
0.664225
0.595319
0.612328
0.57169
0.558769
0.58574
0.508229
0.504051
0.489987
0.485646
0.465756
0.427393
0.406576
0.416588
0.377024
0.403083
0.492101
0.516471
0.53789
0.500875
0.515446
0.492501
0.502438
0.476714
0.439321
0.463488
0.489471
0.514712
0.538505
0.508736
0.518354
0.497266
0.512665
0.491871
0.492547
0.462571
0.488986
0.528236
0.581812
0.586952
0.590027
0.569562
0.54432
0.543546
0.474761
0.481577
0.45149
0.485586
0.508101
0.500967
0.446897
0.490927
0.490181
0.52122
0.53285
0.526426
0.542479
0.524112
0.521286
0.490101
0.498414
0.509312
0.521279
0.555999
0.474255
0.494505
0.429724
0.455897
0.510433
0.537368
0.485728
0.44323
0.461866
0.483152
0.415007
0.469184
0.522166
0.462847
0.477489
0.458912
0.475034
0.477447
0.40464
0.403909
0.604273
0.642291
0.675258
0.660963
0.687926
0.681456
0.681096
0.66259
0.664894
0.680199
0.67218
0.669386
0.649827
0.618688
0.521462
0.538637
0.610492
0.619783
0.593068
0.550387
0.526524
0.607533
0.596651
0.581016
0.642434
0.57488
0.563402
0.592119
0.576773
0.590014
0.480381
0.510231
0.485082
0.477723
0.485412
0.492776
0.493599
0.452935
0.434064
0.484469
0.534615
0.490018
0.660984
0.604641
0.567437
0.529284
0.563408
0.55953
0.583642
0.57517
0.57441
0.597366
0.548903
0.46802
0.438126
0.432314
0.488113
0.534132
0.572295
0.547604
0.577817
0.58756
0.516291
0.520012
0.543441
0.507936
0.472852
0.444216
0.476011
0.509769
0.518147
0.484896
0.464312
0.463868
0.404693
0.411884
0.445075
0.417645
0.438315
0.450405
0.527206
0.55033
0.522317
0.507651
0.448959
0.480456
0.449159
0.490352
0.527576
0.531337
0.510079
0.486587
0.467975
0.415617
0.407823
0.438612
0.427016
0.427948
0.451128
0.458126
0.454644
0.410745
0.40926
0.470456
0.484144
0.516888
0.48072
0.582288
0.632781
0.595996
0.641456
0.653186
0.626232
0.607111
0.609942
0.643944
0.648611
0.602674
0.653304
0.682722
0.565198
0.550998
0.508619
0.476617
0.492168
0.478392
0.501997
0.454613
0.485931
0.476357
0.504608
0.504503
0.473443
0.428491
0.571795
0.557533
0.583768
0.592905
0.646633
0.599196
0.570452
0.569204
0.567849
0.541147
0.538811
0.513377
0.524015
0.524629
0.534779
0.563733
0.573829
0.598672
0.552024
0.638416
0.651166
0.685506
0.681885
0.704975
0.649069
0.671358
0.628276
0.633541
0.640851
0.612476
0.557408
0.529584
0.503394
0.502563
0.489684
0.49355
0.486005
0.433226
0.466943
0.506077
0.541063
0.513552
0.530635
0.527922
0.569236
0.608641
0.59814
0.573951
0.545537
0.530818
0.555501
0.597878
0.586464
0.542333
0.503586
0.494981
0.448481
0.45901
0.504457
0.526428
0.563911
0.504922
0.606036
0.568661
0.641918
0.679909
0.680603
0.647269
0.668587
0.5388
0.52241
0.510609
0.435377
0.40617
0.408878
0.476477
0.449793
0.454888
0.43494
0.380468
0.374032
0.341002
0.297686
0.385494
0.392453
0.393314
0.407283
0.426283
0.419779
0.381779
0.477921
0.46443
0.46973
0.461709
0.507239
0.549697
0.569775
0.56908
0.575866
0.579752
0.617825
0.669804
0.577969
0.621588
0.599153
0.598628
0.602216
0.619806
0.550139
0.551777
0.542843
0.546718
0.52645
0.549888
0.54239
0.540162
0.555777
0.53998
0.566216
0.548683
0.523242
0.490659
0.452645
0.439248
0.436611
0.4408
0.426038
0.356422
0.466507
0.462437
0.484779
0.48182
0.460447
0.478259
0.530219
0.506896
0.577142
0.626933
0.620463
0.632114
0.651589
0.731202
0.696432
0.753636
0.720409
0.732134
0.688361
0.652402
0.589018
0.564005
0.558369
0.529131
0.375033
0.366332
0.456035
0.542269
0.544931
0.509152
0.489952
0.458611
0.488139
0.533384
0.371585
0.377892
0.35736
0.379319
0.372907
0.354575
0.233865
0.366663
0.346051
0.389334
0.38172
0.346495
0.340947
0.339009
0.487301
0.519833
0.514839
0.431836
0.42498
0.455862
0.352173
0.288584
0.282789
0.250889
0.288731
0.294908
0.342552
0.504505
0.488242
0.487332
0.479823
0.43057
0.452687
0.504991
0.514153
0.493866
0.531472
0.575097
0.527895
0.528055
0.573622
0.518551
0.497801
0.480262
0.469035
0.60271
0.592207
0.516101
0.493996
0.462196
0.473894
0.496185
0.500407
0.558493
0.535893
0.545016
0.541615
0.581749
0.583809
0.579874
0.574111
0.585956
0.587755
0.541556
0.570768
0.513079
0.507978
0.478873
0.527052
0.546972
0.500855
0.530164
0.680052
0.797401
0.794486
0.73551
0.61694
0.643005
0.589222
0.565195
0.537151
0.549297
0.510002
0.549087
0.511144
0.520637
0.496043
0.540834
0.568749
0.488616
0.448754
0.454763
0.465397
0.523559
0.499058
0.511948
0.554006
0.509829
0.534794
0.540468
0.518353
0.488755
0.528039
0.580871
0.652661
0.612962
0.599209
0.574198
0.534992
0.517982
0.552054
0.548264
0.547834
0.510337
0.563928
0.603145
0.547334
0.55009
0.519303
0.510555
0.514215
0.591364
0.652841
0.642907
0.546965
0.562752
0.583689
0.581238
0.508059
0.460674
0.603634
0.585377
0.589654
0.624258
0.608664
0.606283
0.554294
0.590203
0.614401
0.592012
0.556096
0.535368
0.628823
0.688561
0.646683
0.647794
0.615349
0.597796
0.618863
0.583119
0.611282
0.639109
0.568409
0.588215
0.637439
0.63893
0.594732
0.62027
0.59031
0.60558
0.574323
0.596337
0.566425
0.577677
0.544134
0.521895
0.57504
0.564346
0.529633
0.498489
0.444086
0.429509
0.519437
0.559301
0.596387
0.574634
0.566988
0.499938
0.458829
0.466556
0.512668
0.496739
0.482135
0.550135
0.58214
0.615004
0.57559
0.529086
0.584415
0.560539
0.560318
0.563952
0.592453
0.580439
0.556111
0.545694
0.545147
0.545804
0.53383
0.530733
0.526674
0.570623
0.545805
0.596273
0.601466
0.590518
0.583511
0.535387
0.500036
0.500415
0.504558
0.493634
0.489474
0.4933
0.525924
0.441169
0.483943
0.506609
0.518682
0.498484
0.522746
0.59614
0.603768
0.591031
0.614889
0.616167
0.618553
0.584758
0.4506
0.45424
0.355345
0.303803
0.292602
0.336283
0.371886
0.353821
0.340915
0.360753
0.362207
0.35342
0.394592
0.41092
0.467889
0.481875
0.526521
0.596741
0.658009
0.638266
0.564939
0.546538
0.583216
0.622397
0.623155
0.625014
0.658021
0.677654
0.656305
0.639212
0.61338
0.553421
0.503838
0.556323
0.558704
0.546716
0.524569
0.498939
0.448225
0.443142
0.440596
0.428263
0.447933
0.454432
0.449829
0.460466
0.468133
0.428409
0.351991
0.350181
0.307239
0.305112
0.387516
0.352867
0.316861
0.448914
0.39267
0.408673
0.441162
0.474723
0.534048
0.522041
0.55711
0.51256
0.465016
0.553103
0.599601
0.602253
0.597262
0.601192
0.529446
0.52031
0.470275
0.353167
