0.54763
0.491879
0.472749
0.459342
0.446619
0.49224
0.420513
0.373206
0.326507
0.308728
0.27199
0.265749
0.267937
0.286759
0.300674
0.555516
0.580431
0.583695
0.603305
0.61302
0.61295
0.674197
0.710494
0.719785
0.685285
0.720246
0.736857
0.709948
0.67005
0.61693
0.586055
0.602225
0.600777
0.604223
0.608392
0.660329
0.604802
0.610443
0.566058
0.523616
0.494477
0.547575
0.541159
0.523797
0.551185
0.575303
0.53164
0.525719
0.545495
0.513429
0.541786
0.506712
0.492697
0.517657
0.539258
0.544406
0.547287
0.569448
0.541827
0.526057
0.505549
0.482124
0.487583
0.525673
0.497966
0.535772
0.574735
0.587916
0.503039
0.468877
0.582855
0.595806
0.590473
0.576271
0.60045
0.59481
0.568816
0.57528
0.57456
0.674953
0.65364
0.634204
0.555004
0.580791
0.54444
0.561141
0.546237
0.529259
0.541992
0.569262
0.550025
0.556031
0.563306
0.446435
0.418104
0.377065
0.482521
0.546316
0.57
0.59474
0.548158
0.530182
0.532873
0.55505
0.579921
0.586733
0.563512
0.578003
0.545319
0.560405
0.520709
0.505517
0.470263
0.453828
0.45704
0.463387
0.435674
0.410443
0.379303
0.343554
0.320525
0.321007
0.327727
0.321809
0.35252
0.325285
0.350015
0.298212
0.330193
0.358021
0.365076
0.533332
0.590962
0.629551
0.644142
0.624413
0.561155
0.549162
0.553895
0.535876
0.563031
0.585836
0.546536
0.515601
0.502993
0.43695
0.44832
0.441781
0.453244
0.464057
0.526578
0.554466
0.563533
0.563299
0.533141
0.555602
0.640828
0.655644
0.643638
0.581505
0.605746
0.571082
0.600058
0.592196
0.592893
0.574985
0.547054
0.516445
0.527293
0.48223
0.419498
0.386886
0.395048
0.386673
0.296455
0.304671
0.241465
0.315161
0.346865
0.359415
0.402877
0.430338
0.452239
0.509425
0.477854
0.556217
0.546424
0.564252
0.560632
0.587037
0.603084
0.601676
0.547819
0.55418
0.703301
0.656664
0.650984
0.625716
0.625907
0.608594
0.688401
0.665867
0.66186
0.641835
0.63058
0.601742
0.603271
0.583773
0.546031
0.607958
0.602461
0.589129
0.587685
0.573304
0.518636
0.583729
0.592331
0.634739
0.664424
0.696219
0.650466
0.629397
0.597334
0.593868
0.592466
0.616056
0.655619
0.641259
0.669149
0.621824
0.615749
0.561609
0.510711
0.501247
0.581867
0.588147
0.706711
0.638689
0.524883
0.516658
0.463669
0.50335
0.49423
0.482518
0.488069
0.547006
0.58131
0.454331
0.530137
0.530848
0.522501
0.5054
0.501108
0.504312
0.506037
0.490349
0.458087
0.444731
0.462363
0.40945
0.387866
0.417149
0.310365
0.346231
0.328815
0.358519
0.489667
0.46575
0.488093
0.493292
0.511205
0.511567
0.53431
0.590491
0.665558
0.645911
0.680759
0.711402
0.693301
0.707795
0.624909
0.653237
0.658555
0.660158
0.700858
0.680127
0.675013
0.506287
0.516744
0.648104
0.642433
0.59117
0.564398
0.622271
0.625494
0.607459
0.562779
0.557895
0.539392
0.572781
0.553179
0.665769
0.687595
0.607861
0.550324
0.566315
0.589926
0.533248
0.589441
0.578571
0.621693
0.640254
0.629901
0.60211
0.65665
0.658293
0.580772
0.690023
0.601941
0.588485
0.563313
0.630708
0.545577
0.563031
0.550554
0.548937
0.548778
0.583251
0.593359
0.56604
0.588721
0.546097
0.616447
0.529249
0.512911
0.487612
0.513555
0.501156
0.472516
0.501821
0.530526
0.564261
0.507272
0.561943
0.49359
0.443
0.463325
0.549793
0.546693
0.616795
0.649923
0.717025
0.661157
0.653678
0.612484
0.590777
0.567733
0.507258
0.513545
0.474621
0.43067
0.473861
0.481862
0.468469
0.41903
0.403526
0.422928
0.468903
0.46851
0.52054
0.518612
0.509116
0.53401
0.60686
0.571033
0.537413
0.56497
0.554421
0.543533
0.578203
0.652131
0.63588
0.652888
0.704614
0.683316
0.688189
0.696757
0.664806
0.705827
0.767882
0.731817
0.738748
0.748813
0.76589
0.724265
0.730919
0.707378
0.686369
0.701768
0.576408
0.535031
0.563195
0.534871
0.485973
0.524755
0.532714
0.495868
0.529752
0.530194
0.515083
0.502588
0.501277
0.547687
0.633787
0.577436
0.600528
0.62878
0.689418
0.647896
0.646129
0.629863
0.61709
0.60093
0.606436
0.586715
0.552803
0.490376
0.484374
0.661663
0.507408
0.465036
0.414964
0.439304
0.487095
0.504144
0.491569
0.49646
0.505662
0.489083
0.442876
0.46627
0.427749
0.424732
0.440858
0.469708
0.513027
0.495115
0.440989
0.456646
0.492228
0.528469
0.547018
0.517523
0.448598
0.555618
0.542492
0.623765
0.629842
0.573808
0.580567
0.593914
0.56655
0.508682
0.513556
0.494865
0.429976
0.395948
0.510023
0.456318
0.53038
0.461361
0.437119
0.408198
0.352179
0.321985
0.364749
0.382186
0.430226
0.445962
0.469892
0.51823
0.555953
0.587123
0.610726
0.64255
0.618441
0.714062
0.641628
0.69065
0.597156
0.530812
0.540834
0.469242
0.466685
0.42557
0.547522
0.552098
0.524166
0.508281
0.507723
0.518846
0.575349
0.518482
0.500306
0.517434
0.498132
0.559467
0.501965
0.537587
0.364856
0.332307
0.322963
0.44436
0.433888
0.449656
0.43852
0.491784
0.444215
0.429749
0.472156
0.516702
0.50406
0.504555
0.554911
0.587855
0.5579
0.536842
0.560721
0.551848
0.569857
0.577779
0.653787
0.674953
0.650343
0.587962
0.640391
0.60442
0.603289
0.570789
0.574843
0.589313
0.559001
0.611575
0.661892
0.567547
0.494069
0.53675
0.530561
0.52146
0.434529
0.464517
0.46139
0.469556
0.487846
0.513129
0.520952
0.522194
0.524919
0.525936
0.565516
0.508448
0.501347
0.522285
0.561266
0.606573
0.49453
0.485457
0.481415
0.485899
0.469586
0.484093
0.439337
0.4781
0.416369
0.47222
0.44103
0.392392
0.436463
0.417804
0.47288
0.564315
0.583837
0.599419
0.64328
0.636873
0.70061
0.660231
0.616249
0.605876
0.67649
0.687805
0.661956
0.662327
0.617318
0.589041
0.606475
0.582129
0.580632
0.575175
0.537619
0.527555
0.593004
0.582376
0.57546
0.577916
0.593013
0.551853
0.583462
0.533499
0.48199
0.524294
0.472164
0.441166
0.478418
0.498056
0.403126
0.349206
0.445326
0.433819
0.387169
0.443332
0.495292
0.521739
0.520687
0.45914
0.512332
0.579013
0.581623
0.547979
0.590439
0.640509
0.617047
0.618462
0.659854
0.68812
0.632019
0.586536
0.587854
0.58813
0.474719
0.422216
0.440954
0.412827
0.400946
0.394476
0.327384
0.306398
0.303587
0.260698
0.202631
0.251036
0.259525
0.293801
0.365816
0.36571
0.419179
0.311221
0.555998
0.535574
0.604129
0.625629
0.661138
0.717321
0.757939
0.759836
0.773111
0.773068
0.780674
0.782725
0.737422
0.784471
0.757123
0.760297
0.696288
0.677141
0.677551
0.650359
0.629717
0.594082
0.594159
0.565322
0.505444
0.469525
0.520412
0.525912
0.471938
0.503334
0.575376
0.58504
0.598267
0.593644
0.601296
0.527158
0.509179
0.484556
0.485568
0.489138
0.479564
0.435377
0.468015
0.416969
0.44149
0.461396
0.489671
0.487178
0.473902
0.449976
0.455493
0.433002
0.437688
0.450602
0.453397
0.464652
0.446658
0.451368
0.398191
0.362034
0.344362
0.353268
0.405057
0.440487
0.485986
0.465395
0.45743
0.48376
0.427756
0.430179
0.419207
0.426687
0.432213
0.403139
0.391549
0.394637
0.417193
0.376753
0.394798
0.48191
0.523922
0.496461
0.560728
0.588228
0.587882
0.562104
0.575083
0.59926
0.53092
0.480831
0.477622
0.485339
0.492061
0.443594
0.392547
0.401295
0.369207
0.357079
0.353352
0.345736
0.343096
0.329976
0.321397
0.326157
0.324033
0.359313
0.281336
0.297901
0.284661
0.303024
0.390618
0.370093
0.401438
0.514688
0.515216
0.510333
0.545066
0.540731
0.582097
0.584563
0.5548
0.516882
0.568197
0.60684
0.585836
0.592081
0.546466
0.515688
0.505755
0.505755
0.473224
0.389284
