-0.138442618
-0.183653152
-0.216994944
-0.232533625
-0.242059851
-0.230347278
-0.24245027
-0.245729791
-0.281921643
-0.320221758
-0.362777442
-0.410174322
-0.461865813
-0.497081617
-0.525074668
-0.478927128
-0.441524977
-0.398305581
-0.364963789
-0.361410975
-0.375895524
-0.416147735
-0.445351084
-0.467995393
-0.462802819
-0.407129053
-0.317762118
-0.275713979
-0.227067757
-0.161047885
-0.130556152
-0.085150409
-0.054697718
-0.010346107
0.047631132
0.11743807
0.18361411
0.229058895
0.224490991
0.234095301
0.21976692
0.240927636
0.228121889
0.190524528
0.149764772
0.152068245
0.121381303
0.112284537
0.095613641
0.040174127
0.02104359
-0.027212212
-0.055439514
-0.092373163
-0.081051008
-0.079918793
-0.100415796
-0.122591602
-0.120795674
-0.09190466
-0.066761669
-0.042594725
-0.028344428
-0.006480957
0.022019638
0.023503231
0.020457962
0.006285748
-0.02022371
-0.036816523
-0.008120718
0.045483827
0.103265856
0.137232319
0.148827767
0.157299861
0.176586566
0.204345365
0.206024167
0.280828469
0.371132411
0.451090245
0.464364495
0.449684737
0.445429168
0.429773362
0.419036836
0.387022469
0.34926894
0.337400199
0.324867746
0.331621996
0.31741074
0.277861284
0.240654342
0.20977219
0.210045484
0.241981767
0.257012903
0.306322838
0.296289066
0.256622484
0.215628477
0.216487399
0.188572433
0.142581061
0.072891249
0.004567904
-0.02838347
-0.043258438
-0.05208191
-0.033888379
-0.052823706
-0.072188494
-0.124036153
-0.163273274
-0.217970992
-0.235110391
-0.294415055
-0.332871337
-0.35660882
-0.382649775
-0.400765221
-0.439885217
-0.455970484
-0.467800183
-0.459328089
-0.44484354
-0.441095516
-0.434458391
-0.443906534
-0.373631093
-0.304995413
-0.221094345
-0.17299471
-0.120951842
-0.078513284
-0.080582505
-0.101977473
-0.13051711
-0.122942979
-0.097487653
-0.073828255
-0.070704902
-0.09455951
-0.07597556
-0.044742031
-0.035606223
-0.040720714
-0.064184902
-0.089327893
-0.124309446
-0.130087649
-0.146094833
-0.177016027
-0.202861772
-0.188025846
-0.180256505
-0.16483495
-0.176859859
-0.193335546
-0.195521893
-0.16585004
-0.164093154
-0.167802136
-0.159915669
-0.143322857
-0.155503933
-0.147929803
-0.132273996
-0.141878306
-0.138715912
-0.124231362
-0.110137232
-0.151209323
-0.169715189
-0.224686201
-0.217814824
-0.144923575
-0.125168368
-0.121264177
-0.122045015
-0.090030648
-0.066800711
-0.095457474
-0.042907061
-0.000624671
-0.016983231
-0.085072325
-0.171823452
-0.259980089
-0.344310617
-0.438987253
-0.530579577
-0.456985574
-0.366252172
-0.374841392
-0.418724501
-0.485837547
-0.489858863
-0.498096707
-0.575751069
-0.67585453
-0.800983856
-0.889921331
-0.909090909
-0.848380737
-0.731762547
-0.646104593
-0.472211919
-0.296445234
-0.220274465
-0.199777461
-0.158236867
-0.103031604
-0.065121908
-0.081363344
-0.035840475
-0.008862514
0.011322154
-0.024323111
-0.084330529
-0.17728932
-0.162297226
-0.119741543
-0.036933648
0.025182033
0.080426338
0.100884299
0.133015792
0.163585609
0.191812911
0.218907998
0.309719484
0.370429656
0.415093603
0.422238273
0.454096473
0.420715638
0.437620786
0.464481621
0.464325453
0.429656236
0.36191852
0.266187753
0.185214828
0.119663459
0.072227536
0.110449568
0.141019384
0.195131474
0.189158061
0.186854588
0.182091475
0.144025611
0.085892205
-0.013430418
-0.079372206
-0.152810042
-0.199269916
-0.277666075
-0.315653854
-0.359185586
-0.375309895
-0.387647139
-0.401702227
-0.363050735
-0.34946415
-0.343373612
-0.353524509
-0.34864427
-0.329630859
-0.284303199
-0.199113749
-0.140785133
-0.120131962
-0.10396861
-0.095965018
-0.061373885
-0.036230894
-0.056181311
-0.076483105
-0.097409569
-0.130868487
-0.162219142
-0.18361411
-0.20895231
-0.258106077
-0.296328108
-0.289261522
-0.284693619
-0.269857692
-0.262244519
-0.216018896
-0.176039979
-0.126495793
-0.082183224
-0.043609815
0.001405509
0.057430652
0.083159271
0.092646456
0.162414352
0.189314229
0.210670154
0.247096258
0.270130986
0.264352783
0.251976497
0.250570988
0.280320925
0.319323794
0.353797802
0.378394206
0.392254085
0.424307494
0.444570246
0.449997072
0.412399711
0.378238039
0.368789896
0.352001874
0.307376969
0.256193023
0.242606438
0.247799012
0.222343686
0.216057938
0.25939446
0.299022
0.371132411
0.444687372
0.487282097
0.448747731
0.422862943
0.376442111
0.322876608
0.256466317
0.211490035
0.165459621
0.164483573
0.153434712
0.15870537
0.159954711
0.169598064
0.175766686
0.209616023
0.23753099
0.265055537
0.280867511
0.313857926
0.325023913
0.309329065
0.304292658
0.289573858
0.276611943
0.252523084
0.234017217
0.230308236
0.195131474
0.160228005
0.126456751
0.08721963
0.067932926
0.046108497
0.011517364
-0.01573389
-0.01858395
-0.007652215
0.017451734
0.025572452
0.031897242
0.034630175
0.029906104
0.031233529
0.018701076
0.004372694
-0.016319519
-0.032365745
-0.053214125
-0.035489098
-0.008237843
0.009174849
0.058289574
0.096902024
0.128486931
0.186815546
0.233119254
0.262986316
0.281999727
0.281570266
0.286372421
0.282546313
0.287114217
0.29554727
0.317371699
0.323032776
0.351025826
0.378940793
0.356569778
0.327952057
0.290471822
0.243777695
0.182833272
0.16401507
0.15952525
0.166357585
0.163078064
0.167060339
0.179905128
0.208561891
0.221328596
0.227965721
0.224530033
0.19157866
0.160852675
0.130478068
0.128447889
0.137622738
0.15523064
0.172916626
0.195209557
0.212270873
0.237804283
0.268569309
0.289886193
0.309290023
0.313506549
0.317684034
0.300622718
0.2736838
0.254826556
0.259277334
0.293517091
0.33189529
0.363011693
0.387725223
0.42360474
0.431959709
0.399242587
0.386983427
0.383391571
0.379214086
0.401467976
0.409861987
0.401311808
0.402600191
0.377496242
0.344583911
0.335760439
0.314560681
0.292853378
0.24448045
0.133328128
0.108341304
0.038846702
0.036894606
0.068987058
0.102289808
0.122435434
0.161008843
0.203759736
0.235539852
0.224920452
0.250727156
0.27614344
0.299763796
0.300544635
0.270560447
0.267866555
0.268686435
0.287192301
0.260487633
0.24346536
0.233314463
0.264860328
0.30003709
0.310734574
0.314092178
0.335526187
0.34251469
0.343764031
0.3468093
0.344076366
0.331426787
0.327600679
0.305620083
0.252640209
0.207078299
0.159173873
0.120990884
0.080153044
0.048138677
0.043726941
0.042165264
0.0890546
0.132625373
0.154723095
0.157963574
0.140707049
0.115368848
0.083354481
0.060983466
0.026821793
-0.019481914
-0.045600953
-0.068557597
-0.115446932
-0.171003572
-0.200285006
-0.218244285
-0.245456498
-0.23183087
-0.241357097
-0.225271829
-0.195404767
-0.174556386
-0.199191832
-0.243543444
-0.278524997
-0.256232065
-0.229839733
-0.187323091
-0.152185371
-0.098893162
-0.052394245
-0.033380834
-0.030140356
-0.04575712
-0.069611728
-0.087805259
-0.073750171
-0.059695083
-0.030101314
-0.006598083
0.010385148
0.029671853
0.043805025
0.068362387
0.091670408
0.11193316
0.108028969
0.110371484
0.11825795
0.112479747
0.097565737
0.080231128
0.082417475
0.073789213
0.042165264
0.030296523
0.04064263
0.065317118
0.095730767
0.132117828
0.165576747
0.197473988
0.205048119
0.198020575
0.232182248
0.259941047
0.262010268
0.256973861
0.256817694
0.251937455
0.207585843
0.157143694
0.126105374
0.089757355
0.061764304
0.024245027
-0.043375564
-0.067932926
-0.066019872
-0.067034962
-0.063482148
-0.090303941
-0.113924298
-0.144533156
-0.169871357
-0.140746091
-0.132117828
-0.125949206
-0.136412439
-0.161282136
-0.180412673
-0.221016261
-0.304644035
-0.377340075
-0.410252406
-0.448981982
-0.498838503
-0.49938509
-0.475881859
-0.457844496
-0.405059832
-0.380033966
-0.326897925
-0.303121401
-0.312647627
-0.298280204
-0.29308763
-0.258340328
-0.212661292
-0.191461534
-0.147148964
-0.107404299
-0.079918793
-0.052589455
-0.026040955
-0.009487184
0.008745388
-0.011087903
-0.018896285
-0.027524548
-0.077146817
-0.133054834
-0.12969723
-0.115876393
-0.128916392
-0.113377711
-0.03880766
0.044702989
0.113533879
0.169832315
0.203798778
0.225662248
0.211958537
0.224022488
0.240342007
0.246705839
0.27961817
0.314404513
0.340757804
0.354812892
0.389130732
0.412477795
0.430944619
0.444492162
0.413258633
0.364026783
0.323462237
0.301325473
0.28512308
0.26368907
0.225467039
0.198450036
0.176859859
0.163429442
0.15870537
0.150428485
0.128447889
0.107326215
0.081597595
0.040915923
0.00796455
-0.04575712
-0.041111133
-0.050793527
-0.025064907
0.010736526
0.026119039
0.03634802
0.033224667
0.028891015
0.019638081
0.009721436
0.041931013
0.083510649
0.122201183
0.13949675
0.145313995
0.157416987
0.146407168
0.144064653
0.149803814
0.143400941
0.138247409
0.143361899
0.1674898
0.206180335
0.244870869
0.273957093
0.324867746
0.349698401
0.367618639
0.405333125
0.420442345
0.442540067
0.445273001
0.455189646
0.464832998
0.440783181
0.429461026
0.399125461
0.382454565
0.368399477
0.350127862
0.305502957
0.254787514
0.223202608
0.220196381
0.211294825
0.23101099
0.255763562
0.273527632
0.248423683
0.240966678
0.206336502
0.176859859
0.125675913
0.082651727
0.060554005
0.055439514
0.03084311
-0.022175806
-0.052745622
-0.078200949
-0.108575556
-0.146485252
-0.18525387
-0.189821774
-0.186971714
-0.201573389
-0.221758057
-0.231089074
-0.247096258
-0.273332422
-0.290823199
-0.297850743
-0.29472739
-0.295664396
-0.302535772
-0.293439007
-0.308704394
-0.290471822
-0.24530033
-0.210201651
-0.201143928
-0.192359498
-0.156948484
-0.118218908
-0.083276397
-0.045093408
0.003826107
0.012532454
-0.010697484
-0.01920862
-0.018271615
0.014406465
0.012727663
0.018662034
0.005817245
-0.019677123
-0.052355203
-0.106037832
-0.146563336
-0.168348722
-0.199816503
-0.217580573
-0.253967634
-0.301169305
-0.318581998
-0.339118043
-0.3627384
-0.407285221
-0.426767135
-0.405098874
-0.409393484
-0.414273723
-0.371757081
-0.325882835
-0.266500088
-0.191344408
-0.119194956
-0.066566459
-0.042750893
-0.048880473
-0.04759209
-0.056532688
-0.0678158
-0.054619634
-0.067932926
-0.073594003
-0.049739395
-0.026782751
-0.031819158
-0.078669452
-0.087688133
