0.503853113
0.497850298
0.473115431
0.448714759
0.429064392
0.410205298
0.384960773
0.355700015
0.314856068
0.260178647
0.188828878
0.112939089
0.023313465
-0.052488116
-0.118956414
-0.162042553
-0.176525366
-0.172104407
-0.150666481
-0.125451435
-0.095343616
-0.071471198
-0.045889422
-0.018963111
0.011192516
0.042228539
0.075442794
0.105282859
0.129200717
0.153749662
0.178016838
0.200981787
0.217383403
0.229114749
0.236636415
0.240996506
0.246157072
0.252225336
0.245089836
0.227986989
0.198847392
0.168578356
0.134450293
0.097059312
0.055362615
0.021272089
-0.007382634
-0.033964516
-0.061988802
-0.09728426
-0.131996823
-0.179424571
-0.231938194
-0.282708782
-0.318949207
-0.340159436
-0.354973963
-0.365557846
-0.36832012
-0.360349778
-0.339738101
-0.308959866
-0.27189659
-0.233043348
-0.190474656
-0.147240016
-0.10472505
-0.069537007
-0.028487625
0.016815504
0.06088594
0.106406456
0.150757743
0.194173648
0.231044739
0.256356507
0.275536739
0.291652271
0.295059529
0.296784885
0.301090143
0.310766137
0.32891621
0.349843716
0.371450535
0.395181631
0.418542522
0.446090181
0.470220846
0.494321421
0.521727681
0.558743455
0.607692994
0.664845461
0.711911557
0.754116116
0.780158709
0.798923143
0.801257246
0.789469539
0.771989958
0.737248833
0.679900668
0.622368031
0.566482547
0.512663183
0.453661565
0.390170522
0.325096438
0.265659815
0.211718335
0.166037289
0.12287879
0.075040666
0.022382015
-0.026419671
-0.070845115
-0.103552156
-0.12723575
-0.141539322
-0.143886484
-0.138951974
-0.140984148
-0.154813843
-0.171391529
-0.195406608
-0.229633073
-0.27101291
-0.311066463
-0.345950285
-0.37678996
-0.406899269
-0.444878453
-0.482585721
-0.513965792
-0.54587446
-0.582497996
-0.627620738
-0.674280927
-0.715992706
-0.751065202
-0.76908052
-0.777001297
-0.784048169
-0.797292142
-0.815700003
-0.828478844
-0.832095891
-0.829582508
-0.826136034
-0.818376627
-0.802714467
-0.782799707
-0.763706194
-0.749828958
-0.733022314
-0.704906269
-0.663091771
-0.613915526
-0.569434829
-0.526839484
-0.48091054
-0.433383893
-0.388825298
-0.351376085
-0.324486813
-0.308787155
-0.306537402
-0.309884977
-0.324644785
-0.355537575
-0.392303008
-0.414987144
-0.41791388
-0.424936734
-0.42494945
-0.427838803
-0.418221232
-0.385042451
-0.338391121
-0.294036359
-0.245966757
-0.188953094
-0.132306657
-0.093282422
-0.054219811
-0.018158398
-0.001490327
-0.00361319
-0.022884264
-0.061181645
-0.118052725
-0.187820065
-0.27191385
-0.344030719
-0.401869334
-0.464941677
-0.536821417
-0.60488719
-0.652435947
-0.685281791
-0.715522075
-0.743662635
-0.779952281
-0.830245478
-0.874130525
-0.90228888
-0.909090909
-0.897555453
-0.874015283
-0.831424367
-0.781901936
-0.736266025
-0.69180717
-0.645044186
-0.598034069
-0.570048617
-0.55151696
-0.540494864
-0.535228411
-0.539217419
-0.551695246
-0.576424577
-0.593367084
-0.602476335
-0.598453303
-0.588178261
-0.572580863
-0.562271874
-0.555093874
-0.543432789
-0.532240464
-0.523126249
-0.503340707
-0.477309187
-0.437582346
-0.388220446
-0.333036842
-0.274692733
-0.211849883
-0.145973148
-0.085986048
-0.033467613
0.005041734
0.031977248
0.054564317
0.076085907
0.097457697
0.127072203
0.163196889
0.203132144
0.237203426
0.271249772
0.302313021
0.319793862
0.328256982
0.326168524
0.321389504
0.315466114
0.305854958
0.289360553
0.275584623
0.260080931
0.2434318
0.227569359
0.213084713
0.207140741
0.205417485
0.205963418
0.205498972
0.209022313
0.215071446
0.223599443
0.238990565
0.258986316
0.276869247
0.292252427
0.303627238
0.31633177
0.330306263
0.334933306
0.32979126
0.320377522
0.305087323
0.2888992
0.27387141
0.259054019
0.236699229
0.209001808
0.187867224
0.169424538
0.151371187
0.134331919
0.126313694
0.124878468
0.12929767
0.137720734
0.144986139
0.155319567
0.168496945
0.187790853
0.208625379
0.238879256
0.270001501
0.299878643
0.326384575
0.344259563
0.350334471
0.346579843
0.34091848
0.339848953
0.340368003
0.340454836
0.337660411
0.331927107
0.331441545
0.333519884
0.336045524
0.336278988
0.331303124
0.322686767
0.308737056
0.28732078
0.260595628
0.235152618
0.21154486
0.186266465
0.161652454
0.143618463
0.129176012
0.129482333
0.141320406
0.162154741
0.18387791
0.21047434
0.237502186
0.259849949
0.272489185
0.279255549
0.278818673
0.281371234
0.285078169
0.291144333
0.293965831
0.296062652
0.297381184
0.302017774
0.307804308
0.318550784
0.329958397
0.344980269
0.356722841
0.356914263
0.354463199
0.349042745
0.34066642
0.327977925
0.314634862
0.301256897
0.284131789
0.260587571
0.230777787
0.196406141
0.161630764
0.121774514
0.08365771
0.046130561
0.01803338
-0.002718398
-0.013164395
-0.020024352
-0.027979075
-0.039368015
-0.053542484
-0.072503838
-0.097318474
-0.125670198
-0.154468802
-0.178424159
-0.196985104
-0.211910215
-0.216480592
-0.21272898
-0.200265435
-0.180213704
-0.156512393
-0.132167243
-0.104267478
-0.074776501
-0.045952351
-0.023030513
-0.009901477
-0.001712297
0.004411374
0.014954094
0.025412081
0.036375066
0.044557373
0.051049759
0.056602639
0.056027418
0.055414471
0.058169871
0.06194741
0.063991917
0.066559217
0.071958096
0.080133873
0.092822291
0.106119495
0.117872263
0.127419573
0.132987803
0.133669674
0.124141953
0.109707559
0.095899477
0.083226333
0.07360712
0.068386146
0.066737236
0.069236605
0.072885689
0.077485125
0.083188492
0.094624476
0.108546426
0.125083369
0.141818302
0.158810908
0.171404551
0.177508212
0.180619345
0.185819394
0.190941698
0.196650984
0.197583159
0.195671231
0.193324526
0.190622356
0.188407161
0.190797206
0.196627004
0.203856898
0.212176289
0.222184455
0.234857217
0.246835965
0.262795855
0.274784798
0.28420793
0.29263233
0.296393412
0.297531213
0.291896541
0.271641246
0.253321554
0.230624015
0.208838413
0.189164639
0.17551052
0.163899915
0.15982751
0.162259177
0.169382381
0.174301999
0.178818076
0.183904907
0.194626218
0.206708639
0.220292383
0.233603218
0.24756637
0.262395025
0.278145202
0.287155935
0.293455716
0.296471729
0.302389926
0.306895388
0.308941805
0.303369565
0.292618889
0.273784729
0.25024792
0.225415795
0.200799874
0.177731557
0.157023997
0.137708591
0.114168688
0.087256772
0.052499915
0.021234858
-0.004136135
-0.024173241
-0.039469779
-0.051546624
-0.057152848
-0.06015626
-0.058289886
-0.055399197
-0.053071394
-0.051797195
-0.053901385
-0.058242422
-0.067328456
-0.078293618
-0.084973188
-0.089423319
-0.09750455
-0.113813643
-0.13169516
-0.15432473
-0.177155687
-0.195573209
-0.212399748
-0.226097743
-0.237781663
-0.247396102
-0.264885955
-0.290379179
-0.317593636
-0.340800946
-0.357152042
-0.363298509
-0.359303277
-0.345697843
-0.323403768
-0.298091886
-0.269770023
-0.243141288
-0.219883229
-0.196870205
-0.173411713
-0.148634574
-0.12286363
-0.097366817
-0.07286064
-0.046504585
-0.020913912
0.007615716
0.039412921
0.071792716
0.102729343
0.129204612
0.15379094
0.175201259
0.192337135
0.200806861
0.203000405
0.198210312
0.190429903
0.175514644
0.152394205
0.127345303
0.10151731
0.079801014
0.0637339
0.053430983
0.0475714
0.043051734
0.039565814
0.033409152
0.020885006
0.003801443
-0.014905866
-0.037439972
-0.064929553
-0.090403684
-0.108659912
-0.123837656
-0.133635308
-0.143329211
-0.159294141
-0.176274069
-0.188857555
-0.198909099
-0.214098566
-0.237507112
-0.265658058
-0.297075932
-0.328571857
-0.355341838
-0.380079914
-0.399717641
-0.413633138
-0.421756525
-0.426284898
-0.431083698
-0.438787087
-0.453541434
-0.470026407
-0.487032913
-0.505938211
-0.520909679
-0.526907072
-0.523441734
-0.504669893
-0.481816826
-0.453812472
-0.422122338
-0.387208693
-0.350380637
-0.314144145
-0.277372832
-0.243236101
-0.215384488
-0.192744265
-0.170233146
-0.149375671
-0.130482592
-0.114054553
-0.101507802
-0.095456912
-0.099604999
-0.107192573
-0.11921951
-0.136653727
-0.156069217
-0.177802849
-0.197534321
-0.215900827
-0.228906258
-0.235262973
-0.235506479
-0.226275685
-0.219908279
-0.212576698
-0.205672791
-0.200539146
-0.195676195
-0.186607917
-0.175847885
-0.161328835
-0.145986704
-0.129932688
-0.113507704
-0.098519549
-0.085352939
-0.073170054
-0.057321741
-0.036028536
-0.010799438
0.016142605
0.040659398
0.060723424
0.074277307
0.077399399
0.073825654
0.066850302
0.057657694
0.051571368
0.043914794
0.030160133
0.013237711
-0.005539209
-0.027609749
-0.050887014
-0.07586283
-0.095255447
-0.116588937
-0.13408341
-0.142114466
-0.140046933
-0.124218591
-0.09857297
-0.075467538
-0.056379867
-0.041155537
-0.024370963
-0.016159407
-0.016112172
-0.021695218
-0.029980166
-0.035485505
-0.043387534
-0.054505207
-0.062001747
-0.069702043
-0.075763014
-0.079099629
-0.075567659
-0.068999972
-0.059453807
-0.049128628
-0.041151069
-0.041703417
-0.050851502
-0.060575647
-0.070913351
-0.08178011
-0.087831115
-0.091251432
-0.091971527
-0.097488742
-0.1072408
-0.123886113
-0.143395996
-0.161188084
-0.168907359
-0.167476333
-0.159580376
-0.150155335
-0.136070373
-0.115561605
-0.088814076
-0.060871124
-0.031811448
-0.005982386
0.016544313
0.033305555
0.040238331
0.037834425
0.029923881
0.021625072
0.012259637
-0.001181982
-0.018946042
-0.03488325
-0.051115514
-0.068080207
-0.083851424
-0.098522756
-0.107457043
-0.111244166
-0.109531297
-0.103242742
-0.097272538
-0.093710668
-0.089211583
-0.082336047
-0.072879618
-0.062618628
-0.055028419
-0.049506126
-0.041888386
-0.03549635
-0.028924042
-0.021596547
-0.013955133
-0.004657362
0.008921036
0.026336313
0.047134219
0.067087012
0.084698828
0.101682728
0.116476482
0.126547348
0.134359641
0.141082971
0.151013316
0.158499356
0.165160253
0.169969668
0.174619088
0.175971147
0.174601294
0.169862559
0.162566185
0.152643248
0.141489719
0.12861091
0.117589998
0.111392783
0.109268316
0.110959611
0.112198069
0.110393707
0.104948395
0.09251219
0.076682702
0.060170045
0.046089321
0.035512082
0.029669759
0.026676046
0.02629725
0.027697269
0.032330346
0.044399325
0.058315967
0.073932229
0.089510572
0.102271122
0.116076569
0.129923714
0.14350639
0.152654207
0.155573536
0.154388308
