-0.15399846
-0.157598424
-0.188464782
-0.189698103
-0.169798302
-0.165865008
-0.176064906
-0.148031853
-0.135298647
-0.12033213
-0.137431959
-0.108465582
-0.136365303
-0.142498575
-0.184198158
-0.176264904
-0.156298437
-0.114132192
-0.065266014
-0.026233071
0.047432859
0.112065546
0.192064746
0.245864208
0.287963787
0.327096729
0.35599644
0.363963027
0.373896261
0.374696253
0.37299627
0.404695953
0.467561991
0.521161455
0.563427699
0.585027483
0.570527628
0.54466122
0.497128362
0.493495065
0.494061726
0.483761829
0.460062066
0.421262454
0.346396536
0.324230091
0.31966347
0.321063456
0.329496705
0.299397006
0.303730296
0.28166385
0.24633087
0.203264634
0.197431359
0.183531498
0.16566501
0.149098509
0.123298767
0.132198678
0.139165275
0.162131712
0.202464642
0.225031083
0.254030793
0.258930744
0.261964047
0.24399756
0.213564531
0.206631267
0.252530808
0.257430759
0.249264174
0.265364013
0.278030553
0.289630437
0.310896891
0.335529978
0.310963557
0.378429549
0.417929154
0.446495535
0.489361773
0.514961517
0.545827875
0.586927464
0.629693703
0.651893481
0.661960047
0.691893081
0.751425819
0.806158605
0.811791882
0.766092339
0.720359463
0.682859838
0.624893751
0.596094039
0.542861238
0.495095049
0.446062206
0.390696093
0.303030303
0.270130632
0.250797492
0.225064416
0.183298167
0.135431979
0.103532298
0.069399306
0.034366323
0.056466102
0.044599554
0.044299557
-0.010299897
-0.081965847
-0.152865138
-0.158031753
-0.184064826
-0.195231381
-0.210097899
-0.262130712
-0.341496585
-0.443795562
-0.533161335
-0.561427719
-0.581227521
-0.544361223
-0.504728286
-0.466628667
-0.4366623
-0.389929434
-0.388229451
-0.392096079
-0.364263024
-0.368629647
-0.378796212
-0.438062286
-0.509228241
-0.554427789
-0.555594444
-0.484761819
-0.445162215
-0.453628797
-0.506828265
-0.535594644
-0.555594444
-0.565527678
-0.579460872
-0.612793872
-0.652693473
-0.671693283
-0.682559841
-0.708292917
-0.734625987
-0.747592524
-0.708092919
-0.646393536
-0.60099399
-0.570727626
-0.550794492
-0.512528208
-0.464728686
-0.413362533
-0.372029613
-0.379062876
-0.40599594
-0.458028753
-0.496561701
-0.529628037
-0.599194008
-0.635960307
-0.65132682
-0.639093609
-0.662160045
-0.679926534
-0.736092639
-0.749725836
-0.664560021
-0.591460752
-0.560794392
-0.5399946
-0.484295157
-0.440362263
-0.482695173
-0.491161755
-0.504228291
-0.552594474
-0.603627297
-0.682826505
-0.756725766
-0.834891651
-0.884191158
-0.909090909
-0.875791242
-0.828825045
-0.837858288
-0.830425029
-0.812125212
-0.758192418
-0.711892881
-0.713859528
-0.713092869
-0.721592784
-0.73399266
-0.690226431
-0.629493705
-0.550461162
-0.506561601
-0.470361963
-0.424162425
-0.413795862
-0.421229121
-0.428195718
-0.426095739
-0.419362473
-0.436595634
-0.434562321
-0.44099559
-0.442962237
-0.44299557
-0.452762139
-0.467161995
-0.44032893
-0.407029263
-0.36366303
-0.327863388
-0.295230381
-0.27566391
-0.261064056
-0.244564221
-0.227031063
-0.215564511
-0.162631707
-0.112265544
-0.058199418
-0.013966527
0.021966447
0.041466252
0.0766659
0.103598964
0.124732086
0.139298607
0.130065366
0.099132342
0.076799232
0.077099229
0.081165855
0.110798892
0.156365103
0.197431359
0.213364533
0.238897611
0.248964177
0.238264284
0.225631077
0.197031363
0.18499815
0.184598154
0.179798202
0.155898441
0.149098509
0.143598564
0.122398776
0.094132392
0.072299277
0.07299927
0.074199258
0.070032633
0.056599434
0.047966187
0.059266074
0.081065856
0.111232221
0.11533218
0.104098959
0.083765829
0.060966057
0.053699463
0.042866238
0.017766489
0.002266644
-0.010366563
-0.02966637
-0.05433279
-0.073299267
-0.090565761
-0.120932124
-0.142098579
-0.132065346
-0.143198568
-0.152365143
-0.170964957
-0.165065016
-0.160098399
-0.155431779
-0.150265164
-0.155965107
-0.162465042
-0.163165035
-0.142698573
-0.115365513
-0.072499275
-0.042399576
-0.008166585
0.043366233
0.086065806
0.095599044
0.119165475
0.142531908
0.182931504
0.21199788
0.227131062
0.229897701
0.233364333
0.239797602
0.242130912
0.238630947
0.224264424
0.216797832
0.234030993
0.262830705
0.260830725
0.262530708
0.266497335
0.264164025
0.23533098
0.2033313
0.182298177
0.168198318
0.180598194
0.187264794
0.196698033
0.193298067
0.201964647
0.217931154
0.213297867
0.190164765
0.153131802
0.120465462
0.117098829
0.130965357
0.14699853
0.144631887
0.140731926
0.145131882
0.152031813
0.156598434
0.175198248
0.217764489
0.264697353
0.303796962
0.307630257
0.311596884
0.319463472
0.33599664
0.338096619
0.337429959
0.341729916
0.322730106
0.286163805
0.253497465
0.225897741
0.205431279
0.16433169
0.14033193
0.128232051
0.14533188
0.161565051
0.192198078
0.197531358
0.213364533
0.205497945
0.189731436
0.178531548
0.152031813
0.121765449
0.0966657
0.05599944
-0.003033303
-0.051166155
-0.066865998
-0.066166005
-0.058499415
-0.03866628
-0.00433329
0.029499705
0.07466592
0.094932384
0.109198908
0.133931994
0.144165225
0.170031633
0.192831405
0.22466442
0.241164255
0.25266414
0.261964047
0.280097199
0.299197008
0.310230231
0.335696643
0.372196278
0.377462892
0.355129782
0.323596764
0.290097099
0.275263914
0.279063876
0.266830665
0.245097549
0.217864488
0.193164735
0.165431679
0.126232071
0.085732476
0.044699553
0.015499845
0.001799982
0.014466522
0.016799832
0.017799822
0.013266534
0.01133322
0.013566531
0.037566291
0.052966137
0.067532658
0.078932544
0.094132392
0.095732376
0.092199078
0.092099079
0.094299057
0.091865748
0.086199138
0.06966597
0.061799382
0.063899361
0.062266044
0.069232641
0.091832415
0.118632147
0.138265284
0.159365073
0.206597934
0.246364203
0.264497355
0.298730346
0.295897041
0.291063756
0.281163855
0.257630757
0.237430959
0.190064766
0.110432229
0.064199358
0.013699863
-0.027199728
-0.05266614
-0.065599344
-0.063466032
-0.040832925
-0.016633167
0.003166635
-0.00566661
0.000266664
0.020266464
0.035732976
0.044466222
0.043799562
0.042732906
0.039899601
0.049766169
0.072565941
0.076765899
0.078565881
0.088699113
0.100232331
0.109265574
0.111898881
0.109498905
0.116865498
0.099899001
0.075232581
0.057132762
0.053266134
0.048099519
0.04299957
0.025966407
0.006166605
-0.022866438
-0.060066066
-0.071232621
-0.075832575
-0.072299277
-0.056399436
-0.039599604
-0.005133282
0.023899761
0.045732876
0.068532648
0.076132572
0.083032503
0.069465972
0.05933274
0.05433279
0.053966127
0.050466162
0.053632797
0.030699693
-0.018633147
-0.054432789
-0.081365853
-0.089065776
-0.079165875
-0.058199418
-0.030599694
-0.006266604
0.007799922
-0.006566601
-0.024899751
-0.048032853
-0.061099389
-0.075165915
-0.08599914
-0.103865628
-0.08866578
-0.062899371
-0.039399606
-0.024433089
-0.023466432
-0.036066306
-0.013733196
0.024299757
0.06266604
0.09199908
0.107465592
0.131298687
0.171098289
0.20599794
0.255930774
0.297297027
0.321163455
0.323230101
0.321530118
0.333030003
0.334229991
0.32499675
0.304963617
0.278030553
0.26866398
0.265397346
0.259730736
0.25833075
0.296597034
0.326430069
0.354163125
0.397596024
0.429195708
0.421595784
0.397796022
0.391296087
0.381362853
0.360763059
0.357163095
0.34599654
0.314830185
0.286963797
0.242064246
0.201264654
0.170264964
0.141831915
0.115598844
0.067032663
0.033432999
0.02533308
-0.006299937
-0.043599564
-0.092365743
-0.137098629
-0.19099809
-0.245897541
-0.248497515
-0.254197458
-0.251630817
-0.269130642
-0.294730386
-0.33732996
-0.393262734
-0.44732886
-0.50866158
-0.521628117
-0.528294717
-0.547561191
-0.552127812
-0.526261404
-0.506228271
-0.476961897
-0.45899541
-0.431229021
-0.428629047
-0.447595524
-0.446828865
-0.438928944
-0.395096049
-0.348296517
-0.301263654
-0.251230821
-0.211131222
-0.182098179
-0.158465082
-0.132432009
-0.105032283
-0.058699413
-0.009366573
0.03966627
0.084032493
0.093732396
0.079599204
0.083465832
0.092065746
0.096699033
0.116832165
0.145565211
0.175764909
0.200464662
0.179464872
0.140798592
0.101732316
0.056832765
0.039499605
0.048466182
0.072265944
0.099065676
0.128698713
0.150565161
0.17299827
0.177964887
0.165765009
0.122832105
0.093232401
0.073032603
0.077732556
0.073465932
0.058766079
0.041766249
0.019766469
-0.015266514
-0.031199688
-0.057232761
-0.078965877
-0.088699113
-0.10066566
-0.119532138
-0.144165225
-0.15933174
-0.169398306
-0.188364783
-0.220364463
-0.228197718
-0.245264214
-0.255464112
-0.243364233
-0.237597624
-0.234964317
-0.228897711
-0.214264524
-0.199064676
-0.193198068
-0.18133152
-0.180498195
-0.182364843
-0.175231581
-0.176098239
-0.163065036
-0.141231921
-0.12199878
-0.10866558
-0.107398926
-0.096699033
-0.071599284
-0.065466012
-0.05599944
-0.050799492
-0.051099489
-0.045532878
-0.05366613
-0.074265924
-0.08866578
-0.10366563
-0.119765469
-0.12733206
-0.118098819
-0.117698823
-0.129198708
-0.156465102
-0.177098229
-0.175464912
-0.184298157
-0.190964757
-0.194264724
-0.17066496
-0.143131902
-0.113065536
-0.089032443
-0.046266204
-0.013566531
0.029566371
0.050399496
0.074032593
0.086165805
0.084699153
0.059466072
0.03933294
0.030466362
0.02266644
-0.00766659
-0.053432799
-0.078932544
-0.104365623
-0.13966527
-0.167864988
-0.203031303
-0.221431119
-0.234897651
-0.245930874
-0.234130992
-0.223531098
-0.225864408
-0.226431069
-0.215864508
-0.18566481
-0.168831645
-0.165298347
-0.161698383
-0.155731776
-0.155598444
-0.138198618
-0.133232001
-0.131232021
-0.135298647
-0.147231861
-0.141465252
-0.121265454
-0.103532298
-0.068232651
-0.027566391
0.000633327
0.03199968
0.048232851
0.070765959
0.093199068
0.093499065
0.094265724
0.089565771
0.077899221
0.055399446
0.046166205
0.037099629
0.022899771
-0.004166625
-0.025566411
-0.047399526
-0.044532888
-0.022899771
-0.028033053
-0.027233061
-0.040099599
-0.047599524
-0.047066196
-0.058599414
-0.058466082
-0.059066076
-0.061766049
-0.066899331
-0.047832855
-0.014766519
0.030699693
0.049766169
0.055099449
0.03099969
0.001366653
-0.023199768
-0.031533018
-0.05633277
-0.057832755
-0.029099709
0.013699863
0.043099569
0.052066146
0.083465832
