0.478472381
0.410379028
0.32406351
0.304088578
0.303526369
0.289934155
0.24594962
0.206694248
0.131192973
0.035915193
-0.08363676
-0.16509083
-0.290297937
-0.308057107
-0.333290341
-0.289603445
-0.203056429
-0.133739446
-0.056220835
-0.021297775
0.021727699
0.020801709
0.048879056
0.076857189
0.114161367
0.144090694
0.18040274
0.194557162
0.194755588
0.218202984
0.238244058
0.25362211
0.245089771
0.239070835
0.231001492
0.223825067
0.231067634
0.239467688
0.187546093
0.138204042
0.071268177
0.041140423
-0.001785838
-0.045472735
-0.09650141
-0.099676234
-0.1056621
-0.121503147
-0.150771052
-0.206528893
-0.234573168
-0.319698127
-0.382797747
-0.420730276
-0.401780547
-0.368081117
-0.358755072
-0.353265273
-0.328561177
-0.284477427
-0.222832935
-0.160956945
-0.107084156
-0.067233505
-0.017494601
0.022256837
0.056584617
0.061677564
0.117534617
0.171506619
0.205404476
0.249852007
0.284212859
0.31857371
0.327833613
0.309710661
0.30508071
0.308420889
0.267346608
0.263014297
0.27568052
0.302666521
0.347742403
0.375489039
0.396555316
0.424467308
0.443417036
0.481779489
0.490840964
0.511609603
0.546797231
0.612145685
0.695881658
0.773797122
0.779617632
0.799327996
0.765893134
0.756930872
0.702032879
0.642901789
0.608044871
0.518157676
0.390172598
0.33970613
0.297011367
0.257557568
0.188505154
0.117964541
0.056121622
0.024174959
-0.003505534
-0.014452062
-0.043091617
-0.100734509
-0.163040423
-0.191944546
-0.215259658
-0.202990287
-0.192242186
-0.17213497
-0.132747314
-0.103247911
-0.129142566
-0.181990151
-0.205867471
-0.252431551
-0.317449294
-0.378068583
-0.408163265
-0.420465707
-0.433165002
-0.45671161
-0.516867904
-0.54858307
-0.553841371
-0.583307703
-0.631359982
-0.699883259
-0.745620562
-0.764603362
-0.771978213
-0.728489743
-0.700379325
-0.703454936
-0.736393731
-0.770225446
-0.76179232
-0.733185836
-0.709771512
-0.703554149
-0.681892592
-0.640950595
-0.608970861
-0.595279434
-0.601331442
-0.576627345
-0.513097801
-0.42942797
-0.361334616
-0.33907778
-0.308718529
-0.257392213
-0.210695849
-0.182387004
-0.17458223
-0.187876804
-0.213043895
-0.257689853
-0.27997976
-0.332298209
-0.414942837
-0.467129
-0.437993379
-0.372082717
-0.392355289
-0.368081117
-0.380548914
-0.328891887
-0.218533694
-0.131457542
-0.100999077
-0.046497938
0.033864786
0.081652496
0.054401926
0.088365925
0.109200705
0.056452333
-0.010483532
-0.086580087
-0.185661041
-0.2992602
-0.404360091
-0.526822299
-0.547789364
-0.548417714
-0.621174089
-0.713938468
-0.759675771
-0.729779515
-0.707291181
-0.724455071
-0.741552819
-0.801213047
-0.893282933
-0.909090909
-0.878996227
-0.810902874
-0.737385863
-0.67541066
-0.572526531
-0.505623737
-0.479563726
-0.445136732
-0.39665453
-0.355084182
-0.396753743
-0.413454638
-0.429924036
-0.445302088
-0.480820427
-0.52103486
-0.584895115
-0.572592673
-0.553345305
-0.504367036
-0.473809358
-0.441862695
-0.451254882
-0.455884833
-0.430254747
-0.422185403
-0.42149091
-0.367386624
-0.323203662
-0.241352739
-0.165223114
-0.097262045
-0.035782908
0.034228567
0.101792783
0.133342593
0.152953743
0.137774118
0.121007081
0.125504747
0.140452875
0.158443543
0.212647042
0.26648676
0.31427447
0.32346823
0.35286842
0.369437031
0.337523439
0.313613049
0.275250596
0.261790667
0.25269612
0.231596771
0.193465816
0.190952414
0.17153969
0.15315217
0.1421395
0.134367797
0.158807325
0.171936543
0.180270455
0.176368068
0.193234319
0.207223385
0.223196717
0.260302468
0.293571974
0.301740531
0.306403553
0.302368881
0.317978431
0.3344809
0.306105913
0.267809603
0.244858274
0.211258057
0.194127238
0.185131904
0.173027889
0.127555154
0.085058817
0.089490342
0.082843055
0.068556348
0.057312181
0.081619425
0.103181769
0.127290586
0.148456077
0.150737981
0.17031606
0.191580765
0.229480222
0.252861475
0.311694926
0.341657324
0.363219668
0.374496906
0.360077915
0.324460363
0.287156185
0.275647449
0.290628648
0.296581442
0.295159386
0.282757731
0.267611177
0.285370346
0.296052305
0.299789337
0.292050705
0.269694655
0.249620509
0.219062832
0.174648372
0.133111096
0.115517281
0.101429001
0.073748508
0.054732637
0.061909061
0.061842919
0.113202306
0.163404205
0.212613971
0.234507026
0.274423819
0.299326342
0.302468095
0.279781334
0.265296201
0.239963754
0.252530764
0.25974026
0.273167118
0.264370211
0.263675718
0.262121377
0.277631714
0.286627048
0.313116982
0.32528714
0.350818013
0.349627454
0.309776803
0.298499565
0.283518366
0.266023765
0.240096038
0.226272327
0.214565165
0.186752387
0.144123765
0.096600624
0.051028676
0.019511937
-0.032608085
-0.059594086
-0.09005255
-0.081718638
-0.074244574
-0.047589284
-0.041107352
-0.051789311
-0.073550081
-0.095476207
-0.128481145
-0.170249918
-0.20705803
-0.233547965
-0.237516494
-0.234903879
-0.23523459
-0.203320998
-0.171242051
-0.130266983
-0.086613158
-0.053442865
-0.030127754
0.006349647
0.037403391
0.060057081
0.059461801
0.036907325
0.026886788
0.025034807
0.049474335
0.058238171
0.069482338
0.066935865
0.066704368
0.068258708
0.046531009
0.045869588
0.059924796
0.066737439
0.062504341
0.066539012
0.081024145
0.09772504
0.12434726
0.137972544
0.142800922
0.143429273
0.13446701
0.118129897
0.074509142
0.045009739
0.0352207
0.02817656
0.030425393
0.041140423
0.05208695
0.06862249
0.075765844
0.083041481
0.091805317
0.121569289
0.142238714
0.165619967
0.180799593
0.196409142
0.192076831
0.174879869
0.167207379
0.178947612
0.183114568
0.190092566
0.174350732
0.162841996
0.159303391
0.155731714
0.155500217
0.173523955
0.190489419
0.201601302
0.2125809
0.227099104
0.247305534
0.255275664
0.282890016
0.279516765
0.278789202
0.282625447
0.269727726
0.261625311
0.233283396
0.16509083
0.155930141
0.121106294
0.105397531
0.095674633
0.104703038
0.101726641
0.124314188
0.148952143
0.171374335
0.168001085
0.170514487
0.176897205
0.205702116
0.220881741
0.237847205
0.24842995
0.262782799
0.278623846
0.295457026
0.279913618
0.27597816
0.267214324
0.282393949
0.281401817
0.274655317
0.243436217
0.216185648
0.171870401
0.135194574
0.109200705
0.088630494
0.074013076
0.064257108
0.052351519
0.017329246
-0.017659957
-0.074939067
-0.089920266
-0.091474606
-0.09035019
-0.087175366
-0.086480873
-0.06892013
-0.062504341
-0.044017607
-0.037965599
-0.037899457
-0.04044593
-0.053972002
-0.065480738
-0.089787981
-0.105794384
-0.096732908
-0.092863592
-0.112441671
-0.155070293
-0.176004286
-0.212051763
-0.232522761
-0.233184183
-0.242245659
-0.243270862
-0.246412615
-0.247570102
-0.290000298
-0.339805344
-0.369337818
-0.375555181
-0.365964568
-0.335936027
-0.297342077
-0.252266196
-0.202858003
-0.170481416
-0.135525284
-0.118328323
-0.109862127
-0.090780114
-0.06892013
-0.04289319
-0.017130819
0.004001601
0.021793842
0.051028676
0.070540613
0.105430602
0.144289121
0.174350732
0.196144574
0.203618638
0.218368339
0.225908545
0.225941616
0.203254856
0.183412208
0.155070293
0.137972544
0.100337656
0.051888524
0.023513538
-0.001554341
-0.00611815
-0.000462995
0.010582745
0.020900922
0.021628486
0.022190694
0.007606348
-0.025299376
-0.055890125
-0.077717037
-0.110490477
-0.151465545
-0.166545957
-0.157352197
-0.159832528
-0.149679707
-0.157715979
-0.19326739
-0.211489554
-0.207157243
-0.207091101
-0.238045631
-0.286792403
-0.327602115
-0.366129923
-0.393678132
-0.400490775
-0.414876694
-0.414215273
-0.406443569
-0.393413564
-0.384881225
-0.389974171
-0.406708138
-0.443913102
-0.464185674
-0.480721214
-0.503672543
-0.503011122
-0.477116466
-0.441333558
-0.372049646
-0.338118719
-0.296019234
-0.255804801
-0.21439981
-0.175872002
-0.146537954
-0.112838524
-0.092400597
-0.09005255
-0.088498209
-0.069449267
-0.057113755
-0.047556213
-0.041867987
-0.044447531
-0.061710635
-0.100635295
-0.119122029
-0.144917471
-0.178749186
-0.202428079
-0.229281795
-0.239434617
-0.250612642
-0.243303933
-0.225776261
-0.204809196
-0.178319262
-0.168397938
-0.158708111
-0.154210445
-0.15589707
-0.152623033
-0.130200841
-0.115021215
-0.089424199
-0.073285513
-0.056915328
-0.041404992
-0.03340179
-0.028308844
-0.021165491
0.005258302
0.04256248
0.078047748
0.107315654
0.120147232
0.122098426
0.111284183
0.077849322
0.051557813
0.033732501
0.018089881
0.02357968
0.011508736
-0.021529273
-0.04715936
-0.06984612
-0.100370727
-0.124711041
-0.15222618
-0.149679707
-0.174879869
-0.17673185
-0.150903337
-0.114128296
-0.052748372
0.003472463
0.014683559
0.017296175
0.017097748
0.037039609
0.014452062
-0.01379064
-0.038130955
-0.054666495
-0.049805046
-0.0649516
-0.085720239
-0.079668231
-0.087043082
-0.086613158
-0.080065084
-0.053211367
-0.037006538
-0.018420591
-0.006779571
-0.008003201
-0.038031742
-0.075732772
-0.086150163
-0.097228974
-0.108473141
-0.097030548
-0.090879327
-0.082148562
-0.10354555
-0.126662235
-0.164958545
-0.191779191
-0.20123752
-0.173027889
-0.140089093
-0.110854259
-0.09739433
-0.069052414
-0.029036408
0.015741834
0.044083749
0.073120157
0.084298182
0.092367526
0.086910797
0.058866522
0.024439528
-0.001488199
-0.010020537
-0.021826913
-0.047589284
-0.077948535
-0.085422599
-0.100503011
-0.117733044
-0.127257515
-0.136153635
-0.124016549
-0.109465274
-0.088928133
-0.067630358
-0.063562615
-0.068820917
-0.061677564
-0.04749007
-0.030359251
-0.01868516
-0.021363917
-0.023745035
-0.009888253
-0.008598481
-0.002281904
0.006680358
0.01438592
0.02817656
0.054765708
0.083140694
0.112871595
0.127224443
0.134367797
0.146901736
0.152126966
0.144487547
0.143429273
0.145479679
0.165190043
0.163205778
0.166116033
0.1638672
0.167339663
0.157087628
0.146471812
0.130696907
0.115517281
0.097824254
0.083901329
0.06677051
0.063661828
0.075005209
0.087274579
0.101958139
0.101462072
0.089358057
0.072028812
0.037039609
0.011574878
-0.005092946
-0.008863049
-0.005886652
0.005456728
0.012732366
0.021463131
0.028837981
0.044050678
0.08026351
0.098717173
0.118129897
0.131490613
0.132780385
0.148356863
0.16049395
0.171341264
0.163900271
0.144851329
0.129605561
