-0.127161455
-0.146935888
-0.175294491
-0.202369746
-0.229369253
-0.249126085
-0.2658234
-0.279553336
-0.299184098
-0.331615324
-0.371180195
-0.409949193
-0.468564474
-0.529484123
-0.598738284
-0.645990958
-0.674945476
-0.685764941
-0.677404501
-0.658348362
-0.618757739
-0.574735185
-0.532010243
-0.486354364
-0.431461108
-0.370896693
-0.305281485
-0.241331112
-0.185959624
-0.128154745
-0.07017504
-0.005889338
0.058125531
0.122390325
0.18315774
0.238132739
0.285231258
0.332909421
0.361023061
0.373012591
0.368039319
0.359276601
0.341091728
0.311925765
0.270094503
0.231626873
0.199187172
0.173075941
0.157549873
0.133611772
0.11294927
0.078145223
0.034260492
-0.001284352
-0.022922101
-0.023848236
-0.010650309
0.010952799
0.039705293
0.07677015
0.114106135
0.152733944
0.1925783
0.230224247
0.265255038
0.291425095
0.308315309
0.314899404
0.310509909
0.305102406
0.306688599
0.312050594
0.321195154
0.340500568
0.362376871
0.372743117
0.377781742
0.382113858
0.378084469
0.382769485
0.390752307
0.404734058
0.426160952
0.441979471
0.455904137
0.465431454
0.4745712
0.48273942
0.487720636
0.499560974
0.52482666
0.553414339
0.581316622
0.595948478
0.595983119
0.582231477
0.553499478
0.522056079
0.475331575
0.425034918
0.373203571
0.312088247
0.237940696
0.168192149
0.099836541
0.026576794
-0.051657614
-0.136706756
-0.220822971
-0.299131178
-0.368841659
-0.421320246
-0.460645293
-0.489140361
-0.519644128
-0.544076673
-0.557769577
-0.557537401
-0.556412548
-0.55514057
-0.547460711
-0.545374433
-0.55798681
-0.583303143
-0.611517869
-0.638418978
-0.664074243
-0.68609277
-0.7067434
-0.720216265
-0.731608817
-0.742536102
-0.762535298
-0.787754384
-0.805738413
-0.824230502
-0.840370824
-0.861634557
-0.884037997
-0.901824904
-0.909090909
-0.893971814
-0.866904118
-0.844688853
-0.838746949
-0.839480363
-0.839948968
-0.837441571
-0.83439614
-0.835999698
-0.839538746
-0.834189775
-0.819686823
-0.801835597
-0.785014929
-0.765220947
-0.732972166
-0.689265274
-0.642245042
-0.59992155
-0.561219588
-0.519502672
-0.475940779
-0.433861985
-0.396903235
-0.368511586
-0.347014968
-0.335682601
-0.328583508
-0.330233931
-0.345056059
-0.356996449
-0.35672659
-0.343369223
-0.338170271
-0.333213743
-0.340151536
-0.341602799
-0.3243303
-0.300737393
-0.287155084
-0.276974385
-0.262793592
-0.256658316
-0.275853637
-0.297269752
-0.318968217
-0.355776387
-0.398482547
-0.452622544
-0.515437108
-0.579308661
-0.643807285
-0.702281081
-0.736131263
-0.753324293
-0.78304341
-0.820096041
-0.854073355
-0.867357721
-0.863691983
-0.854988948
-0.84859353
-0.847706081
-0.858666972
-0.860779297
-0.851778762
-0.826032599
-0.786565064
-0.736037766
-0.670384256
-0.609019716
-0.556213034
-0.514091714
-0.474086766
-0.434853503
-0.405433688
-0.378826565
-0.355591786
-0.336448765
-0.325274657
-0.321408873
-0.331469557
-0.334113861
-0.328072702
-0.312655723
-0.293878361
-0.271154682
-0.255645387
-0.249150123
-0.24664128
-0.249707707
-0.257954924
-0.255191223
-0.243423888
-0.217814987
-0.187068648
-0.153842466
-0.119642425
-0.07957797
-0.035955981
0.000997011
0.031297691
0.047641514
0.04968955
0.048120839
0.043989508
0.041286909
0.052142284
0.078261931
0.11639813
0.150598495
0.186387062
0.21849672
0.234716689
0.243133003
0.239376485
0.231008366
0.222134433
0.211420632
0.193753918
0.175940934
0.158743297
0.147058295
0.141661601
0.145955621
0.163985276
0.185218946
0.204550673
0.220352712
0.239792495
0.266684389
0.30314081
0.351070226
0.397718007
0.435272496
0.459586974
0.470273636
0.477877954
0.482602955
0.473400928
0.457971338
0.439390626
0.406281506
0.357108166
0.299625387
0.240934712
0.176157016
0.11307156
0.067611711
0.028828183
-0.00749068
-0.043479766
-0.067404252
-0.08092106
-0.089537361
-0.098196365
-0.106836409
-0.111309153
-0.114072263
-0.112396412
-0.109791798
-0.097643772
-0.085362028
-0.073044197
-0.057189119
-0.043589593
-0.040181428
-0.040691555
-0.041294557
-0.032533611
-0.016582733
-0.000916124
0.010512663
0.019832905
0.036721436
0.057390671
0.083252095
0.110957906
0.139282814
0.16721705
0.191737954
0.205926809
0.214247972
0.222393276
0.232500531
0.238217937
0.237558884
0.235631839
0.23735048
0.258582349
0.288981014
0.324238399
0.353123518
0.378198402
0.399256477
0.410994016
0.408411993
0.397150265
0.379045216
0.367667872
0.361631379
0.358987488
0.350499501
0.337678779
0.323589032
0.312305421
0.297968791
0.286026983
0.272096971
0.265595299
0.257287247
0.240411119
0.222326949
0.205745161
0.191511093
0.179102039
0.169629592
0.16105936
0.149673069
0.133771803
0.114246734
0.092212467
0.06936387
0.038026194
0.004202945
-0.033020378
-0.065149733
-0.094987626
-0.120198679
-0.142783176
-0.161618597
-0.178021749
-0.192408229
-0.207124515
-0.228453926
-0.249238422
-0.268021809
-0.284229788
-0.297326098
-0.308381962
-0.305490863
-0.293036892
-0.274710416
-0.246978617
-0.212372253
-0.178160695
-0.142168272
-0.105253199
-0.068314648
-0.033643048
-0.005734475
0.018535529
0.041264967
0.06643565
0.091385823
0.114954721
0.133750777
0.150087011
0.16322685
0.168925119
0.170825881
0.174236527
0.179422042
0.177752777
0.17055242
0.159789508
0.148314622
0.139069744
0.133439811
0.128841381
0.124377083
0.118897907
0.115258777
0.107191288
0.095982717
0.080666617
0.065537363
0.053989151
0.050639163
0.051804149
0.058807796
0.066920911
0.077427668
0.091355465
0.109992759
0.128074272
0.145663909
0.16483277
0.18858432
0.2116609
0.229336621
0.242408154
0.254454178
0.262962896
0.269072922
0.267552614
0.264865695
0.263442634
0.264022927
0.269826446
0.280765366
0.294708135
0.309134423
0.320486458
0.337701046
0.359150886
0.381088939
0.40758151
0.430742372
0.451184688
0.471548922
0.485991629
0.496193267
0.494012665
0.47412997
0.460562693
0.442786713
0.430125194
0.422382109
0.418089477
0.413846192
0.41632834
0.419507104
0.421583519
0.413936352
0.403335744
0.399131412
0.401195837
0.402244912
0.402198252
0.400548508
0.39946494
0.399171013
0.402302439
0.399592338
0.396130781
0.388813686
0.382623364
0.374753381
0.362852327
0.344082259
0.321571118
0.29518117
0.269373729
0.248355668
0.232716583
0.224794478
0.221333156
0.219148834
0.210237041
0.196592982
0.179511552
0.164954558
0.155405713
0.149562148
0.145359794
0.141336401
0.146480985
0.158977688
0.180132037
0.206204345
0.235921631
0.26508789
0.291090563
0.316121592
0.338461687
0.353953529
0.366984869
0.38040443
0.385594079
0.375954602
0.351646355
0.313919787
0.265913353
0.213232711
0.160498233
0.116946292
0.081171546
0.051453167
0.014442471
-0.027079065
-0.067620098
-0.100661266
-0.126810681
-0.141729435
-0.150073426
-0.144534391
-0.126247014
-0.101422852
-0.078179243
-0.060558893
-0.046421245
-0.033717261
-0.023648574
-0.013313779
0.001374187
0.017512914
0.036991708
0.065285076
0.09563339
0.127300785
0.154625137
0.174210687
0.186146352
0.193615888
0.203531011
0.214274491
0.222042384
0.224358564
0.225939826
0.235261013
0.247950911
0.259673919
0.271893234
0.288921626
0.309247971
0.32849763
0.347978609
0.365057677
0.37853193
0.390852862
0.407035267
0.423353664
0.436048109
0.446977372
0.457516318
0.46584705
0.467491302
0.45901997
0.439892867
0.415017084
0.384579645
0.350307134
0.30136659
0.243438063
0.189080419
0.133356473
0.073267396
0.002197051
-0.06632414
-0.13284738
-0.195120308
-0.241229495
-0.276563484
-0.303495866
-0.326488813
-0.351970699
-0.380406497
-0.416402936
-0.458477419
-0.508769114
-0.546728567
-0.57599163
-0.59506097
-0.606542323
-0.5976955
-0.577293465
-0.544534617
-0.509515374
-0.468978653
-0.436986323
-0.417936622
-0.404775875
-0.394282732
-0.381169088
-0.36354927
-0.343056928
-0.317856771
-0.293131068
-0.27327374
-0.258970746
-0.241492147
-0.224567913
-0.205630195
-0.191011569
-0.176741532
-0.167209608
-0.171343508
-0.189227338
-0.213480598
-0.240992534
-0.271430358
-0.298981837
-0.317727306
-0.328547922
-0.335756873
-0.335972629
-0.333835882
-0.33119329
-0.332120961
-0.328911779
-0.310982176
-0.282805959
-0.244442043
-0.199434055
-0.15206987
-0.1062464
-0.059605972
-0.01685395
0.021954562
0.065392777
0.109032308
0.150074667
0.188011587
0.221267006
0.249938554
0.270371538
0.276116112
0.273618343
0.26583787
0.257516736
0.251350068
0.247857857
0.243345364
0.235045787
0.217733451
0.190405436
0.155844491
0.115798435
0.081523118
0.046678642
0.016351974
0.000477553
-0.007691849
-0.011415971
-0.013987746
-0.019429476
-0.025832336
-0.034486585
-0.037801253
-0.039360307
-0.038351365
-0.037136677
-0.038740058
-0.037441708
-0.033609353
-0.024282821
-0.011848488
0.00975208
0.040256734
0.076502566
0.114417721
0.151636585
0.188440148
0.222814749
0.256462877
0.288047347
0.315145873
0.33645851
0.353656265
0.366333612
0.375607283
0.382134353
0.391112414
0.394172285
0.399868635
0.40188011
0.400796011
0.399025069
0.399758217
0.39853151
0.390314917
0.377256555
0.366609052
0.354381882
0.347517859
0.344093836
0.344101041
0.344532082
0.34395551
0.343122163
0.336513764
0.307287202
0.283647723
0.264127793
0.248594548
0.235104821
0.216504913
0.201607274
0.187710544
0.170846347
0.153185155
0.132553365
0.118995184
0.113121734
0.115392407
0.123558205
0.134101197
0.139369813
0.143602437
0.149918061
0.163516967
0.178205642
0.188279201
0.19426493
0.197636003
0.196871788
0.196337181
0.194781405
0.191380977
0.178974316
0.158860655
0.136390918
0.114292538
0.101014019
0.09926245
0.109520227
0.122959426
0.135346804
0.145599294
0.15650635
0.174481254
0.193580302
0.213159325
0.234025978
0.257606039
0.27483994
0.281858443
0.28334476
0.282525676
0.279425199
0.271640976
0.252750509
0.227355297
0.205338099
0.180991195
0.1554361
0.125725046
0.096658249
0.067179607
0.030774128
-0.00478811
-0.032570496
-0.048766072
-0.057635398
-0.058724163
-0.054368098
-0.04948345
-0.050531107
-0.060405861
-0.070355152
-0.081976485
-0.09295093
-0.099905438
-0.108747034
-0.113629084
-0.113542084
-0.114559236
-0.12551995
-0.149012893
-0.175396847
