-0.156500422
-0.207564413
-0.265136826
-0.285285815
-0.309800869
-0.301339921
-0.305434803
-0.307143264
-0.346844636
-0.423644011
-0.486179095
-0.518856796
-0.645581188
-0.709987444
-0.804196847
-0.766773423
-0.726150025
-0.66947252
-0.591344342
-0.534558363
-0.422776221
-0.366071598
-0.331604082
-0.278912985
-0.194574688
-0.118127853
-0.039321714
0.013288027
0.032623463
0.094643298
0.148527605
0.230723547
0.288512907
0.348444623
0.391400206
0.420606748
0.434925275
0.480836766
0.434789683
0.386573126
0.319699094
0.297733171
0.246425114
0.179307016
0.094372114
0.071402809
0.063755414
0.063023216
0.087646745
0.034765819
0.027823502
-0.0560809
-0.129734538
-0.131741301
-0.100527996
-0.025301489
0.03869799
0.089409442
0.14207342
0.206642387
0.241923456
0.282140078
0.323197371
0.34969207
0.372254599
0.363739414
0.345163294
0.313353383
0.269014761
0.260309747
0.287455288
0.306248356
0.3285397
0.3835901
0.413122063
0.380363007
0.365420756
0.366803795
0.332390516
0.368702085
0.388145995
0.423020287
0.470043634
0.463969107
0.469799568
0.462396238
0.469365673
0.473297844
0.466165699
0.502233202
0.574747866
0.613201791
0.636306688
0.6009985
0.547412496
0.484145214
0.402735707
0.363902124
0.264865642
0.20555765
0.152324184
0.06210119
-0.053857189
-0.101748325
-0.159402093
-0.244689535
-0.334804056
-0.43793542
-0.511751769
-0.562327629
-0.594761263
-0.579656301
-0.567453011
-0.553839562
-0.589229105
-0.589364697
-0.562490339
-0.511128045
-0.506816216
-0.505107755
-0.474518173
-0.49314853
-0.558720878
-0.628632174
-0.665187809
-0.685065613
-0.704048509
-0.710909471
-0.72484834
-0.710855234
-0.71367555
-0.722000906
-0.773688621
-0.81602048
-0.805959545
-0.824806849
-0.83098985
-0.8693353
-0.894094421
-0.893470697
-0.861498076
-0.765390383
-0.69664518
-0.69406893
-0.748387132
-0.773580147
-0.773037779
-0.759803988
-0.755031146
-0.773580147
-0.783939385
-0.746380368
-0.699438377
-0.670747085
-0.659086163
-0.629988095
-0.554625996
-0.472402936
-0.417054234
-0.395440851
-0.373203743
-0.323821094
-0.277041814
-0.243848864
-0.228716783
-0.23411335
-0.239699745
-0.266628339
-0.275658774
-0.309312738
-0.371305454
-0.371685112
-0.326587174
-0.266248681
-0.291441697
-0.28778071
-0.337841319
-0.319021133
-0.234384534
-0.189503543
-0.21380165
-0.216947388
-0.189232359
-0.213150808
-0.323821094
-0.351644597
-0.372607138
-0.461908107
-0.522788967
-0.614503475
-0.704048509
-0.766583594
-0.828115297
-0.859681142
-0.800318913
-0.754922672
-0.82822377
-0.889185986
-0.909090909
-0.845281259
-0.779654674
-0.753159974
-0.755763343
-0.775180134
-0.828766139
-0.798203676
-0.749119329
-0.66396748
-0.577324117
-0.490301096
-0.374451191
-0.333854911
-0.316797423
-0.31736691
-0.288404433
-0.255211483
-0.264241918
-0.250140338
-0.241191258
-0.238642126
-0.257652141
-0.280946867
-0.341339596
-0.316526238
-0.279075696
-0.230479481
-0.200893281
-0.165530857
-0.177788384
-0.204933926
-0.217272809
-0.240567534
-0.267170708
-0.224188007
-0.180310397
-0.10595168
-0.058846979
-0.019226962
0.015755804
0.074087533
0.127212524
0.136649736
0.140039539
0.103782207
0.05315211
0.038426806
0.025220134
0.027986213
0.087755218
0.167808804
0.246967482
0.263916497
0.302614487
0.318587239
0.275116406
0.254180983
0.206018663
0.181395134
0.171388436
0.154791961
0.113029589
0.096134811
0.082602718
0.092121284
0.11026351
0.149802171
0.216811795
0.248079338
0.258845352
0.260391102
0.291604407
0.34367178
0.412281392
0.498436623
0.536565126
0.537649863
0.511344992
0.471101252
0.466762304
0.460525067
0.400918772
0.363875006
0.335237951
0.251469141
0.147307276
0.063999479
0.00566775
-0.076175651
-0.127890485
-0.104894062
-0.115985497
-0.140283604
-0.172120634
-0.149775053
-0.123958314
-0.11387026
-0.121978669
-0.129843011
-0.118643103
-0.11490076
-0.097056838
-0.091253495
-0.045043701
-0.033274306
-0.021830331
0.005721987
0.009925343
-0.024379463
-0.039240359
-0.040135267
0.002305066
0.043362359
0.056704623
0.051633478
0.052447031
0.095755153
0.128622682
0.171442673
0.20365936
0.231943876
0.256160628
0.266140208
0.241218377
0.227306625
0.234140468
0.250628469
0.239753982
0.215727058
0.209299992
0.224269362
0.315441501
0.377027441
0.427250761
0.43036938
0.439399815
0.443982829
0.420525392
0.365556348
0.323332963
0.281570591
0.295834881
0.309909343
0.31994316
0.290682381
0.262994471
0.245394614
0.245340377
0.220960914
0.21879144
0.198696689
0.220011769
0.205747479
0.158778369
0.137734473
0.128026077
0.123578656
0.118887168
0.120975287
0.116419392
0.095619561
0.064433374
0.03319295
0.003742342
-0.020230344
-0.080189178
-0.120378682
-0.167049488
-0.177842621
-0.196825517
-0.202981399
-0.214072835
-0.21759823
-0.223726993
-0.229530336
-0.24425564
-0.288133249
-0.305217856
-0.31511608
-0.320539765
-0.32113637
-0.323793976
-0.269909669
-0.223347335
-0.184947648
-0.124934577
-0.067904532
-0.037938674
0.001654224
0.038942056
0.072948559
0.096460232
0.097246666
0.106168628
0.121382063
0.153463158
0.175564673
0.19213403
0.191862846
0.197828899
0.19815432
0.176052805
0.163849514
0.17252741
0.183808674
0.157097027
0.130168433
0.107199128
0.094046693
0.09374839
0.101856798
0.101422904
0.097816153
0.089056903
0.092473824
0.06879944
0.046969109
0.017816804
0.004610132
0.007159264
0.034196332
0.051850426
0.079728165
0.091253495
0.109694023
0.135049749
0.169463028
0.184025621
0.198371267
0.221774467
0.26041822
0.279129933
0.275523182
0.270614748
0.277909603
0.272729985
0.269530011
0.240106521
0.233354034
0.2366896
0.244581061
0.269096116
0.298004355
0.321841449
0.336865056
0.335997266
0.373339336
0.408593286
0.430532091
0.471589384
0.480619819
0.489406188
0.507819597
0.499331531
0.493121412
0.445637052
0.362356374
0.37309527
0.341312477
0.348471741
0.359427584
0.368159717
0.364444493
0.391427324
0.396905246
0.39476289
0.352024255
0.331441371
0.35107511
0.375996941
0.373230862
0.369163098
0.361759769
0.362844506
0.365474993
0.380932494
0.356986926
0.351047991
0.330166805
0.328621055
0.315224554
0.28948917
0.247021719
0.21260844
0.174127397
0.15256825
0.15085979
0.156256356
0.177327371
0.190534043
0.193218767
0.160324119
0.130412498
0.102100864
0.098005982
0.107633023
0.115877023
0.118046497
0.115009234
0.153408921
0.191889964
0.243116666
0.285123104
0.325800739
0.35055986
0.362817387
0.382234178
0.3928646
0.381935876
0.384864666
0.398613706
0.373149507
0.309827988
0.233625218
0.149693697
0.067850295
0.002305066
-0.046318267
-0.052582623
-0.056867334
-0.061911361
-0.122683748
-0.177381608
-0.211008453
-0.21380165
-0.212499966
-0.184947648
-0.168459646
-0.112378747
-0.048758925
-0.001952526
0.01358633
0.00911179
0.009301619
0.015701567
0.015267672
0.025735384
0.05521311
0.075362099
0.105517786
0.163876633
0.199293294
0.233218442
0.24235735
0.231916757
0.214777914
0.205232229
0.223320217
0.236228587
0.232432007
0.214533848
0.2132864
0.25027593
0.274302853
0.281516354
0.294560315
0.327861739
0.35864115
0.372363072
0.391101903
0.397962864
0.397095074
0.404172983
0.433216815
0.448701434
0.44704721
0.450599724
0.458843725
0.458382711
0.435332052
0.390396824
0.3336922
0.289733236
0.241353969
0.195795017
0.096975482
0.010766014
-0.026033687
-0.08222306
-0.15343604
-0.259035181
-0.312594067
-0.366342782
-0.407915325
-0.390884956
-0.38375281
-0.377624046
-0.38426806
-0.416810168
-0.453772579
-0.514599203
-0.575561419
-0.6519269
-0.641486307
-0.636415161
-0.61648312
-0.599154448
-0.516361901
-0.455182737
-0.379712165
-0.339251477
-0.28176042
-0.283767183
-0.313814396
-0.323360081
-0.323522792
-0.301855171
-0.269123234
-0.239753982
-0.199320412
-0.178357871
-0.178005331
-0.185273069
-0.15755804
-0.144053065
-0.119266826
-0.121707484
-0.109883852
-0.118534629
-0.17252741
-0.239455679
-0.285123104
-0.322356699
-0.36105469
-0.375752875
-0.360620795
-0.34144807
-0.318126225
-0.309312738
-0.298709434
-0.294424723
-0.308390711
-0.290248486
-0.219713467
-0.156202119
-0.083551863
-0.017816804
0.034331924
0.070751967
0.116582102
0.14155817
0.162710541
0.219604993
0.26041822
0.288567144
0.311997462
0.325339726
0.334831174
0.323332963
0.274655393
0.242086166
0.21553723
0.205910189
0.208161018
0.214777914
0.206886452
0.185354424
0.136351433
0.074467191
0.01616258
-0.04075899
-0.051036873
-0.085124731
-0.096378877
-0.057870716
-0.037070885
-0.024162515
-0.022291344
-0.037830201
-0.047240294
-0.063457111
-0.046887754
-0.041870846
-0.031511608
-0.029640437
-0.041464069
-0.029613318
-0.016786304
0.011959225
0.034792937
0.088297587
0.149015737
0.203388176
0.244336995
0.275957077
0.308228001
0.330871884
0.359102163
0.380525718
0.388932429
0.387251087
0.387929047
0.382966376
0.378979968
0.374885086
0.392132403
0.373203743
0.388118876
0.376430836
0.364064835
0.359915716
0.369786822
0.361461466
0.328241397
0.298465368
0.297543342
0.280512972
0.293909473
0.303400921
0.316010988
0.317963515
0.313733041
0.31202458
0.284743446
0.213964361
0.173639265
0.170846068
0.171225726
0.166344409
0.130493854
0.130412498
0.121327826
0.0949416
0.075795994
0.045938609
0.059470703
0.082304415
0.114304155
0.14345646
0.16186987
0.147334395
0.14741575
0.160866488
0.200106847
0.21759823
0.209896597
0.200378031
0.193869609
0.177978213
0.178330753
0.173151134
0.163252909
0.118778695
0.071999414
0.042711517
0.023782857
0.043986083
0.084717955
0.138249723
0.162276646
0.169788449
0.171361318
0.183781556
0.226249007
0.247916627
0.267658839
0.29155017
0.323170252
0.315685567
0.284607854
0.265652076
0.256431812
0.245204785
0.220852441
0.162710541
0.115497365
0.107687259
0.076772257
0.048867399
0.006318593
-0.018006633
-0.046589451
-0.105463549
-0.13502263
-0.131958248
-0.104270338
-0.085504389
-0.057924952
-0.033925148
-0.027498081
-0.050250439
-0.091741627
-0.101151719
-0.117965142
-0.125666774
-0.117287181
-0.132337906
-0.122276971
-0.103944917
-0.108934707
-0.155524158
-0.223130388
-0.257977562
