-0.183093035
-0.182183467
-0.18844958
-0.193741927
-0.193466858
-0.192355596
-0.193777689
-0.188563587
-0.181507163
-0.17247088
-0.16911636
-0.159869472
-0.158793556
-0.159322507
-0.169194077
-0.175293805
-0.175649536
-0.166379989
-0.147892141
-0.124257674
-0.088658678
-0.04553484
0.007090638
0.061381028
0.114352381
0.165596286
0.213139571
0.252979279
0.287101766
0.314580996
0.336179225
0.360640369
0.394453649
0.433648964
0.474581998
0.512222557
0.539049614
0.554650378
0.55636087
0.556906022
0.557470546
0.555588382
0.548712693
0.534420845
0.50602404
0.478284092
0.455057394
0.436793255
0.424092793
0.407112345
0.394509841
0.379427946
0.359356604
0.333541491
0.311567669
0.290839168
0.270208135
0.2499496
0.227897003
0.212271504
0.201349621
0.197815914
0.204127683
0.214290258
0.228991121
0.241862047
0.252846088
0.25756243
0.254439929
0.250370964
0.25751583
0.264341974
0.267952454
0.274488802
0.282587873
0.29169549
0.30380016
0.31906532
0.325711144
0.346314421
0.371746953
0.398565627
0.429733281
0.460467864
0.492049329
0.52662694
0.5639791
0.598890916
0.629101269
0.660051859
0.698301391
0.741302497
0.776979815
0.795166954
0.799354382
0.794207576
0.776956024
0.756629288
0.728306273
0.694824857
0.656929773
0.614068693
0.559916291
0.509139896
0.464138237
0.422306246
0.379377154
0.334188227
0.290809184
0.248371998
0.206484419
0.177981764
0.152490888
0.132030205
0.103290396
0.064060301
0.016611689
-0.02251788
-0.059720157
-0.09201214
-0.121214211
-0.156365598
-0.202469607
-0.262531976
-0.330830573
-0.391874147
-0.445195264
-0.479498901
-0.497961713
-0.504099242
-0.502219419
-0.490126721
-0.480067353
-0.472895977
-0.460852409
-0.452206939
-0.447594144
-0.457332561
-0.481248251
-0.510622221
-0.534385725
-0.537347091
-0.530743638
-0.527379224
-0.536741782
-0.550749762
-0.566487758
-0.581328874
-0.596358769
-0.615935374
-0.640637184
-0.664703664
-0.686419034
-0.709621979
-0.734150947
-0.756712103
-0.765811111
-0.759110341
-0.743462977
-0.724087236
-0.70407016
-0.679386023
-0.648808195
-0.612707248
-0.574461191
-0.545457944
-0.528357899
-0.526467616
-0.533686272
-0.546953449
-0.573329612
-0.602761133
-0.629788147
-0.64863792
-0.668944188
-0.68921477
-0.718157482
-0.744400717
-0.746098218
-0.730893214
-0.71178076
-0.69177792
-0.663155139
-0.630302484
-0.613612247
-0.602178444
-0.595992049
-0.602001862
-0.618372848
-0.649414788
-0.690992631
-0.741965924
-0.793914947
-0.84111602
-0.871331735
-0.884862613
-0.897734068
-0.906346985
-0.909090909
-0.899065831
-0.880555097
-0.866192141
-0.854528057
-0.847122699
-0.844008014
-0.831599614
-0.807911939
-0.771054403
-0.731621481
-0.691872971
-0.649606135
-0.613443785
-0.586198158
-0.565980181
-0.549329973
-0.534484174
-0.526512252
-0.519673987
-0.515661063
-0.512896331
-0.510692083
-0.511141618
-0.514763994
-0.511582015
-0.501491304
-0.483592714
-0.461162257
-0.435823832
-0.41111968
-0.388048265
-0.365852582
-0.344123315
-0.324141774
-0.296162897
-0.262367705
-0.223081116
-0.181629478
-0.140326363
-0.102865558
-0.064921306
-0.028463344
0.005491435
0.035955784
0.058235151
0.069049786
0.072641195
0.075582281
0.078856592
0.088190374
0.105981904
0.129519999
0.151960652
0.175698515
0.196969713
0.21156227
0.220373861
0.220942955
0.218671715
0.216764061
0.214150383
0.206644158
0.199098434
0.191815655
0.181185948
0.166277499
0.149403733
0.136063333
0.125662924
0.116398513
0.105943234
0.095622884
0.08992696
0.090309654
0.097451009
0.104093056
0.106861451
0.104469028
0.097389077
0.090078618
0.081775624
0.069446074
0.056070441
0.042507464
0.027284107
0.009516444
-0.008995158
-0.027716724
-0.049574463
-0.071856623
-0.087408974
-0.102373463
-0.11642204
-0.1318753
-0.14290107
-0.150596337
-0.155695185
-0.158603606
-0.162221827
-0.166589198
-0.170241709
-0.168526346
-0.160960871
-0.145195761
-0.125763601
-0.102461301
-0.072143021
-0.03821343
-0.008909662
0.019873085
0.048193683
0.080004032
0.112038242
0.141094508
0.164966393
0.184849372
0.20221342
0.216633362
0.227376284
0.23271542
0.235294922
0.241263271
0.252563429
0.261150403
0.268405161
0.275107743
0.279941114
0.277274756
0.267891126
0.255618485
0.24260557
0.235004824
0.230434777
0.228916161
0.226930865
0.227306346
0.231224446
0.233309097
0.229735286
0.218485202
0.202083514
0.18819936
0.180233933
0.177494427
0.174766591
0.171700659
0.170244881
0.170643662
0.171997403
0.177294773
0.191177417
0.212917711
0.239169217
0.261039001
0.279433574
0.295931671
0.312876282
0.32690779
0.337981934
0.347815553
0.351377431
0.345941659
0.334191399
0.318537577
0.301377187
0.278336435
0.25446591
0.232627846
0.21903194
0.211833373
0.213015405
0.215169465
0.22048024
0.222946414
0.221346947
0.217529675
0.20847149
0.194367099
0.177396432
0.154605636
0.122997208
0.086804421
0.054292882
0.028442234
0.009498846
-0.001162017
-0.001911468
0.005154926
0.021041936
0.038343562
0.055417399
0.074680568
0.09240975
0.112453978
0.133655389
0.157829344
0.180907065
0.201974907
0.220936384
0.240214204
0.259964143
0.278264043
0.298674198
0.323272499
0.344144463
0.355781735
0.357946746
0.352088326
0.344040651
0.338463493
0.331229958
0.320518757
0.305779262
0.288391158
0.268196858
0.243159445
0.213953031
0.181290552
0.148544427
0.119243378
0.098672578
0.082744595
0.070228796
0.059189015
0.049919129
0.043009226
0.042919236
0.046336594
0.052370991
0.059781523
0.069153975
0.077014457
0.082502267
0.086869865
0.090862397
0.093505077
0.094335267
0.091253285
0.087005284
0.084082702
0.08137454
0.080786526
0.08543682
0.095229428
0.107512038
0.122118946
0.144506617
0.171427101
0.197072127
0.225344766
0.247320892
0.263806641
0.274752126
0.278176319
0.276338753
0.264136352
0.236331073
0.203611307
0.165993179
0.126631554
0.089372028
0.056633946
0.030926875
0.015489475
0.008622811
0.007615738
0.004808636
0.003907338
0.007717888
0.014270776
0.021491887
0.027117722
0.031376712
0.034141934
0.038589704
0.047313947
0.055244972
0.061997628
0.069695766
0.078467516
0.087531668
0.09537965
0.101114244
0.107371067
0.108532215
0.10387214
0.096043002
0.088903573
0.082021351
0.075360044
0.066171575
0.054334497
0.038286464
0.017019269
-0.002524632
-0.019202029
-0.031743357
-0.038173816
-0.039511621
-0.032772408
-0.020802668
-0.006279859
0.010504409
0.025653825
0.039336776
0.047209192
0.051211127
0.053279766
0.054851591
0.055316005
0.056405062
0.052080062
0.037442113
0.01762016
-0.004339955
-0.023652706
-0.036859764
-0.042674794
-0.041073174
-0.034278449
-0.025655449
-0.022012228
-0.023251622
-0.029484692
-0.037431803
-0.046976721
-0.057067281
-0.069187962
-0.07544048
-0.074604286
-0.068610673
-0.060424633
-0.053656796
-0.051097421
-0.043989638
-0.02968582
-0.009549638
0.01320566
0.034914346
0.057681464
0.084913043
0.114605962
0.149674194
0.187101654
0.222451337
0.251199341
0.273812573
0.294508823
0.311337727
0.32270873
0.327266391
0.324809959
0.320722528
0.316712398
0.312220333
0.308309483
0.313851257
0.325044319
0.340282592
0.362314344
0.387099687
0.405205975
0.414298373
0.420099544
0.422489776
0.41973441
0.416714436
0.411768303
0.400749633
0.385620685
0.363344075
0.336278316
0.307601722
0.278218009
0.248767078
0.214202081
0.178936988
0.148889622
0.117684242
0.084268497
0.046486326
0.006124916
-0.038376869
-0.086417573
-0.125439252
-0.157948072
-0.183373579
-0.207679139
-0.232924062
-0.262772302
-0.299324294
-0.340816302
-0.387906841
-0.428517262
-0.462516112
-0.494080659
-0.52036702
-0.535535204
-0.543130626
-0.542575693
-0.538060856
-0.528157602
-0.519645891
-0.517134023
-0.514950809
-0.511414232
-0.498653236
-0.477840485
-0.450533456
-0.417351277
-0.381719653
-0.346635976
-0.313214189
-0.280578107
-0.248260973
-0.211909051
-0.171649527
-0.128331925
-0.083625236
-0.045662065
-0.018493853
0.004116811
0.02415394
0.041233441
0.059458872
0.080549637
0.104264955
0.147938929
0.159014736
0.15911428
0.15034219
0.13315106
0.11547078
0.103358219
0.099060785
0.101695158
0.110516982
0.122529018
0.137221573
0.150100995
0.157640225
0.153943795
0.144279848
0.131971785
0.123190254
0.11519828
0.105473987
0.093842681
0.079552873
0.060183174
0.041077252
0.019893854
-0.001977214
-0.02167942
-0.040152616
-0.059205971
-0.080030088
-0.100125863
-0.118483391
-0.137466884
-0.159904214
-0.179628964
-0.199275733
-0.217304266
-0.228985494
-0.237023842
-0.242857867
-0.246150492
-0.245468977
-0.24147973
-0.236959078
-0.230653804
-0.225420783
-0.221657286
-0.217030217
-0.213524946
-0.207767618
-0.198214771
-0.186214593
-0.173593396
-0.163209415
-0.152477822
-0.138205384
-0.12539775
-0.113006683
-0.10191562
-0.093110752
-0.084805568
-0.080004258
-0.080830747
-0.084754701
-0.091292559
-0.100170802
-0.108987868
-0.113949408
-0.117828008
-0.123536582
-0.134281506
-0.147552572
-0.157799322
-0.167998187
-0.177667799
-0.186151226
-0.187590652
-0.1825037
-0.17162162
-0.157470478
-0.136459508
-0.11224156
-0.083094019
-0.055055589
-0.027269984
-0.002292312
0.017357478
0.039555162
0.040556269
0.039348143
0.03661434
0.027554342
0.009936523
-0.009935504
-0.031595815
-0.056922345
-0.083573123
-0.112861823
-0.140461858
-0.165593189
-0.188198189
-0.203608512
-0.213535028
-0.222004936
-0.22890925
-0.232038511
-0.227699198
-0.220413663
-0.213784644
-0.207665733
-0.20141869
-0.196390838
-0.188426053
-0.180928892
-0.174478003
-0.170238688
-0.169551092
-0.167694419
-0.161632152
-0.152764332
-0.137671788
-0.116383483
-0.092963286
-0.067120078
-0.042767352
-0.018179549
0.00657362
0.026444137
0.042514261
0.054305457
0.06109497
0.061428534
0.05960328
0.056088756
0.050059684
0.039103663
0.025490045
0.009652127
-0.002368669
-0.007083614
-0.012018682
-0.015785465
-0.021714237
-0.028156592
-0.033189656
-0.039829324
-0.045110833
-0.049472011
-0.053572697
-0.058016387
-0.057251188
-0.049146792
-0.03236143
-0.014612988
0.000794164
0.007659317
0.006437106
-0.000106984
-0.007230401
-0.018548346
-0.027942549
-0.028947508
-0.020053858
-0.00627748
0.006775276
0.024332107
