0.223198943
0.194611464
0.1672057
0.146237859
0.134176498
0.134803706
0.130710669
0.122664268
0.107037563
0.087153754
0.063072963
0.034146248
-0.007504296
-0.042667365
-0.081711982
-0.105364475
-0.120553907
-0.124791521
-0.116334364
-0.108848081
-0.104028439
-0.105842441
-0.114144509
-0.12581797
-0.136798607
-0.142653794
-0.144585738
-0.147501489
-0.148263117
-0.139316655
-0.121009076
-0.091125779
-0.049170667
-0.005932672
0.027110409
0.04057543
0.039441139
0.027985725
0.011899658
-0.009863474
-0.038601554
-0.06599781
-0.095084634
-0.126539673
-0.159830271
-0.191470933
-0.226232931
-0.26039731
-0.28646497
-0.315351112
-0.339570337
-0.362631058
-0.38563898
-0.400773427
-0.405439516
-0.40620764
-0.410460196
-0.424800002
-0.446122906
-0.457795009
-0.457234419
-0.450679204
-0.441525326
-0.42800101
-0.410307056
-0.395750267
-0.389077642
-0.388039027
-0.395677269
-0.406311761
-0.405216331
-0.388240478
-0.360934406
-0.330053541
-0.302017911
-0.270647799
-0.228400935
-0.17986226
-0.132514986
-0.068603914
0.014227948
0.10124681
0.177653683
0.236015258
0.285303099
0.324130968
0.357012286
0.379100538
0.396416749
0.415112583
0.43584525
0.457711263
0.477708171
0.487055645
0.481788629
0.46669635
0.450972669
0.448173914
0.453848851
0.475315152
0.497756283
0.509448879
0.510381128
0.515650861
0.515460867
0.506981504
0.491433643
0.466510254
0.435255781
0.394424329
0.353467258
0.316473
0.27351837
0.228464955
0.175507708
0.117113237
0.058668506
0.013838039
-0.028605551
-0.071301147
-0.116336313
-0.171877636
-0.235752976
-0.303921329
-0.369110323
-0.433852889
-0.484761077
-0.523609558
-0.554782825
-0.575528249
-0.585391841
-0.579132099
-0.567592408
-0.54941907
-0.526234148
-0.507851564
-0.486070183
-0.462739207
-0.442326228
-0.432988499
-0.419754104
-0.396976808
-0.369907858
-0.350745043
-0.346305269
-0.347265572
-0.341832599
-0.334627792
-0.329029277
-0.33043276
-0.341382982
-0.361636088
-0.381157688
-0.394530754
-0.401354924
-0.403660476
-0.398583217
-0.383146565
-0.359516986
-0.336880782
-0.319811261
-0.297025047
-0.26492898
-0.231279184
-0.203036374
-0.177560074
-0.156623889
-0.144753229
-0.138079719
-0.138989349
-0.147890867
-0.155130164
-0.157779677
-0.15822203
-0.172443009
-0.18345359
-0.2065426
-0.22692729
-0.228564765
-0.225504377
-0.216878429
-0.204166295
-0.184369893
-0.161150421
-0.154575657
-0.140480593
-0.124066392
-0.124081571
-0.144351036
-0.186706215
-0.248359986
-0.323810749
-0.413063112
-0.510462866
-0.583882347
-0.628514612
-0.666122141
-0.701806998
-0.73486697
-0.750991426
-0.755528176
-0.770662327
-0.796117012
-0.827560298
-0.867479699
-0.896450472
-0.909090909
-0.903576199
-0.884045268
-0.858274144
-0.810360138
-0.753248078
-0.699904348
-0.647768083
-0.604653462
-0.56940582
-0.547905029
-0.527739626
-0.508465366
-0.488333036
-0.47317213
-0.461468608
-0.466669773
-0.472484386
-0.4742776
-0.462754563
-0.441960533
-0.414245831
-0.382707282
-0.34994048
-0.316935256
-0.282404533
-0.238952094
-0.180342057
-0.116645783
-0.057999247
-0.011034736
0.026572262
0.050314939
0.069982355
0.082727859
0.09106985
0.094802272
0.094043834
0.083160821
0.066304209
0.046440539
0.031092947
0.021874163
0.019176635
0.027413028
0.039116668
0.04940088
0.061998617
0.074191149
0.080342576
0.074018814
0.067188029
0.055427692
0.041389207
0.018606418
-0.006092663
-0.032289427
-0.059991373
-0.080546508
-0.093423477
-0.097701015
-0.100650549
-0.10198257
-0.10552866
-0.106664604
-0.107750526
-0.104969429
-0.098220618
-0.091368689
-0.085887171
-0.079836498
-0.076602358
-0.07289291
-0.069641879
-0.070620017
-0.075170527
-0.079212538
-0.081359457
-0.079887821
-0.075131489
-0.069708203
-0.070153391
-0.072612025
-0.071366112
-0.072129334
-0.071818624
-0.07167635
-0.066707878
-0.058008342
-0.045898789
-0.029797307
-0.012309469
0.008696996
0.035140627
0.065910402
0.09515645
0.13073128
0.164411964
0.194935522
0.225839066
0.258747492
0.288109886
0.314446443
0.344185576
0.377615318
0.417966382
0.458751768
0.49571502
0.514430521
0.515488566
0.504251493
0.484997373
0.462613293
0.441457763
0.428230455
0.420188129
0.411450973
0.400149939
0.393719517
0.389614608
0.382314657
0.374513943
0.372100371
0.367027601
0.367008997
0.37108101
0.389186134
0.405453808
0.421527237
0.436004179
0.443829579
0.441502707
0.438944263
0.43227908
0.430903946
0.43436316
0.436350974
0.433807059
0.426326682
0.415168808
0.408344992
0.403323012
0.403368665
0.40242484
0.403406108
0.409033976
0.410347098
0.416039635
0.418644677
0.421472903
0.420499017
0.417900885
0.413897027
0.402437479
0.382650999
0.357395993
0.325462811
0.294447409
0.260126524
0.225086652
0.189164435
0.164643476
0.147341853
0.136146417
0.127875119
0.123006221
0.124024874
0.128395135
0.135186823
0.140986376
0.139814583
0.134022471
0.121970973
0.106341137
0.08905351
0.079333905
0.074676556
0.073773719
0.078047832
0.087443911
0.098669704
0.114938264
0.137461606
0.163252455
0.191468334
0.215930943
0.241466007
0.264693452
0.288437192
0.31463744
0.347185015
0.372880543
0.39294088
0.408363123
0.419968547
0.428804037
0.439427839
0.448505649
0.448928808
0.447708173
0.447475834
0.449735025
0.452404618
0.45424502
0.456721313
0.461643541
0.468487024
0.476123377
0.478877897
0.473864481
0.461124766
0.445452348
0.434272741
0.42922696
0.431119866
0.438492873
0.446812718
0.459598913
0.478887582
0.503626234
0.532299644
0.562502687
0.588177013
0.613228619
0.629809012
0.63741548
0.641126464
0.644827585
0.6517218
0.664395132
0.673565252
0.675715951
0.676326209
0.670991157
0.654285263
0.634530321
0.61782868
0.602506602
0.591902584
0.591982964
0.594421459
0.589958415
0.581332526
0.561049004
0.533411965
0.506506727
0.474777122
0.437794203
0.390182994
0.320473728
0.257312117
0.192974816
0.138244908
0.099516435
0.072608717
0.051791241
0.046429376
0.053821814
0.067673319
0.084270662
0.110541544
0.140381669
0.170573136
0.190462202
0.200278547
0.202804508
0.20214399
0.198367333
0.192641072
0.180075286
0.168522542
0.158855145
0.149054155
0.136524041
0.123487908
0.108913046
0.100643166
0.094818691
0.088647183
0.082540582
0.077395464
0.074814873
0.073813466
0.070697267
0.05597901
0.035912531
0.010043723
-0.018671561
-0.047100879
-0.073754052
-0.098253986
-0.113436271
-0.12000696
-0.123137332
-0.123326558
-0.121304549
-0.116249673
-0.107303861
-0.0983046
-0.086250503
-0.076418212
-0.072627498
-0.07257151
-0.070471425
-0.074709098
-0.086568359
-0.101099398
-0.122953304
-0.149862262
-0.177755973
-0.200094577
-0.200956428
-0.182676076
-0.159405576
-0.138603987
-0.132179943
-0.13178903
-0.122747365
-0.102107598
-0.069708852
-0.035958656
-0.004080163
0.027293079
0.057151866
0.083424875
0.102258081
0.117537282
0.129737019
0.141174066
0.153253027
0.161463376
0.164582586
0.163794264
0.163777846
0.160138442
0.158679798
0.160973716
0.164769627
0.166625207
0.167755305
0.170135862
0.171355198
0.169176918
0.161575647
0.151762078
0.139576279
0.126154135
0.113349336
0.102692107
0.095489249
0.090258495
0.087585831
0.086002808
0.08677985
0.089149659
0.091742416
0.101116289
0.116068657
0.134373519
0.151273481
0.163376007
0.174605402
0.180718618
0.179762332
0.172134661
0.157905946
0.141538402
0.124097635
0.097943394
0.072744081
0.054320982
0.040893641
0.026915277
0.000282716
-0.031358654
-0.068259186
-0.107973238
-0.139248382
-0.168650701
-0.195302692
-0.221526151
-0.253300936
-0.281378439
-0.307809254
-0.339430958
-0.377780447
-0.409605787
-0.436837799
-0.459225836
-0.473817115
-0.475769021
-0.473692501
-0.467306549
-0.460296047
-0.442781338
-0.417501055
-0.39163077
-0.36448528
-0.339863212
-0.312700476
-0.283387101
-0.248171764
-0.213077794
-0.177880056
-0.145410558
-0.116198528
-0.081501317
-0.044447645
-0.012654965
0.011113698
0.026124416
0.030254484
0.017293651
-0.013462245
-0.040015903
-0.059368948
-0.074863183
-0.08105737
-0.073645738
-0.058479576
-0.038208279
-0.009801403
0.020873464
0.055311641
0.082732288
0.106747701
0.126219867
0.142990608
0.164309319
0.190624733
0.214346562
0.23152865
0.25408595
0.27825031
0.307338375
0.336561981
0.355759463
0.364124842
0.37079351
0.37829001
0.388326882
0.39499803
0.392775337
0.390099484
0.387214679
0.382190101
0.373859154
0.360945923
0.340268181
0.31896577
0.295545497
0.267607846
0.237686338
0.200330873
0.160276522
0.115145503
0.076170399
0.051782146
0.033133796
0.014766095
-0.004877225
-0.02400555
-0.041646941
-0.059811478
-0.068071023
-0.066339526
-0.055918297
-0.041462735
-0.028244641
-0.010677546
0.010640398
0.036813478
0.071819864
0.104372517
0.138978186
0.173655376
0.21150806
0.253944563
0.301890815
0.351658039
0.401724457
0.447341002
0.482712078
0.514587972
0.542817199
0.579397629
0.61318586
0.646382259
0.673234638
0.687735794
0.696679008
0.691986342
0.677861394
0.658682928
0.639064295
0.61644764
0.587121271
0.551482185
0.517844555
0.490001339
0.474140583
0.464168676
0.45588409
0.440409344
0.419962051
0.395666639
0.370537016
0.345814901
0.320934508
0.300593167
0.284024763
0.265431101
0.233169137
0.197567553
0.162955978
0.130506501
0.103223994
0.077866284
0.062919054
0.052555881
0.037249099
0.013546168
-0.014853798
-0.049019476
-0.088695376
-0.130924994
-0.169185364
-0.202758442
-0.232191885
-0.259731063
-0.285246874
-0.312782037
-0.334810167
-0.348227705
-0.351201335
-0.348453901
-0.342027317
-0.330897437
-0.312733077
-0.290582931
-0.265220555
-0.234382685
-0.203794694
-0.181497668
-0.164687653
-0.148369364
-0.12775517
-0.108216384
-0.088545661
-0.073080777
-0.059492263
-0.051846048
-0.050170362
-0.053519077
-0.057107572
-0.060805208
-0.064235779
-0.073146038
-0.090444236
-0.110590327
-0.134184057
-0.161386421
-0.199873873
-0.241282628
-0.276949177
-0.313231005
-0.345800018
-0.361047386
-0.362047672
-0.347362606
-0.313219311
-0.269828766
-0.223139116
-0.180802777
-0.152272645
-0.133074808
-0.121366384
-0.115921186
-0.108954624
-0.108696654
-0.110226641
-0.109170958
-0.105538818
-0.107499583
-0.120537488
-0.137948608
