0.125292716
0.071035795
0.050963871
0.055197792
0.076053776
0.12152923
0.101195952
0.080078615
0.03941206
0.006742912
-0.029428368
-0.072185749
-0.154093836
-0.162248056
-0.210546124
-0.176988375
-0.160470854
-0.125449527
-0.073022079
-0.06983357
-0.075008363
-0.100098269
-0.130415238
-0.152682529
-0.159948148
-0.14698503
-0.134805971
-0.140869365
-0.133917371
-0.091630426
-0.042286945
0.025142176
0.105011709
0.14782136
0.140973906
0.083580748
0.030891946
-0.015785732
-0.046416325
-0.085776114
-0.135903655
-0.155400602
-0.187128878
-0.22335243
-0.259314627
-0.281477377
-0.323293886
-0.351415489
-0.345822531
-0.381366564
-0.386280003
-0.402588442
-0.422764908
-0.408285941
-0.37535544
-0.362235511
-0.378334867
-0.426737476
-0.470331187
-0.446495777
-0.402692983
-0.375669064
-0.358367483
-0.330925399
-0.300503889
-0.298726687
-0.320732625
-0.339759137
-0.377237183
-0.397256837
-0.35476081
-0.283515932
-0.222777453
-0.182790416
-0.168050096
-0.128481224
-0.05258426
0.012649494
0.050336623
0.165541106
0.305835494
0.397675002
0.427730618
0.415499289
0.426998829
0.424333027
0.432382705
0.413722087
0.412153968
0.433584929
0.459145271
0.482510245
0.49359162
0.464163252
0.407763235
0.359621979
0.343470352
0.386750439
0.421771765
0.496675588
0.519988291
0.492284854
0.45501589
0.475035544
0.455538597
0.418687798
0.379902986
0.324652923
0.274577653
0.204535
0.167841014
0.149128126
0.090010036
0.04270511
-0.032146441
-0.103077695
-0.154982437
-0.146462323
-0.175577068
-0.214257339
-0.262398595
-0.348749686
-0.434787154
-0.510318224
-0.557466338
-0.613186836
-0.609266538
-0.600955507
-0.601373672
-0.582817596
-0.553023334
-0.490403111
-0.461497449
-0.421928577
-0.383666472
-0.38439826
-0.353088149
-0.326952831
-0.319216777
-0.350160994
-0.324652923
-0.270709626
-0.231558919
-0.242588024
-0.290781551
-0.310748934
-0.28330685
-0.270657356
-0.271389144
-0.297419921
-0.340909091
-0.39176842
-0.406456469
-0.396525048
-0.379380279
-0.365424019
-0.334793426
-0.284456804
-0.234538346
-0.218020825
-0.222620641
-0.182215439
-0.120849711
-0.085567032
-0.079712721
-0.066958685
-0.064501965
-0.086089738
-0.09858242
-0.126233587
-0.162404867
-0.162927574
-0.149023585
-0.141601154
-0.202966881
-0.201346492
-0.264541691
-0.273009534
-0.208089404
-0.188749268
-0.161411725
-0.135694572
-0.093094004
-0.060424856
-0.113531822
-0.074433386
-0.051695659
-0.109872878
-0.199517019
-0.315191938
-0.438080204
-0.553702852
-0.681556829
-0.796604499
-0.776689387
-0.714278247
-0.72269382
-0.747470101
-0.767437484
-0.721752948
-0.684745337
-0.735656937
-0.794722757
-0.843752614
-0.909090909
-0.895970979
-0.849345572
-0.78019152
-0.713285105
-0.668384628
-0.547587187
-0.464476875
-0.430605503
-0.388736723
-0.382516518
-0.379171197
-0.408808648
-0.395688718
-0.381784729
-0.360928745
-0.365110396
-0.366992138
-0.431441833
-0.438759722
-0.426110228
-0.36876934
-0.317544116
-0.268514259
-0.227063645
-0.193714979
-0.163659363
-0.127697165
-0.057654512
0.047879903
0.122261019
0.156289203
0.156498286
0.156655097
0.128585766
0.131565192
0.118340721
0.110134231
0.097118843
0.080549051
0.035073597
-0.000993142
-0.029219286
-0.026814836
-0.013276742
0.00742243
0.05342059
0.076053776
0.080130886
0.099471021
0.108827465
0.092884921
0.043123275
0.03528268
0.00742243
-0.013067659
-0.064188342
-0.09283265
-0.121320147
-0.151166681
-0.144057874
-0.128272142
-0.101614117
-0.099523292
-0.094975746
-0.10595258
-0.098425608
-0.099209668
-0.083058041
-0.063038388
-0.056609099
-0.056609099
-0.04923894
-0.056347746
-0.051382036
-0.05012754
-0.065965543
-0.082639876
-0.084417078
-0.079608179
-0.065495107
-0.049657105
-0.042496027
-0.063665635
-0.072969808
-0.058752195
-0.06654052
-0.062463411
-0.062933846
-0.041450615
-0.02054236
0.002247637
0.030630593
0.051016141
0.082064899
0.124717739
0.167266037
0.187756126
0.241647152
0.264750774
0.280588776
0.309285356
0.345508907
0.35894246
0.371539684
0.409906331
0.45255917
0.512774944
0.550409802
0.569593125
0.52155641
0.459981601
0.40650874
0.361085557
0.33019361
0.315819185
0.332179895
0.343418081
0.333225307
0.314146525
0.325698336
0.330298152
0.312526135
0.30384921
0.320784896
0.306880907
0.324757464
0.342843104
0.408547294
0.416440161
0.429978255
0.437139333
0.42051727
0.382516518
0.37943255
0.358994731
0.376505394
0.39668186
0.393231998
0.374937275
0.350840512
0.327945973
0.337250146
0.33918416
0.357165259
0.352826796
0.36051058
0.381941541
0.367828469
0.388370829
0.379746174
0.383039224
0.368717069
0.360667391
0.352147278
0.315610103
0.268618801
0.226906833
0.175002091
0.150800786
0.108722924
0.075165175
0.04024839
0.058909007
0.069154052
0.080862675
0.083894371
0.091630426
0.11337501
0.129108472
0.14369198
0.145312369
0.119595216
0.098111985
0.065286025
0.038784812
0.017615204
0.035805386
0.049604834
0.062097516
0.084207995
0.110656937
0.127069917
0.1593209
0.201398762
0.235792841
0.26935059
0.277713891
0.304110563
0.316498704
0.339340972
0.37122606
0.422503554
0.420987706
0.418792339
0.416021995
0.412781216
0.410794932
0.426528393
0.429089655
0.398824956
0.391925232
0.395218282
0.406038304
0.40985406
0.408547294
0.412990299
0.426005687
0.438864264
0.44842979
0.433584929
0.40164757
0.36301957
0.338765995
0.344777118
0.362026428
0.388266288
0.414192523
0.424908004
0.452036464
0.492128042
0.533317304
0.572624822
0.604771264
0.611461905
0.631429288
0.616113992
0.591076357
0.580569959
0.583810738
0.60121686
0.632892866
0.628606674
0.605659865
0.600746425
0.574977001
0.519936021
0.491657606
0.487685038
0.479008112
0.486326002
0.524222213
0.534728611
0.506345655
0.483973823
0.424751192
0.374257757
0.353035879
0.307874049
0.256544284
0.176779292
0.036850799
0.00412938
-0.056974994
-0.071401689
-0.049029857
-0.030996487
-0.027860249
0.022110479
0.073806139
0.108932006
0.133342394
0.190840094
0.229886259
0.25785105
0.23898135
0.212009701
0.188435644
0.17657021
0.162195785
0.150225809
0.114890859
0.108252488
0.106370745
0.097223384
0.076471941
0.063142929
0.044795935
0.059797608
0.063299741
0.056609099
0.051434306
0.050284352
0.057079535
0.061783892
0.051538848
-0.002561261
-0.039255248
-0.082692147
-0.118183909
-0.142332943
-0.159634524
-0.173695325
-0.154146107
-0.129474366
-0.120065652
-0.109820607
-0.10020281
-0.084992055
-0.063299741
-0.055145521
-0.03366229
-0.03282596
-0.050859329
-0.06403153
-0.054936439
-0.081124028
-0.118602074
-0.140921636
-0.186188007
-0.227899975
-0.256073848
-0.256178389
-0.180908673
-0.096962031
-0.058699925
-0.049029857
-0.094243958
-0.115256753
-0.076628753
-0.017301581
0.053002425
0.087657857
0.10924563
0.135224136
0.156289203
0.166847872
0.157177804
0.158118675
0.158014134
0.165436564
0.178399682
0.171970394
0.156707368
0.142176131
0.144894204
0.128847119
0.135276407
0.150591704
0.159268629
0.154041566
0.152473447
0.159007276
0.155975579
0.142019319
0.116093084
0.099575562
0.080392239
0.064136071
0.05498871
0.053159237
0.059013549
0.061365727
0.068056369
0.070513089
0.079555909
0.087291963
0.09037593
0.122679184
0.155661955
0.183731287
0.193714979
0.187442502
0.194289956
0.181588191
0.155714226
0.125344986
0.089382788
0.06732458
0.048088986
-0.005906582
-0.024828552
-0.017144769
-0.011342728
-0.025664882
-0.094034875
-0.139771682
-0.191049176
-0.236158735
-0.233963369
-0.253355775
-0.267207494
-0.288899808
-0.336675169
-0.348436063
-0.365998996
-0.412363051
-0.470122104
-0.475192356
-0.483032951
-0.485698754
-0.471010705
-0.427991971
-0.411892615
-0.390984361
-0.382568788
-0.329879987
-0.280013799
-0.255028435
-0.226488668
-0.213630091
-0.180595049
-0.1470373
-0.094975746
-0.064345153
-0.03282596
-0.013747177
0.000574977
0.050702517
0.091839508
0.101352764
0.093982604
0.076262859
0.041398344
-0.030578322
-0.120797441
-0.129422096
-0.121058794
-0.121111065
-0.093668981
-0.038941624
0.001934014
0.037948482
0.091891779
0.127069917
0.170872711
0.170297734
0.179497366
0.18064732
0.185926654
0.22089571
0.261875889
0.273689052
0.265743916
0.30473781
0.331814
0.374989546
0.401333947
0.382830141
0.351885925
0.351781383
0.36134691
0.379223467
0.373212344
0.339759137
0.335786569
0.332493518
0.320471272
0.30139249
0.273741323
0.227952246
0.206887179
0.178661035
0.13794221
0.104436732
0.045057289
5.22706E-05
-0.057863595
-0.070565359
-0.040509743
-0.036693987
-0.051957013
-0.073858409
-0.088964623
-0.099314209
-0.117243038
-0.08948733
-0.05258426
-0.012597223
0.014478966
0.021796855
0.052741072
0.084887514
0.125240445
0.187494773
0.207618968
0.245515179
0.276459396
0.321203061
0.374989546
0.43693025
0.487423685
0.532794597
0.557414067
0.552448357
0.568286359
0.580360876
0.642301581
0.662321234
0.689606507
0.690913273
0.660021326
0.648260433
0.595832985
0.549939366
0.515074852
0.496152881
0.465522288
0.415812913
0.361921887
0.339236431
0.33510705
0.363490006
0.375512252
0.374153216
0.335002509
0.299301664
0.264175797
0.23898135
0.218543531
0.195962616
0.194028602
0.192721837
0.169095509
0.092153132
0.048820774
0.021692314
0.000627248
-0.005227064
-0.020855984
0.002770344
0.00982688
-0.021221878
-0.071924396
-0.113688634
-0.164338881
-0.218961696
-0.265378021
-0.285188592
-0.298308522
-0.309703521
-0.327370996
-0.342790834
-0.374310028
-0.374310028
-0.355701681
-0.321359873
-0.298674417
-0.279961529
-0.253460316
-0.212480137
-0.178765577
-0.144946475
-0.098268797
-0.072081208
-0.081699005
-0.08624655
-0.073544785
-0.040091578
-0.026605754
-0.008729196
-0.009931421
-0.004547545
-0.018817429
-0.038471188
-0.059222631
-0.06324747
-0.066906415
-0.06899724
-0.096282512
-0.14128753
-0.16920005
-0.202287363
-0.239138162
-0.313153383
-0.360144685
-0.371382872
-0.405672409
-0.4213536
-0.373525968
-0.323973405
-0.2554466
-0.156341474
-0.085201137
-0.032198712
-0.010140503
-0.033766831
-0.049813917
-0.065965543
-0.083319394
-0.071767584
-0.09528937
-0.102973154
-0.092884921
-0.080549051
-0.102084553
-0.152839341
-0.183731287
