0.000886652
-0.045793231
-0.091579542
-0.132143116
-0.167006077
-0.191930753
-0.214935073
-0.234168922
-0.258720065
-0.288058923
-0.322305458
-0.361703998
-0.406311533
-0.45091452
-0.493684988
-0.516216374
-0.524770952
-0.520671088
-0.508948772
-0.498671356
-0.494116995
-0.500665706
-0.51329924
-0.529139808
-0.540497439
-0.535486455
-0.508849222
-0.476892472
-0.439009466
-0.391986251
-0.346646924
-0.298878324
-0.252952575
-0.204981762
-0.151924784
-0.091803503
-0.026950165
0.036439539
0.085994641
0.128070635
0.158103373
0.187487606
0.207752488
0.214444395
0.209477204
0.206086741
0.195604146
0.184914693
0.172141918
0.147885964
0.123637176
0.092019359
0.059577713
0.024272513
-0.001104781
-0.02111995
-0.0423221
-0.064898911
-0.082505617
-0.089275521
-0.088325057
-0.081445371
-0.072333336
-0.059507722
-0.042030619
-0.027673258
-0.016958497
-0.011975193
-0.014700989
-0.021083027
-0.018922646
-0.003621246
0.023250772
0.053349003
0.080363673
0.104120595
0.12800969
0.154149718
0.175486858
0.211497652
0.263172011
0.324757468
0.377386987
0.415773572
0.445405295
0.46514648
0.478220869
0.480574071
0.4728971
0.463750267
0.453259468
0.446577052
0.437632728
0.420463022
0.397306115
0.370961007
0.3499541
0.341235123
0.338065951
0.348016297
0.353435958
0.347727732
0.332781132
0.321041368
0.304581211
0.279767701
0.242270832
0.194973288
0.148791695
0.108079934
0.073276386
0.050040294
0.026656806
0.003046687
-0.028969674
-0.064517915
-0.106806452
-0.144977084
-0.190530042
-0.236709855
-0.279664247
-0.32062157
-0.357974403
-0.397762194
-0.433665333
-0.465383244
-0.488612366
-0.503528024
-0.514511529
-0.521617746
-0.52969509
-0.518362619
-0.491917516
-0.449516973
-0.403417284
-0.353359838
-0.302568079
-0.262458655
-0.235788504
-0.22167883
-0.208473258
-0.191463305
-0.171864574
-0.155394729
-0.148259052
-0.137844916
-0.121605014
-0.106299808
-0.095350656
-0.092532676
-0.0966447
-0.108791954
-0.119972877
-0.132970751
-0.151198577
-0.1723252
-0.185469876
-0.194018374
-0.196952315
-0.202344246
-0.210829574
-0.218171468
-0.216531819
-0.214775221
-0.214309108
-0.211939298
-0.205842019
-0.204048548
-0.200695897
-0.194049613
-0.191164459
-0.188055591
-0.181900925
-0.17340843
-0.177014205
-0.184584707
-0.204560234
-0.218800745
-0.211736492
-0.201082874
-0.191571406
-0.184159966
-0.170124485
-0.153014094
-0.146581935
-0.128129999
-0.102662151
-0.086430009
-0.090685031
-0.116055158
-0.158673286
-0.214120983
-0.282452075
-0.360308922
-0.403959764
-0.415905942
-0.427637748
-0.448134798
-0.481526019
-0.509257207
-0.533528089
-0.572607517
-0.629218123
-0.706190393
-0.79028791
-0.862419824
-0.904753045
-0.909090909
-0.890871881
-0.832265541
-0.740874866
-0.648475253
-0.569365537
-0.495559324
-0.422535914
-0.35451815
-0.304216427
-0.252448254
-0.204202666
-0.160495278
-0.13455504
-0.128997226
-0.148088918
-0.159566166
-0.157972486
-0.135729911
-0.102207605
-0.061401435
-0.023576409
0.014819618
0.053276936
0.091190192
0.128381492
0.1811288
0.238698965
0.296064397
0.343765823
0.38999373
0.418523736
0.445628268
0.474113293
0.496861771
0.506281994
0.496666429
0.464734146
0.418685269
0.365248036
0.310487053
0.276356428
0.256792444
0.254842877
0.251770734
0.248729732
0.245090889
0.232541235
0.207781602
0.162824606
0.11016197
0.04943677
-0.010907434
-0.079033348
-0.143152917
-0.205471155
-0.259408558
-0.305682384
-0.346260293
-0.368935764
-0.383635913
-0.393853816
-0.404598432
-0.411958417
-0.413032058
-0.402413634
-0.372348174
-0.333526517
-0.297239663
-0.264117483
-0.235593161
-0.204014936
-0.172385898
-0.152134312
-0.1410736
-0.137523827
-0.143156081
-0.155600105
-0.170972731
-0.189686689
-0.217104005
-0.24871599
-0.272216279
-0.289859858
-0.300218139
-0.306577044
-0.299959429
-0.284542366
-0.259663709
-0.228540475
-0.193874735
-0.154743901
-0.109253174
-0.066345888
-0.029617833
0.017430442
0.0618803
0.102847707
0.14484501
0.184275481
0.214356757
0.235287988
0.251677067
0.272321265
0.298712491
0.328554582
0.358656273
0.386247083
0.416435917
0.445717684
0.470517206
0.480836883
0.480442591
0.477734787
0.471317704
0.454884634
0.42877797
0.40445237
0.386306694
0.365344669
0.346983435
0.343267631
0.350329017
0.374237093
0.411988272
0.452974561
0.476006364
0.487877559
0.485620397
0.470251428
0.441140585
0.406463526
0.367066617
0.335301947
0.307092536
0.285859592
0.269189561
0.258295324
0.251141853
0.253990034
0.263336905
0.27778383
0.293345076
0.314147545
0.333616823
0.345218187
0.353224008
0.355901759
0.354761883
0.34775047
0.337455507
0.328280401
0.312033282
0.290197703
0.264178083
0.233427195
0.203942968
0.174829456
0.142779879
0.110239968
0.083486381
0.064851509
0.056300144
0.051515297
0.049288879
0.048199767
0.046132312
0.044814444
0.040586806
0.033576628
0.022729052
0.009987961
-0.005483918
-0.013373284
-0.012784539
-0.007904491
0.008435801
0.031285063
0.05756201
0.093352896
0.133710105
0.173558446
0.210251456
0.23949714
0.264109624
0.282830798
0.298964379
0.314006575
0.331566471
0.347047791
0.366520924
0.389167777
0.401620698
0.404336806
0.397019379
0.37934209
0.349768595
0.32134486
0.297469013
0.280098379
0.26537144
0.254598254
0.249232125
0.252195327
0.257798516
0.263961684
0.268022252
0.262927141
0.251070972
0.233894939
0.219640044
0.210559298
0.207753131
0.209986468
0.217417878
0.227683084
0.242360545
0.261892449
0.282915618
0.304647347
0.323100371
0.338920574
0.347256677
0.347104387
0.342207731
0.339417382
0.345854928
0.36072264
0.380495756
0.402571904
0.42931783
0.45283013
0.463355727
0.468672082
0.472015638
0.473632747
0.480561269
0.488229541
0.492199161
0.495701086
0.492146124
0.480968463
0.469792136
0.455483117
0.438539449
0.412736079
0.363948654
0.318591879
0.264709837
0.221109906
0.194356022
0.181385483
0.176110055
0.181656846
0.196919148
0.217176023
0.230692601
0.2480403
0.268354117
0.290586015
0.308569268
0.315363591
0.320116952
0.324127252
0.332021314
0.331574726
0.326907271
0.320603034
0.323547305
0.334809785
0.346528444
0.356753564
0.370360942
0.383016373
0.393457052
0.402580703
0.409187592
0.411270122
0.411967364
0.406959494
0.389538245
0.364064565
0.331555844
0.295880572
0.256999897
0.217789038
0.185303252
0.158919194
0.149684724
0.153329647
0.161840925
0.169470444
0.171204552
0.166176021
0.154046857
0.138679026
0.117734745
0.089254811
0.059857282
0.030526481
-0.004810946
-0.047148319
-0.088432515
-0.126007332
-0.16295752
-0.189067545
-0.212367697
-0.226934882
-0.231026047
-0.229019983
-0.233653035
-0.2485897
-0.269396667
-0.280397472
-0.282515344
-0.273444088
-0.257289895
-0.230872522
-0.197964664
-0.166824031
-0.141090998
-0.124458879
-0.117193402
-0.115987737
-0.111464367
-0.104286774
-0.091051347
-0.074511758
-0.056979789
-0.038070687
-0.019364736
0.001818136
0.024666213
0.048075404
0.065814183
0.08059836
0.094422583
0.104018871
0.107919587
0.106650851
0.106189483
0.10363565
0.093585112
0.082539426
0.076322579
0.077596901
0.086317361
0.102507242
0.123931228
0.149147088
0.17123757
0.187130533
0.208494957
0.23261523
0.252435402
0.267016279
0.278641418
0.286705812
0.281927142
0.265331848
0.244196427
0.218084473
0.190106833
0.158224523
0.115596558
0.075276074
0.043504088
0.017829431
-0.001810673
-0.02431428
-0.048298031
-0.075235444
-0.103201221
-0.118199079
-0.128012606
-0.13430147
-0.141981951
-0.154423553
-0.169220879
-0.191339882
-0.230210375
-0.279714021
-0.32765058
-0.375806504
-0.426955336
-0.468012802
-0.494907557
-0.511856169
-0.512049534
-0.505867435
-0.487467251
-0.466726716
-0.452546409
-0.43756422
-0.424263646
-0.404824865
-0.377707532
-0.350645707
-0.31777591
-0.281416396
-0.245369222
-0.209611453
-0.174282972
-0.141828623
-0.111248512
-0.09180637
-0.078229786
-0.069553267
-0.075176821
-0.093832058
-0.107906093
-0.115665758
-0.125175348
-0.128848495
-0.112905214
-0.079004976
-0.034456261
0.015437971
0.063953933
0.108302758
0.140311903
0.168973933
0.196035758
0.219296614
0.246238969
0.27660105
0.307563592
0.335892521
0.367245203
0.398239033
0.427710063
0.454717219
0.468414361
0.466906142
0.455428301
0.440640812
0.424708207
0.406534851
0.382318045
0.356103675
0.329665344
0.305114003
0.284276736
0.265511175
0.244933013
0.223122297
0.199159059
0.169687486
0.13776667
0.098627236
0.068492082
0.041932305
0.027199187
0.024477939
0.026195933
0.030160363
0.032541047
0.033348267
0.031651133
0.027782446
0.032843254
0.047420227
0.068878565
0.090424591
0.109134396
0.127166831
0.138805019
0.147522415
0.155949517
0.161069936
0.163861373
0.167389545
0.176321462
0.193263796
0.216614414
0.242659787
0.276387073
0.309656255
0.340809146
0.375281076
0.406684423
0.43740244
0.462668866
0.485392975
0.506014041
0.516421256
0.521880163
0.518566067
0.511693598
0.502636725
0.490764739
0.469967707
0.440488522
0.408907627
0.38288168
0.359806973
0.346339527
0.341833111
0.342725992
0.337083753
0.330681796
0.316791586
0.298215683
0.270394732
0.237243883
0.205127873
0.178140043
0.150321761
0.114642287
0.078358202
0.042885439
0.006816121
-0.031638429
-0.072218612
-0.10583938
-0.132014305
-0.156651553
-0.18147228
-0.203691524
-0.225520084
-0.249626171
-0.273339843
-0.294090214
-0.309899642
-0.322784422
-0.334832177
-0.342167002
-0.351900158
-0.355070071
-0.346168158
-0.330159384
-0.315058863
-0.300754144
-0.28034399
-0.254209201
-0.224453659
-0.19098098
-0.151815991
-0.11827945
-0.097332253
-0.082729578
-0.07081019
-0.053000333
-0.039177494
-0.02661662
-0.019820321
-0.020838651
-0.029927702
-0.050791858
-0.077744544
-0.104822977
-0.134453612
-0.162656153
-0.194431697
-0.231803956
-0.266110844
-0.298756235
-0.330853412
-0.367810816
-0.402309685
-0.424422213
-0.443199687
-0.459457383
-0.461697938
-0.451874623
-0.428979787
-0.391633874
-0.343488281
-0.291645816
-0.244141561
-0.207690208
-0.178202867
-0.156876849
-0.142673014
-0.127968565
-0.119576064
-0.114295496
-0.104030832
-0.090006275
-0.08006191
-0.0839693
-0.089378827
