0.557926451
0.552844942
0.546848776
0.55256809
0.558249144
0.550256903
0.540276889
0.547913951
0.540943209
0.548741618
0.542405434
0.551547313
0.540931298
0.552620068
0.544566826
0.551979375
0.557674144
0.566350393
0.572397092
0.572397092
0.583792046
0.593183344
0.605899749
0.598295895
0.606747269
0.615565734
0.625294885
0.617757807
0.621333055
0.617212405
0.622728503
0.628920306
0.641490164
0.651887801
0.658859626
0.651908015
0.642843741
0.635956019
0.631321371
0.638479086
0.64487916
0.638474394
0.633222515
0.627224183
0.622718035
0.627595966
0.631938241
0.637970141
0.643202529
0.636173313
0.643835642
0.6353738
0.629047361
0.623017266
0.628289358
0.62482023
0.620461351
0.616968039
0.612902255
0.617012798
0.625117656
0.631748379
0.638008763
0.632262739
0.637905531
0.635136653
0.639260913
0.636783686
0.633504059
0.639934813
0.650372156
0.641215117
0.634804937
0.6422229
0.646832281
0.651182498
0.656683435
0.661044841
0.654296086
0.669142119
0.655371728
0.668194254
0.676268432
0.665967169
0.67206368
0.682561663
0.689591962
0.681819181
0.690582419
0.696513614
0.703059151
0.71277964
0.699226904
0.68747605
0.680262387
0.682960878
0.673903823
0.68547817
0.678972337
0.68771428
0.682731311
0.676228727
0.666599921
0.674900056
0.682209733
0.677191752
0.667323273
0.661572555
0.665852746
0.662507426
0.65906176
0.66722762
0.66016664
0.666109024
0.659885457
0.65415387
0.646200973
0.65551611
0.649225767
0.654914039
0.648282233
0.640904336
0.63283485
0.621941984
0.617084628
0.624862101
0.6157953
0.623839158
0.628710591
0.63384119
0.623217234
0.632246496
0.622235079
0.615474773
0.620974989
0.613973927
0.604858397
0.592959913
0.583071221
0.589043564
0.598508858
0.612669079
0.603766873
0.59541837
0.587009228
0.593397029
0.586393079
0.580163737
0.573255802
0.565114848
0.553966065
0.573073881
0.564066998
0.554608924
0.547949685
0.540888705
0.550018673
0.557322575
0.552919299
0.549023162
0.541664395
0.548028373
0.554393434
0.563087009
0.559918916
0.550485026
0.540045517
0.527794742
0.516697937
0.508146939
0.49300348
0.509417497
0.528724198
0.546300126
0.537777283
0.515763427
0.497178994
0.520537403
0.545722239
0.526358868
0.511530882
0.501031094
0.510241916
0.497446822
0.487920166
0.500922086
0.488976678
0.476503917
0.465465586
0.448101177
0.435662345
0.416488113
0.431052964
0.44671367
0.459610914
0.483800599
0.471294269
0.487737523
0.503191403
0.511286516
0.501255608
0.486974467
0.475086812
0.460077988
0.451665958
0.468186456
0.487668581
0.500531534
0.487079865
0.477748125
0.495829388
0.482056831
0.470605569
0.459138425
0.469439688
0.485549782
0.468338418
0.485987258
0.468686738
0.458762672
0.446216637
0.431287584
0.42202659
0.435757998
0.446571815
0.457281678
0.453724839
0.464551289
0.452769394
0.441536148
0.45362341
0.460837074
0.45129598
0.465274641
0.476941032
0.493334113
0.504509607
0.514075607
0.506810688
0.515656946
0.526224232
0.536424428
0.529505664
0.520430561
0.514659991
0.518130202
0.524141889
0.53187316
0.538131379
0.54930615
0.56107433
0.552864434
0.562709451
0.549670714
0.535397514
0.524145859
0.513315077
0.52463423
0.533052036
0.527980994
0.520369921
0.531132483
0.545133884
0.530949479
0.512148113
0.522275757
0.535501108
0.546698258
0.537793526
0.53215687
0.543594055
0.5622135
0.575590812
0.586599906
0.572754437
0.5567418
0.543820373
0.533463523
0.545424452
0.538249411
0.528274089
0.540010866
0.530075971
0.522131015
0.514760336
0.50460165
0.494438271
0.480821647
0.493831508
0.507030148
0.492485511
0.483886145
0.473025765
0.488557611
0.475740138
0.462240102
0.454016128
0.439746899
0.425406562
0.440085113
0.460209014
0.477510978
0.488448603
0.473997092
0.487997771
0.507627887
0.52114164
0.506988277
0.520588659
0.532805865
0.552744958
0.539265496
0.530178843
0.517922653
0.52537202
0.533345852
0.533345852
0.524254506
0.507812335
0.519484501
0.53534698
0.555198361
0.543026996
0.559094498
0.570346152
0.562732191
0.545918237
0.527313952
0.541448545
0.553266536
0.56831723
0.549478686
0.578425383
0.56231926
0.575159472
0.586013356
0.572409365
0.560715181
0.536855407
0.525621078
0.538125964
0.561480042
0.57652857
0.564557174
0.558716579
0.562317816
0.572512237
0.589573805
0.602853299
0.626207376
0.641694464
0.660424361
0.641252656
0.651988869
0.66319396
0.674010304
0.660161947
0.674373785
0.682867391
0.668954423
0.655474239
0.640504038
0.648093093
0.653992163
0.643175818
0.653634818
0.662972334
0.676912013
0.68919383
0.699408103
0.686921986
0.696513614
0.682452655
0.67731953
0.687413605
0.679043806
0.668084163
0.668084163
0.654436497
0.620253081
0.604001854
0.622635015
0.636331772
0.648739923
0.658487843
0.671637754
0.687223743
0.707553749
0.695601122
0.686656685
0.697418164
0.687961533
0.699866875
0.706780225
0.713889934
0.70297144
0.714268574
0.727134776
0.73687259
0.747006009
0.730969189
0.747220777
0.760135707
0.746904942
0.739476872
0.730401408
0.720364364
0.730665988
0.738066625
0.727475155
0.71770666
0.705979268
0.695962437
0.687713558
0.677480515
0.665790301
0.6538929
0.661814394
0.670898882
0.681234796
0.672594282
0.664219069
0.656653837
0.664797678
0.673999837
0.69565346
0.68313558
0.689785433
0.700603221
0.709548741
0.698247636
0.687652196
0.691862001
0.696068918
0.688730365
0.68006675
0.67131073
0.681343083
0.688430051
0.680235315
0.690963226
0.707750469
0.715664022
0.715664022
0.725701067
0.740454696
0.750580175
0.740337386
0.753296353
0.742262714
0.751586514
0.743528579
0.736084266
0.742313248
0.731300184
0.711426063
0.72854033
0.712415437
0.698085568
0.708774856
0.717023374
0.731413523
0.743341244
0.752296871
0.761551368
0.746457359
0.753804937
0.761931092
0.761931092
0.75541046
0.748664953
0.748664953
0.742349343
0.755862374
0.768391444
0.763557189
0.757700351
0.766182406
0.776904542
0.783484009
0.777067332
0.769088446
0.776815386
0.768229737
0.756380343
0.768596466
0.776122716
0.767702744
0.760961208
0.75204276
0.745315662
0.735747136
0.726257297
0.734890592
0.739219151
0.741549469
0.747784587
0.754464038
0.761493615
0.768801127
0.761799343
0.770231948
0.763725393
0.768799683
0.760534561
0.771084521
0.776645377
0.782631797
0.780599988
0.7854559
0.775291078
0.759301903
0.770761107
0.783539596
0.793270913
0.805414846
0.817950774
0.825284996
0.834012139
0.82720888
0.819999187
0.80950698
0.801521597
0.811977709
0.802199468
0.789838963
0.776798782
0.791543749
0.800509843
0.808324856
0.799693726
0.79310343
0.786868313
0.800286413
0.81433943
0.822940962
0.822940962
0.812225324
0.821288876
0.832219281
0.8441535
0.860043412
0.876349865
0.868992903
0.861020153
0.865657328
0.872329921
0.864864312
0.858200381
0.849823724
0.843131639
0.851220255
0.85989145
0.852063443
0.860462118
0.872285163
0.883650518
0.892736088
0.900228047
0.909090909
0.893471712
0.878278802
0.889592902
0.881647946
0.874046618
0.886225924
0.875116485
0.866877713
0.874174396
0.861766245
0.851788396
0.861618615
0.853402582
0.847987191
0.838960095
0.847583284
0.856670298
0.843627951
0.837331832
0.824634918
0.815622622
0.80058059
0.785976035
0.793895724
0.78501698
0.791842618
0.784060092
0.777966468
0.766299716
0.752917351
0.741645483
0.729000546
0.73956314
0.730399604
0.717769827
0.738167692
0.751026314
0.738994277
0.744645371
0.736572637
0.744515066
0.732422028
0.720168727
0.730282294
0.740409216
0.755287374
0.764889109
0.777749535
0.785880743
0.774302425
0.760926196
0.752306978
0.758232036
0.767776379
0.783646438
0.801401038
0.811684976
0.819771065
0.803227826
0.772304906
0.792589432
0.801856562
0.794743966
0.808487646
0.821681594
0.833845018
0.822964424
0.804715678
0.785973508
0.775040937
0.766230774
0.773313051
0.786810921
0.801913954
0.811698692
0.818815259
0.824049451
0.835442239
0.829231666
0.812946148
0.783776743
0.796559564
0.80858366
0.820749611
0.811517854
0.803363184
0.798519904
0.789712269
0.779406313
0.789317385
0.77665801
0.767020541
0.776257712
0.761289677
0.750006619
0.739385912
0.746146578
0.746146578
0.731577035
0.714078713
0.724937649
0.718522416
0.726694773
0.737454086
0.727108065
0.715743071
0.718063644
0.731993937
0.738484971
0.732254185
0.742238169
0.725336864
0.713308437
0.730854406
0.721427734
0.730608957
0.743165099
0.75593673
0.742434528
0.726268486
0.732833155
0.752328274
0.731503401
0.748921231
0.725416996
0.708301285
0.724060892
0.706696484
0.682713985
0.704144179
0.691904954
0.664698055
0.691556995
0.7117733
0.697206284
0.681060456
0.649005585
0.631505457
0.669753575
0.655006082
0.633098708
0.614745285
0.65346517
0.676738755
0.687278969
0.669318987
0.69421903
0.672839009
0.692539872
0.676640936
0.686703248
0.677194279
0.666656952
0.65080494
0.640415604
0.655373533
0.646009667
0.624900362
0.602224517
0.622837511
0.611459883
0.591180411
0.572275451
0.54528368
0.570488007
0.545436724
0.524514754
0.549202556
0.524218772
0.506011175
0.489558175
0.504547507
0.526301837
0.508855492
0.490069647
0.476124554
0.488221202
0.470104926
0.48547723
0.473117447
0.461700476
0.450971121
0.431836234
0.44327775
0.459909783
0.477879151
0.508496343
0.539056864
0.509185403
0.538137154
0.520182586
0.544020341
0.567818031
0.545300645
0.5681696
0.559858276
0.539463299
0.520931926
0.544020341
0.526962743
0.514435478
0.489377698
0.462459201
0.430710419
0.461739459
0.487274781
0.464616622
0.479991453
0.459602973
0.471350939
0.486048981
0.470966162
0.491636547
0.467385499
0.447671642
0.43006756
0.45690773
0.491397957
0.541253269
0.52553878
0.501281235
0.443414913
0.402897478
0.376816393
0.395926736
0.371541052
0.399504872
0.45310111
0.500810551
0.481042551
0.463138516
0.509557908
