0.903038146
0.902789658
0.902950246
0.903133881
0.903331094
0.90348918
0.903377464
0.903250736
0.903083969
0.902783621
0.902592938
0.902425784
0.902246742
0.90243494
0.902171693
0.902371885
0.902166636
0.902350159
0.902586407
0.902363222
0.902131132
0.901903307
0.901714146
0.901714146
0.901839635
0.901991048
0.902201747
0.902027093
0.902109113
0.902202158
0.902460154
0.902661873
0.902883425
0.902712424
0.902457459
0.90158498
0.901069381
0.900867621
0.901209236
0.900874581
0.900521426
0.900782711
0.900592375
0.900069287
0.899905745
0.900256675
0.900026365
0.900314709
0.900637194
0.900485546
0.900666702
0.900434295
0.900278371
0.900385371
0.900518988
0.900121812
0.899926877
0.899428516
0.899079625
0.899570427
0.899874811
0.899661757
0.899470645
0.899625965
0.899764786
0.899592557
0.89920546
0.899061441
0.898777884
0.899040162
0.899402521
0.899704479
0.90012442
0.899941737
0.899707562
0.899846572
0.900185919
0.900446611
0.900271981
0.900764827
0.90144368
0.901092046
0.900833163
0.900508716
0.900669392
0.900507829
0.900645928
0.900475655
0.90092774
0.901294827
0.901486937
0.90169427
0.901560864
0.901406532
0.901264562
0.901327671
0.901492205
0.901874387
0.9021444
0.902703186
0.902428439
0.902225833
0.902059913
0.902211961
0.902067847
0.90185497
0.901710974
0.901481921
0.901307085
0.901168234
0.901286705
0.901527269
0.901311085
0.901311085
0.901198464
0.901091112
0.901190541
0.901550398
0.901419987
0.901111416
0.900851017
0.900314145
0.90003339
0.899821575
0.899941026
0.899796126
0.900060213
0.899835448
0.899680951
0.899903789
0.900167706
0.900444462
0.900217359
0.900417885
0.900557629
0.90030382
0.900580317
0.900337127
0.900181168
0.899978468
0.900115017
0.900317405
0.900148888
0.89987958
0.899676234
0.899851664
0.899998156
0.899860738
0.899727808
0.899556642
0.899306892
0.898930032
0.899050881
0.899272727
0.899424158
0.899259218
0.899397916
0.89954338
0.899713935
0.899622799
0.89947703
0.899634922
0.900133917
0.900036502
0.899963521
0.900118899
0.899868438
0.899686536
0.89988994
0.899686789
0.899488794
0.899639538
0.899781954
0.899677597
0.899509985
0.899733616
0.899524028
0.899792532
0.900039316
0.899910843
0.900118505
0.90025691
0.900398045
0.900250637
0.900037225
0.900220249
0.899987701
0.899647191
0.899433444
0.899157463
0.898930226
0.898534195
0.898284674
0.898008294
0.898294247
0.898690137
0.898452662
0.898182349
0.898063338
0.898209131
0.898089492
0.897845897
0.897558387
0.897320677
0.897073094
0.897388103
0.897814487
0.898169592
0.89846368
0.898132209
0.899007724
0.898682613
0.898412853
0.898608357
0.898259031
0.89800265
0.897559174
0.897864533
0.897606595
0.897801195
0.897556197
0.897281649
0.896644696
0.896891897
0.897125678
0.897564895
0.897674514
0.897803844
0.897803844
0.897499942
0.897729811
0.897909928
0.898249998
0.898601462
0.898273303
0.89800568
0.897798887
0.898071943
0.89787211
0.898184945
0.897833399
0.898059585
0.89791233
0.897707481
0.897584441
0.897584441
0.897584441
0.897751026
0.897915572
0.898224596
0.898462024
0.898355852
0.897981042
0.898545519
0.89829114
0.897985629
0.897673504
0.897914955
0.897659026
0.897820789
0.897552126
0.897838168
0.897576189
0.897283599
0.897642287
0.897886294
0.898203035
0.898054822
0.898201602
0.898044796
0.898208051
0.897934754
0.898125836
0.898452773
0.898237
0.897974922
0.898118265
0.89789501
0.898096734
0.897958717
0.897727709
0.897509428
0.897799187
0.897989529
0.898159954
0.898375293
0.898249962
0.898040497
0.898213577
0.89835964
0.89815609
0.89832796
0.898249739
0.89839545
0.898649077
0.898827196
0.898987614
0.898778618
0.899028216
0.89928677
0.899646927
0.899446453
0.899747436
0.89958982
0.899774301
0.899935846
0.900124725
0.899901088
0.90014769
0.900356621
0.900661269
0.900992957
0.900639543
0.900223497
0.898927365
0.897743479
0.897743479
0.898196927
0.8988018
0.899147925
0.899491842
0.899759447
0.899574797
0.899217624
0.89954644
0.899383116
0.899131868
0.899336452
0.899577539
0.899329904
0.899561053
0.899733992
0.900131521
0.899931024
0.90008471
0.900227009
0.900058028
0.899926813
0.90009076
0.900019235
0.900182254
0.900357302
0.900175388
0.900050898
0.899912776
0.899912776
0.900044026
0.89990702
0.900024709
0.899879521
0.900022888
0.900229757
0.900063385
0.900226639
0.900055362
0.900160194
0.900038282
0.900212478
0.900356867
0.900195651
0.900070438
0.899928645
0.899825716
0.899960631
0.899871334
0.89999862
0.899828576
0.89998218
0.899881759
0.899969189
0.899841691
0.899997093
0.900197642
0.900197642
0.900288414
0.900027728
0.899875316
0.899875316
0.899735654
0.899735654
0.899735654
0.899905258
0.899905258
0.900030165
0.900210182
0.900335641
0.90021841
0.900456373
0.90060529
0.900741833
0.900888513
0.900712907
0.90085238
0.90073139
0.900852909
0.900988588
0.901262542
0.90105774
0.901273208
0.90137955
0.901545118
0.901702575
0.901947703
0.901762542
0.901662619
0.901794692
0.901943715
0.902048712
0.902048712
0.902186001
0.902338771
0.902469851
0.902634004
0.902810597
0.902599211
0.902435316
0.902273754
0.902425884
0.902592809
0.902693366
0.902844838
0.903020596
0.902814919
0.903006577
0.903205881
0.903417297
0.90378305
0.903985409
0.903834583
0.903996562
0.903791667
0.903643348
0.903748791
0.903853277
0.904032037
0.90431042
0.904085848
0.903792448
0.903966427
0.903708794
0.9034491
0.903635319
0.903760538
0.903760538
0.903938023
0.904197118
0.904064992
0.903805962
0.904020308
0.903761055
0.903958409
0.904064622
0.903935474
0.903827899
0.903625423
0.903323336
0.903551766
0.903332521
0.903553645
0.903751076
0.903751076
0.903686981
0.903876671
0.904029541
0.903892012
0.903620237
0.90380356
0.90365829
0.90365829
0.903500028
0.903344297
0.903344297
0.903531092
0.903303965
0.903453476
0.903345208
0.903453224
0.904052564
0.903746148
0.903520426
0.903648675
0.9035296
0.903674171
0.903480217
0.90329142
0.903417596
0.903564499
0.90375268
0.90375268
0.903565034
0.903303566
0.903448954
0.903356167
0.903186306
0.903290704
0.903290704
0.903224318
0.903347263
0.903560153
0.903380142
0.903540665
0.903631243
0.903750994
0.903892705
0.903735535
0.903880847
0.903781394
0.903652011
0.903703931
0.903800142
0.903590624
0.903399912
0.90354705
0.903324863
0.90314699
0.903433965
0.90364057
0.904103081
0.904413349
0.904258259
0.904087123
0.903714262
0.903916791
0.904219519
0.9044147
0.904639037
0.904466861
0.90432414
0.904493872
0.904790127
0.904588885
0.904351239
0.904588703
0.904885604
0.905063189
0.905243047
0.905017019
0.904804159
0.904679069
0.904788113
0.904603492
0.904809533
0.905021201
0.904913449
0.904794996
0.904876112
0.904966978
0.904835598
0.904679891
0.904522787
0.904658618
0.904596913
0.904481762
0.904603221
0.904720723
0.904854281
0.904765054
0.904928285
0.904716987
0.904850088
0.905022011
0.904827476
0.905054285
0.90526052
0.905576439
0.905463237
0.905037158
0.905330289
0.905082747
0.904954186
0.90479445
0.904616436
0.904783767
0.904652898
0.90448098
0.904661437
0.904822284
0.904637985
0.904510294
0.904149268
0.904319606
0.904051601
0.903865288
0.904007487
0.903865611
0.903706128
0.903603833
0.903439386
0.903614522
0.903363808
0.903133052
0.902970186
0.90314309
0.903026029
0.902741985
0.90322988
0.903470791
0.903195486
0.903311724
0.903136741
0.90328513
0.903479383
0.903315982
0.903449864
0.903367967
0.903464477
0.903590418
0.903739288
0.903595757
0.903743335
0.903573979
0.903406261
0.903640787
0.903970896
0.903679428
0.903334906
0.903112249
0.902787444
0.902320769
0.901608661
0.903450581
0.904212165
0.903757948
0.904294392
0.905213903
0.904466033
0.904881093
0.905411364
0.905116947
0.905383495
0.90514387
0.905379501
0.905095304
0.905345078
0.905889603
0.906088027
0.905883548
0.905628194
0.905990242
0.905990242
0.906243857
0.906002094
0.905779714
0.905614216
0.905793663
0.905937059
0.906278257
0.906014745
0.905762951
0.905991933
0.906228704
0.906018669
0.905742888
0.905508338
0.905311999
0.905512191
0.905380552
0.905171915
0.905171915
0.904914847
0.90535239
0.905004262
0.905357829
0.905651993
0.905462567
0.905268267
0.905207272
0.905341131
0.905465451
0.905323247
0.905544999
0.905797275
0.905974901
0.905818125
0.905623478
0.905788882
0.906172238
0.906639335
0.907232956
0.906471582
0.906719488
0.906995522
0.90730545
0.90767296
0.908037134
0.9082346
0.908512935
0.90819075
0.907949351
0.908214748
0.908396644
0.908976104
0.908552263
0.908806665
0.908509453
0.908186474
0.908424807
0.908123935
0.908289357
0.908517241
0.908805919
0.908526039
0.908320091
0.908088501
0.90825128
0.90856058
0.908852342
0.908689234
0.908499732
0.908193633
0.907973009
0.907751245
0.908072021
0.908435467
0.908226665
0.908570928
0.908747574
0.908594375
0.90816856
0.908517658
0.908637954
0.908868188
0.909090909
0.908636286
0.908939208
0.908668366
0.908303717
0.908011679
0.907758898
0.907374855
0.907005964
0.90665867
0.906907123
0.906706861
0.906505254
0.906228404
0.906061826
0.905739476
0.905974349
0.906246641
0.906468493
0.906326929
0.906197276
0.906345371
0.90659145
0.906396845
0.906603191
0.906844866
0.90658304
0.906368482
0.906598727
0.906801362
0.906980298
0.906792
0.907018892
0.90687583
0.907059077
0.906851479
0.906361041
0.906100795
0.90628137
0.905958015
0.905958015
0.905459067
0.905043161
0.905314484
0.905113499
0.904797774
0.904209558
0.904512667
0.905067893
0.904694786
0.905085266
0.905551689
0.905874485
0.906386925
0.907045527
0.906481737
0.90616761
0.905985126
0.905422693
0.905819634
0.905474531
0.905001907
0.905398037
0.905048365
0.905326166
0.905663781
0.905887101
0.905617246
0.905083352
0.905462638
