0.647184737
0.629853979
0.609322673
0.629975529
0.585481588
0.624322624
0.594822885
0.548183747
0.525487534
0.483180675
0.44140026
0.489899609
0.444694435
0.496331092
0.460202761
0.500136927
0.539747507
0.571719314
0.585392068
0.558077769
0.590724672
0.576910657
0.552267177
0.567468343
0.582776275
0.601541818
0.626807011
0.603921903
0.590419976
0.605463455
0.646782307
0.682611691
0.655345026
0.674787308
0.674787308
0.674787308
0.650041988
0.677612528
0.635990621
0.614257775
0.590039721
0.616972123
0.594016383
0.576037631
0.552658109
0.581229796
0.600934889
0.625305702
0.656712465
0.627479644
0.640944613
0.616481815
0.598939166
0.613590071
0.624904915
0.643438034
0.668931545
0.680798293
0.694432447
0.710863076
0.69205729
0.709080888
0.729167878
0.696906979
0.722981959
0.699552338
0.678947938
0.666121107
0.654213295
0.666521073
0.684189379
0.698308091
0.71448905
0.749041335
0.729415906
0.698539694
0.724976039
0.735192826
0.725344796
0.74868654
0.721930714
0.742721546
0.761965898
0.744493879
0.762590896
0.751517509
0.759891332
0.77453813
0.753114909
0.768664299
0.78565176
0.767075934
0.767075934
0.751322044
0.73833342
0.732870232
0.71776762
0.73343774
0.704187671
0.727403758
0.700252894
0.673341846
0.655163522
0.670648031
0.645521635
0.620110253
0.593972034
0.565962106
0.584041876
0.598282959
0.618871755
0.645238291
0.607144625
0.586611677
0.571151806
0.584785139
0.605188324
0.63159264
0.614026173
0.605280308
0.614110765
0.596246993
0.575635202
0.562869967
0.570086599
0.587619394
0.571955844
0.571955844
0.548660914
0.567157897
0.526553562
0.440337518
0.379202698
0.314390164
0.344436879
0.308959827
0.283603471
0.208740872
0.174877645
0.212670721
0.248703783
0.278430197
0.249094715
0.220159198
0.197820244
0.226773007
0.244484841
0.274165263
0.251359819
0.215773536
0.187951682
0.227088381
0.251115897
0.230355453
0.218473921
0.24420889
0.272996575
0.296423732
0.272644243
0.257737098
0.270531898
0.291851638
0.3215066
0.301515699
0.292709881
0.270939255
0.23898141
0.213767958
0.238560912
0.201185049
0.165503497
0.204513718
0.233302224
0.257944883
0.237125306
0.26864787
0.226642423
0.261850915
0.300821713
0.266912495
0.225348078
0.250870333
0.292162905
0.228110881
0.156994984
0.19740878
0.156198337
0.077020706
0.113223774
0.061252032
-0.001743819
-0.088687522
-0.146800834
-0.088133976
-0.032233207
-0.120169022
-0.238142519
-0.306199129
-0.238622971
-0.200879172
-0.143406463
-0.193820226
-0.251336464
-0.308377998
-0.341436366
-0.277004908
-0.23196317
-0.183956593
-0.09592058
-0.041921086
0.001722004
-0.052305414
-0.113597099
-0.154258103
-0.113615989
-0.075651264
-0.120918034
-0.089432428
-0.111759063
-0.132439843
-0.156043576
-0.178495047
-0.21279684
-0.180180324
-0.154151335
-0.130310251
-0.142770788
-0.121029729
-0.141850127
-0.166955991
-0.142291158
-0.160552431
-0.20842596
-0.145549195
-0.107144262
-0.044855537
-0.079864457
-0.033706592
-0.006332339
0.028077864
0.092629229
0.060319052
0.034508526
0.018426942
0.000890042
0.009890505
-0.005466705
0.010671547
0.039305652
0.071868784
0.103816774
0.080306667
0.112945358
0.074949425
0.038209236
0.064170879
0.003045915
0.048246983
0.073542563
0.066043409
0.03973929
0.064744958
0.103584351
0.148223659
0.177416237
0.235612499
0.286294001
0.263020425
0.236091308
0.206175177
0.262360933
0.349171588
0.429030886
0.531349867
0.474126007
0.407941927
0.370253976
0.334285795
0.356412037
0.36808989
0.316180566
0.354530473
0.3702819
0.283201042
0.235198571
0.235198571
0.279421488
0.22336221
0.266902639
0.320079206
0.282148154
0.238234041
0.218087917
0.252623777
0.276522351
0.242591779
0.220188765
0.198681772
0.228461569
0.174066216
0.208832035
0.181835572
0.212801305
0.189380719
0.218064922
0.244906982
0.223471441
0.165113387
0.210850753
0.232632876
0.275879285
0.304435368
0.282315696
0.232664907
0.270781569
0.30377834
0.30377834
0.333555673
0.368257432
0.397514071
0.432200225
0.406005337
0.373806855
0.405622618
0.433477323
0.461107817
0.437890088
0.407624911
0.437914727
0.492215633
0.597506845
0.549533119
0.579559302
0.539483875
0.571698782
0.598645967
0.549465774
0.48894199
0.51563047
0.484198248
0.514879816
0.541881206
0.577188252
0.531557652
0.503171576
0.507117029
0.537272975
0.506997122
0.544590625
0.513461457
0.548637918
0.514316414
0.46748099
0.493809747
0.537509505
0.562672859
0.586144366
0.605981686
0.578480133
0.532327196
0.487629577
0.451287712
0.428504442
0.410273556
0.376987692
0.399037554
0.377073927
0.408210487
0.381136003
0.39649732
0.372770393
0.4028245
0.383408499
0.375750837
0.347061706
0.317038809
0.355420746
0.355420746
0.33868542
0.33868542
0.316127182
0.365142298
0.390726149
0.374977186
0.395387763
0.416541603
0.387846724
0.435115787
0.461660542
0.482299437
0.441587513
0.401065307
0.440104273
0.467491666
0.496172584
0.462051474
0.488022151
0.457964759
0.477873531
0.45813148
0.43143643
0.456262235
0.48554187
0.512227886
0.470770236
0.445600312
0.426379777
0.439886632
0.470374377
0.50265663
0.47396175
0.437217455
0.404570552
0.433749169
0.373334616
0.339725167
0.309967544
0.33816801
0.368598265
0.408460979
0.386273963
0.423450254
0.399516364
0.418251519
0.455923045
0.497957237
0.475162469
0.500736465
0.536686578
0.570183511
0.54167917
0.504321375
0.532048781
0.548743043
0.530856275
0.567155433
0.540258346
0.564070686
0.586058952
0.613920227
0.643941482
0.682516422
0.708726914
0.708726914
0.680111699
0.728620902
0.760753682
0.72192168
0.750674871
0.707022747
0.749139889
0.781680847
0.757029154
0.781661957
0.756806585
0.722681369
0.762754332
0.711489717
0.754115234
0.784332776
0.802627723
0.781363831
0.804273578
0.775007084
0.741376281
0.706528334
0.750613275
0.790886631
0.821656077
0.795737962
0.818361903
0.818361903
0.836255241
0.852450983
0.874924628
0.86335847
0.882764616
0.850274578
0.885180015
0.864221641
0.833172958
0.805683725
0.827058491
0.806552644
0.827643246
0.847330271
0.863821675
0.878714038
0.861876872
0.839741596
0.8131837
0.787942324
0.767363384
0.786810593
0.811137058
0.819969158
0.812189945
0.786908326
0.806466409
0.831119745
0.853645953
0.874532054
0.894608368
0.871733114
0.85032714
0.871973751
0.858888216
0.840611337
0.849721853
0.865235928
0.839515743
0.810203257
0.781665242
0.74582354
0.718753162
0.699183581
0.7271237
0.749007662
0.749007662
0.725362865
0.691783802
0.660779469
0.697075342
0.73141245
0.75307713
0.820534202
0.792247501
0.81613622
0.835352649
0.822789451
0.806352251
0.775686287
0.797392852
0.820245931
0.773224074
0.790884168
0.821059824
0.798897446
0.826262665
0.860792776
0.838431647
0.872492803
0.844059092
0.82478271
0.806123934
0.818585292
0.836666705
0.854696376
0.84002494
0.828967157
0.842653052
0.869800631
0.85432187
0.83344891
0.852657947
0.869505789
0.89321629
0.859840085
0.87520058
0.860997276
0.848241897
0.871341361
0.909090909
0.88480633
0.863589251
0.880421489
0.903118524
0.882565043
0.855393648
0.81983036
0.796382671
0.830704175
0.802221187
0.78735182
0.748108355
0.710126384
0.738675075
0.70377128
0.675870583
0.622009064
0.671959623
0.614970651
0.575911975
0.615249066
0.601175525
0.586471237
0.567891304
0.541541194
0.513275025
0.483673446
0.425969956
0.375940554
0.407615056
0.385943806
0.423142272
0.377721921
0.419356147
0.383091483
0.422292242
0.392973185
0.409740542
0.370708147
0.347484668
0.363475089
0.3902342
0.411515339
0.427178067
0.447891698
0.463455871
0.428978323
0.406450474
0.377785981
0.403929128
0.377378624
0.394955767
0.375221108
0.39125095
0.371880942
0.340142379
0.314131459
0.3406409
0.316206026
0.305515358
0.336910623
0.356605039
0.377030399
0.360717213
0.37842412
0.392010639
0.374173148
0.35211261
0.365708984
0.416463581
0.449232856
0.473153606
0.488822083
0.500972174
0.480291394
0.501510116
0.468730986
0.49692406
0.527672974
0.509414985
0.487588512
0.50049665
0.487415221
0.49859209
0.477005433
0.454916149
0.472993455
0.489686896
0.503512409
0.524612044
0.550121159
0.531098554
0.508477077
0.476910985
0.455478729
0.425828695
0.403806757
0.430199574
0.412036855
0.434119568
0.461020761
0.445724326
0.426452051
0.420988862
0.406254186
0.42022671
0.406425014
0.423659681
0.400407458
0.423699103
0.400565966
0.380110218
0.399956572
0.425902611
0.462821839
0.503105873
0.54920789
0.575074264
0.599423724
0.628706644
0.660923194
0.691171945
0.714984285
0.73891489
0.771404928
0.734746868
0.708242356
0.719666431
0.685278403
0.712421875
0.729703356
0.749316465
0.722609096
0.749915182
0.715655275
0.748491074
0.775497391
0.802189157
0.763892633
0.726138979
0.726138979
0.750780817
0.718315417
0.745594401
0.772020892
0.79039386
0.765131131
0.744483203
0.763753015
0.741647305
0.712246942
0.69643474
0.718824614
0.744817466
0.721121748
0.692329136
0.70981758
0.702767669
0.684788917
0.714221311
0.677150966
0.698714627
0.720575594
0.739932462
0.751628383
0.735230605
0.710353058
0.729665577
0.747215618
0.770439097
0.754418288
0.734101338
0.715816247
0.739809269
0.721679401
0.742727295
0.729099712
0.717135231
0.692278216
0.673093818
0.695106722
0.72374329
0.76569289
0.799400073
0.826407212
0.801876247
0.779083943
0.755815294
0.778756251
0.818958977
0.791978941
0.814917433
0.827207143
0.848112134
0.825976037
0.789648955
0.805419271
0.819930557
0.797638416
0.779083943
0.74846315
0.766562631
0.784727814
0.764378013
0.748008158
0.728441041
0.747466931
0.723020559
0.705161715
0.735491774
0.764041286
0.783815367
0.763867995
0.787746037
0.811919742
0.793187872
0.786817985
0.749897935
0.776648012
0.747623797
0.769763179
0.791560085
0.771248884
0.790877597
0.808070379
0.785492431
0.763908238
0.715758757
0.7477667
