0.901133748
0.901325761
0.901325761
0.901465643
0.901465643
0.901682683
0.90136664
0.90155635
0.901400522
0.901099072
0.900866872
0.900558299
0.90026402
0.90026402
0.89987394
0.900360121
0.900057288
0.900303933
0.90003822
0.899813663
0.899396518
0.899013145
0.898628828
0.898450693
0.898691181
0.899154143
0.899659014
0.899368455
0.899641606
0.899741127
0.899433356
0.89958813
0.899347406
0.899608668
0.899973335
0.900320012
0.900696223
0.900445529
0.900202092
0.900409579
0.900192012
0.900457433
0.900311308
0.900115128
0.899946373
0.900268133
0.899897725
0.900255733
0.899993653
0.89960362
0.90002847
0.899722287
0.900051611
0.899660603
0.900067187
0.899885381
0.899722626
0.899544436
0.899779089
0.900348704
0.900649627
0.901059286
0.900749573
0.900916597
0.901046131
0.900905133
0.900745335
0.90058736
0.900474535
0.900618914
0.900906312
0.901153704
0.901390968
0.901204452
0.901079108
0.901223409
0.901376823
0.901563576
0.901473631
0.90184812
0.902505233
0.902701131
0.902195261
0.90186173
0.902043718
0.901933857
0.902037915
0.901819388
0.901621934
0.901828305
0.90202513
0.902305562
0.902116694
0.901807775
0.901526352
0.901613191
0.901886695
0.902177781
0.901808294
0.902171459
0.901898773
0.901667461
0.901347533
0.901502543
0.901223448
0.900970623
0.900461184
0.900145361
0.900447589
0.900647606
0.900863774
0.901121498
0.900688666
0.900306056
0.899847638
0.899847638
0.899496542
0.89988656
0.899351652
0.899678884
0.900015292
0.899615359
0.899197295
0.898909165
0.899054331
0.898623151
0.898980726
0.899331114
0.899100046
0.898879239
0.89844062
0.899157964
0.899740647
0.90023742
0.899815644
0.900323802
0.900836906
0.900401763
0.899982181
0.899797418
0.900254121
0.900689689
0.901063713
0.900813915
0.900500781
0.901041185
0.901514314
0.901179825
0.900938629
0.900617389
0.900298893
0.899891341
0.900148852
0.899988747
0.899810801
0.899640827
0.899865747
0.89951458
0.899714031
0.899612607
0.899452738
0.899576029
0.899819521
0.899636692
0.899550797
0.899786292
0.90005809
0.899754125
0.900021543
0.900373394
0.900049606
0.900369816
0.900681912
0.901060292
0.900660949
0.901137632
0.900575
0.901179212
0.901925522
0.901521076
0.901123998
0.900819474
0.901160081
0.90079112
0.900392257
0.900925097
0.901351378
0.901011102
0.900505814
0.8998423
0.899355214
0.898377929
0.897743539
0.896960304
0.897614666
0.898247884
0.897711828
0.897035324
0.896432434
0.896924198
0.896469555
0.895913912
0.895233831
0.894562367
0.894562367
0.895471496
0.896104117
0.896782059
0.896186308
0.897325805
0.8981731
0.897495181
0.897082054
0.89757988
0.897884758
0.897605419
0.897215496
0.897684253
0.897354654
0.897106311
0.896681437
0.896335892
0.89588945
0.896333824
0.896683096
0.897199385
0.89705694
0.897343434
0.897102537
0.897412989
0.897744349
0.898014905
0.898501307
0.899018649
0.898620642
0.898921919
0.898600049
0.89892188
0.898651512
0.8989207
0.899386839
0.89911059
0.898794838
0.898592053
0.898317841
0.898198112
0.898198112
0.898483411
0.89866528
0.898947308
0.899367464
0.899121362
0.899357376
0.899107932
0.89883464
0.898435651
0.897503232
0.898152294
0.897615617
0.897790277
0.897244675
0.897851466
0.897254834
0.897598382
0.897287544
0.896978106
0.897555757
0.897259568
0.896987848
0.89672455
0.896974119
0.897468651
0.897829725
0.898466262
0.898182394
0.89759651
0.89724819
0.897004942
0.89722788
0.896554286
0.895981596
0.895633748
0.895283194
0.894820389
0.894395775
0.894712683
0.894329506
0.893937633
0.893558726
0.894031957
0.893319268
0.893813729
0.893504283
0.893885856
0.894266949
0.894747351
0.895101647
0.895589369
0.896044099
0.896570876
0.895980079
0.895713077
0.8964387
0.895959643
0.896527756
0.896927531
0.896556833
0.896119567
0.895487678
0.895962088
0.896677922
0.897338622
0.897840002
0.898322975
0.897761561
0.898503414
0.898503414
0.897994336
0.897349661
0.897349661
0.89799075
0.897586422
0.897188526
0.896460331
0.89704866
0.89749485
0.897161533
0.897652565
0.898397901
0.899040185
0.89958092
0.900214122
0.899346014
0.898474848
0.899287278
0.898677893
0.898089021
0.897560553
0.898051358
0.897587083
0.898112146
0.897649302
0.898402839
0.89803082
0.898428291
0.898560758
0.899301424
0.899886702
0.900426453
0.899397186
0.899938896
0.899467277
0.898918538
0.899241744
0.89885841
0.899128014
0.898883076
0.899192994
0.899573151
0.899168233
0.898829058
0.898405245
0.898117005
0.898501448
0.898107295
0.897518534
0.897518534
0.897851851
0.89834588
0.89874137
0.898251973
0.898703581
0.898316929
0.898177031
0.898458399
0.897985521
0.897153607
0.896739977
0.896739977
0.896193998
0.896681005
0.897074513
0.896712944
0.897278014
0.897666239
0.898198576
0.899121928
0.899473583
0.899223746
0.898931095
0.898652063
0.898974042
0.89863327
0.898941954
0.899371514
0.899897309
0.899493421
0.900057595
0.900341533
0.899601308
0.899193143
0.898780803
0.898341201
0.898061391
0.89847462
0.898760752
0.899048811
0.898595756
0.898948323
0.899427828
0.899970835
0.899610421
0.89927984
0.89886014
0.898330932
0.897923561
0.897690449
0.898003889
0.898432852
0.898813929
0.899146052
0.899453973
0.899722272
0.900110559
0.900494059
0.901059868
0.901462663
0.901154034
0.901495176
0.901196361
0.900809441
0.901040596
0.901288876
0.902087625
0.90294868
0.903690784
0.904534768
0.904991393
0.904303448
0.903557476
0.904169362
0.904489037
0.904922002
0.905493355
0.905138202
0.904662061
0.905069102
0.904183436
0.90371707
0.904111137
0.903602412
0.903273851
0.902885108
0.902184457
0.902626598
0.901927826
0.902596727
0.903205475
0.903588094
0.903282076
0.903773879
0.90422809
0.904627684
0.90417923
0.904626859
0.904996755
0.905299754
0.90499788
0.904728495
0.90519222
0.905456423
0.905795929
0.905558885
0.905821727
0.906342419
0.906894185
0.90733344
0.907025197
0.906581727
0.906920997
0.906633143
0.906334391
0.906590085
0.906321157
0.905940677
0.906183564
0.905824007
0.905303944
0.905014691
0.904703806
0.90499015
0.904674776
0.904890747
0.905077091
0.905397175
0.905821208
0.906128877
0.90574927
0.905392434
0.905043398
0.904558436
0.904224512
0.904577566
0.904216311
0.903632716
0.903802099
0.90342272
0.902944048
0.902161607
0.90260963
0.903035353
0.902636537
0.903086674
0.902640869
0.902993223
0.903351411
0.903072733
0.902657452
0.901949253
0.901532061
0.902230848
0.902608364
0.9029553
0.90265117
0.902986948
0.903392244
0.903156025
0.902878825
0.902616989
0.902309265
0.90201851
0.90254756
0.90284676
0.903182744
0.903182744
0.902966002
0.903299634
0.903049451
0.903501633
0.903909523
0.904133876
0.903899781
0.904108345
0.904343337
0.904065799
0.903677299
0.903305012
0.903661998
0.903444469
0.903108565
0.903408992
0.903720954
0.904077963
0.904426275
0.904853154
0.905207089
0.905428423
0.90514645
0.904824675
0.905319812
0.905696242
0.905387425
0.905140844
0.905527802
0.905161437
0.904732521
0.904356555
0.904636609
0.904190206
0.90448314
0.904209832
0.90382248
0.904178616
0.904584839
0.904065822
0.904404912
0.903884849
0.903423554
0.902819035
0.902186085
0.902521423
0.902245851
0.901862808
0.901654479
0.901343751
0.900964254
0.900506899
0.89930118
0.89865818
0.899205433
0.898733704
0.896895757
0.898558785
0.899362865
0.898817059
0.899252642
0.89879704
0.899151776
0.898819009
0.898485864
0.898762419
0.898510923
0.898765784
0.899026803
0.898782493
0.899010511
0.899489191
0.899155102
0.89951539
0.899778594
0.899466939
0.899844234
0.899383552
0.899726313
0.899510114
0.898982833
0.898290588
0.899244873
0.899553659
0.899382027
0.899829098
0.900575291
0.901604408
0.902077835
0.902538384
0.902193649
0.901843874
0.901448855
0.901727321
0.902220375
0.901833557
0.902365957
0.902680082
0.902924981
0.902569875
0.90325649
0.903646421
0.904175542
0.904630727
0.903952061
0.903316264
0.903773329
0.904131517
0.904375339
0.904097188
0.90374665
0.903988428
0.904202527
0.90447865
0.90476542
0.904362302
0.904061034
0.903828582
0.903627715
0.903294138
0.902863422
0.902395341
0.903028693
0.902660511
0.903771733
0.904524955
0.904185858
0.903897383
0.903833984
0.903472634
0.903248313
0.903039308
0.903537417
0.904010389
0.904367036
0.90417139
0.903881319
0.904208881
0.903857753
0.904308198
0.905072294
0.904424538
0.90468554
0.905058401
0.90568779
0.906426442
0.906949642
0.907248748
0.907850743
0.907320144
0.907671617
0.908145752
0.907964464
0.90855961
0.908026621
0.908440243
0.90880815
0.908410096
0.908695097
0.90833164
0.908689994
0.909090909
0.90862536
0.907906821
0.907486634
0.907849492
0.90836203
0.907624943
0.908264168
0.908547784
0.908755224
0.908187678
0.908632618
0.908307949
0.908307949
0.907839593
0.907593562
0.907922335
0.908304639
0.908051059
0.907469099
0.908180263
0.908007475
0.907644309
0.907058992
0.906352538
0.906911931
0.907299936
0.90679832
0.90645607
0.906775596
0.906332157
0.905725886
0.905725886
0.906189634
0.906659264
0.906148424
0.905611613
0.905989829
0.90553955
0.905935905
0.906498584
0.906170865
0.905977044
0.905765554
0.906050358
0.906412234
0.906770792
0.907224963
0.907659752
0.907048707
0.906502359
0.906878097
0.907313963
0.907754264
0.907442444
0.907840655
0.907595008
0.906872404
0.906311706
0.90536857
0.905843893
0.906095145
0.905734409
0.906320009
0.905559797
0.904975785
0.905516433
0.904913353
0.904539053
0.903745809
0.904208794
0.904781028
0.904281291
0.903652303
0.904225904
0.904615953
0.905262813
0.906008189
0.906755372
0.906372015
0.906100059
0.905304314
0.905990057
0.905073096
0.904330292
0.905106695
0.904707997
0.905246081
0.905642012
0.905974748
0.905744639
0.904878835
0.905659703
