0.489029605
0.47872674
0.470404698
0.479207365
0.488975718
0.479609176
0.473271831
0.467298382
0.457504618
0.443901428
0.430441991
0.441057448
0.430245401
0.446169433
0.435050522
0.44596397
0.457388536
0.447817982
0.454709765
0.44110835
0.449405707
0.443738639
0.454253583
0.463510576
0.471317547
0.482454448
0.492241516
0.485094417
0.479643864
0.486267826
0.49513656
0.505078029
0.497125854
0.503166016
0.498141233
0.509219084
0.520586214
0.526033621
0.517188361
0.507297149
0.495558459
0.504776731
0.496432586
0.487431636
0.480598177
0.487701312
0.481395185
0.471319886
0.46223262
0.448908706
0.457825277
0.443512363
0.443512363
0.452254286
0.462061602
0.469917216
0.464901388
0.458507574
0.465015131
0.473688243
0.483533555
0.492872589
0.501741888
0.495744884
0.502379656
0.511071241
0.518488743
0.512823772
0.534712461
0.549847875
0.534293305
0.547052457
0.557911937
0.567782256
0.55958146
0.544894403
0.554620971
0.569899007
0.551044517
0.581541298
0.603202339
0.62112938
0.63940733
0.618463112
0.632775704
0.646446494
0.664110393
0.687348349
0.66797185
0.687156599
0.702804583
0.728337083
0.750204153
0.777744178
0.756447922
0.763425537
0.741969233
0.760521377
0.73661629
0.717815848
0.733425191
0.711879023
0.679847758
0.699449888
0.723544063
0.713258299
0.695284793
0.677335407
0.656131517
0.67451111
0.652264897
0.669130497
0.653411686
0.631649083
0.616338779
0.626999088
0.614207991
0.634791135
0.620393922
0.632883478
0.646484409
0.631756937
0.61469507
0.601114064
0.608578838
0.594131529
0.573537899
0.549742602
0.566503735
0.577000287
0.56016042
0.5428171
0.516390385
0.529375893
0.545384386
0.531004113
0.509946234
0.486277264
0.486277264
0.49937708
0.483586312
0.506217154
0.492724804
0.481171409
0.465151865
0.445987283
0.461364058
0.479314332
0.466206771
0.453719797
0.470319673
0.493983157
0.480990227
0.469853649
0.455352534
0.472532985
0.490219793
0.505622947
0.4939546
0.483113109
0.495351462
0.506617272
0.518688802
0.506529746
0.500084062
0.484646221
0.468901192
0.452565667
0.470452373
0.450891385
0.429413705
0.47272417
0.5026286
0.5254787
0.496575128
0.52443904
0.496142985
0.529173656
0.557626692
0.534491428
0.510896432
0.527759208
0.54386281
0.527967657
0.502529781
0.520096957
0.500243222
0.479649591
0.459320716
0.429976209
0.403068223
0.360213214
0.325366849
0.286124272
0.318062364
0.355799257
0.313110345
0.269781407
0.300617239
0.329861395
0.304465063
0.277927671
0.249142844
0.216515194
0.190738509
0.231415458
0.269804155
0.302267563
0.32949903
0.313221103
0.345396846
0.322639435
0.296910747
0.319603543
0.341961482
0.321113744
0.274578058
0.306285437
0.284612376
0.262016625
0.235707687
0.214633351
0.180708869
0.213760111
0.247116119
0.278849635
0.2650359
0.287338742
0.266722766
0.245007919
0.275756468
0.256761695
0.227565295
0.262214506
0.234603008
0.274315238
0.314316102
0.343920606
0.371411504
0.392246496
0.424676507
0.400058307
0.380833143
0.36516112
0.353838197
0.361984057
0.373564959
0.386656225
0.400629362
0.421970147
0.44153412
0.424911414
0.444271134
0.42930819
0.408695199
0.429321662
0.406447603
0.433570248
0.453442215
0.443135558
0.428986724
0.446131761
0.426045699
0.406637256
0.42638588
0.441039459
0.468603201
0.456024909
0.456024909
0.441499836
0.457513088
0.484649689
0.506504416
0.530882303
0.556920759
0.530256394
0.551363965
0.533404899
0.551046372
0.563978962
0.544091184
0.520575889
0.537177136
0.517223533
0.530941353
0.54868221
0.525699006
0.503750462
0.479566341
0.510478083
0.490703
0.464675112
0.486177235
0.513667488
0.533757261
0.558058674
0.578230003
0.553976346
0.571825702
0.593489244
0.617938362
0.595463372
0.61989563
0.600229772
0.618270153
0.599910727
0.584519593
0.570941652
0.552737433
0.573474654
0.596260058
0.577190746
0.564563004
0.549172676
0.530525102
0.551052664
0.551052664
0.535200991
0.514963595
0.492844274
0.510199292
0.497305585
0.480816305
0.46528634
0.479733245
0.49589267
0.48039594
0.49682254
0.515124932
0.496807535
0.527407815
0.548042586
0.575412724
0.556815405
0.572438543
0.557987443
0.539391658
0.52227663
0.53619943
0.521257621
0.543674287
0.558985962
0.57838521
0.564418365
0.576264667
0.580634822
0.597516959
0.597516959
0.61449243
0.591380318
0.608223975
0.588922015
0.566080305
0.580432908
0.56416329
0.550949489
0.538090389
0.554276353
0.567932381
0.54832525
0.53496568
0.518468818
0.507393226
0.517093091
0.501087502
0.516649735
0.502971927
0.517933499
0.517933499
0.529573532
0.514874859
0.500328005
0.487331606
0.482569965
0.466817515
0.450656155
0.43321103
0.43321103
0.443489049
0.453937199
0.439526353
0.45606113
0.468640309
0.480757417
0.500444168
0.485135477
0.47188481
0.491163942
0.499394101
0.490236573
0.471587868
0.457310932
0.468701779
0.479852796
0.492486104
0.479216238
0.48982621
0.477731205
0.488104011
0.496483972
0.484207705
0.498249168
0.513320209
0.50019353
0.481435358
0.493968475
0.509725927
0.520703587
0.536119084
0.517458118
0.506381396
0.494581962
0.478485056
0.461094705
0.432842051
0.452058744
0.472087531
0.486583564
0.498423655
0.509165762
0.521105641
0.533979503
0.524958628
0.53573389
0.546670006
0.569414671
0.552735336
0.561856322
0.546504231
0.559924464
0.543365083
0.530206782
0.538932975
0.548624048
0.539114238
0.554501903
0.542844366
0.558314152
0.568552241
0.579337102
0.589544778
0.603967322
0.613575306
0.613575306
0.621356543
0.638836275
0.65435535
0.642943691
0.660738838
0.643873077
0.658696625
0.66866657
0.656103525
0.669112427
0.655908468
0.63557443
0.649705113
0.63333482
0.644262062
0.654036305
0.664723799
0.653399989
0.665097699
0.681297055
0.699254346
0.683117267
0.69646635
0.714163968
0.742350716
0.725911936
0.743161438
0.743161438
0.754980556
0.767833848
0.780612279
0.772057831
0.783694797
0.770656532
0.782679661
0.770859253
0.760427478
0.745329737
0.745329737
0.731074017
0.731074017
0.744511432
0.758409386
0.768617707
0.7780049
0.76449327
0.75039679
0.737363041
0.720499216
0.732606725
0.741483929
0.748824715
0.753018286
0.741804185
0.752536047
0.735275815
0.75037751
0.741532492
0.729735317
0.717378703
0.705370175
0.686632251
0.670439268
0.687516059
0.706205743
0.692576014
0.677444552
0.657637927
0.672985258
0.656624646
0.672684686
0.683832477
0.670839386
0.683640969
0.671307023
0.658326436
0.638739795
0.61531856
0.630391294
0.644995746
0.662670212
0.6821202
0.697549813
0.710958914
0.724686979
0.715095936
0.731082487
0.717419199
0.706479695
0.721524518
0.735887043
0.749567917
0.763368826
0.779468395
0.790817616
0.813594468
0.800766425
0.856183189
0.882155658
0.897845428
0.909090909
0.89308653
0.903418194
0.895110834
0.885380799
0.865773022
0.876654606
0.862773916
0.877845682
0.863568262
0.840319255
0.85589867
0.84592324
0.859275307
0.870344607
0.880121915
0.89093977
0.87877539
0.889707715
0.87597965
0.851872729
0.836011941
0.850030494
0.815013111
0.775574589
0.794932131
0.812807382
0.796775818
0.806708413
0.795567882
0.776998153
0.791019127
0.80064518
0.787990011
0.764717529
0.733040159
0.709266158
0.683439216
0.663638238
0.680569099
0.666585475
0.678992991
0.69199915
0.711577644
0.69017555
0.675913941
0.655563447
0.634880516
0.657894535
0.645797352
0.626259758
0.642771786
0.657560727
0.673937554
0.685449484
0.664485342
0.675665481
0.687909401
0.701181041
0.714185507
0.697942832
0.712374168
0.703005368
0.690677149
0.680506581
0.700219549
0.687653922
0.67767825
0.6585127
0.64271919
0.623263474
0.60565435
0.614316572
0.608444766
0.595303083
0.609832271
0.594801807
0.602939923
0.59738676
0.610210123
0.623565176
0.632033873
0.624479235
0.63469772
0.63469772
0.628313587
0.620403118
0.630461476
0.64339705
0.633997676
0.644793347
0.634498226
0.640682462
0.649039272
0.639909735
0.631581321
0.642010756
0.656321573
0.675697023
0.692552539
0.701527111
0.692494861
0.684206216
0.670944578
0.657314848
0.668253788
0.678211713
0.665875186
0.678416531
0.661912812
0.640643822
0.640643822
0.63221796
0.619519148
0.602182927
0.584418111
0.596420669
0.57861923
0.591430332
0.607047178
0.628635294
0.665896402
0.681736378
0.655649359
0.639360864
0.625917157
0.645415788
0.613796177
0.580779462
0.564399408
0.578929886
0.600588345
0.577504709
0.542321228
0.586919491
0.517646076
0.564424254
0.592363348
0.654755629
0.626217084
0.644311996
0.624143894
0.589958206
0.535450903
0.487687114
0.514042356
0.502475813
0.478149312
0.51072856
0.489197154
0.511785968
0.48617667
0.461272096
0.425229734
0.448412512
0.46587498
0.503638009
0.549417668
0.579021284
0.55354146
0.571395576
0.600668933
0.626850012
0.613328862
0.633537702
0.616792702
0.633918137
0.611850444
0.578352297
0.552390557
0.565977291
0.585854097
0.572558659
0.557029985
0.534790145
0.554128487
0.546951943
0.533175235
0.548225705
0.52534971
0.543361776
0.558737906
0.571514643
0.585921779
0.564100852
0.546761726
0.563977752
0.575358191
0.588988325
0.576351871
0.557363873
0.544737745
0.559054128
0.53338449
0.546306512
0.555645142
0.565677928
0.575394654
0.592800816
0.609172803
0.633066435
0.614723546
0.589767344
0.609375362
0.589749597
0.575669815
0.587258865
0.605966054
0.637583003
0.611909252
0.628220737
0.612660682
0.630520283
0.61226363
0.594930957
0.580308033
0.571623465
0.55436283
0.569328598
0.546711308
0.574096127
0.597314642
0.624061773
0.646358162
0.624011275
0.604752633
0.579534741
0.553220962
0.568232146
0.583965962
0.598694644
0.6212332
0.640749821
0.625306897
0.638834258
0.656746133
0.686279728
0.736796262
0.696128347
0.718071084
0.694764963
0.673349075
0.694168417
0.708128405
0.725084838
0.712271638
0.693918505
0.710700773
