0.000000
0.000000
-0.018928
0.000061
-0.011920
-0.002826
0.004671
-0.038042
-0.034647
-0.032484
-0.042007
0.003359
0.001647
0.003216
0.007754
0.001903
0.039741
0.035768
0.022816
-0.006821
0.002666
0.009416
-0.019225
-0.004721
0.015253
0.017034
0.022010
0.001190
-0.018191
0.000771
0.028170
0.038545
0.004281
-0.003912
0.009721
0.000000
-0.012372
0.001413
-0.007026
-0.031661
-0.022969
0.001357
0.001988
-0.020463
-0.020675
0.002596
0.024131
0.022033
0.027878
0.001087
-0.007884
-0.005499
-0.020998
-0.001446
0.012982
0.014922
0.022008
0.018677
0.012749
0.015031
-0.001188
-0.000891
0.018552
-0.006087
-0.003093
0.001323
-0.022012
-0.016713
-0.012366
0.000200
0.014986
0.015892
0.015148
0.025358
0.007463
-0.025243
-0.002220
0.018323
0.000184
0.006747
-0.001707
-0.002982
0.020014
0.000886
0.000312
0.003512
-0.001350
0.011510
-0.003388
-0.002937
0.016266
-0.000794
-0.009288
-0.007877
-0.014370
-0.009226
-0.010282
0.000284
-0.006790
-0.003017
-0.001967
-0.027021
-0.022539
-0.001347
-0.004821
-0.025261
-0.025766
-0.027064
-0.004965
0.016158
0.017412
0.023471
-0.005863
-0.029301
-0.017993
-0.000913
0.017016
0.023397
0.004419
-0.013155
0.000042
-0.004517
-0.019234
-0.016686
-0.002774
0.012374
0.000935
-0.007832
-0.011647
-0.002399
-0.011053
-0.063283
-0.073476
-0.062849
-0.017380
-0.002715
-0.030403
-0.050047
-0.054283
0.001965
0.036888
0.032862
0.000195
-0.029123
-0.025629
0.003307
0.023326
0.023689
0.003437
-0.029183
-0.031688
0.005657
0.031566
0.001634
-0.016319
0.006927
0.027251
0.026099
-0.000176
-0.019340
-0.001056
0.017055
0.025479
0.004832
-0.014397
-0.015286
-0.026855
-0.028574
-0.000210
-0.006291
-0.036504
0.001664
0.033880
0.026706
0.001912
0.005351
-0.005241
-0.003398
0.037064
0.002531
-0.037710
-0.008021
0.033389
-0.011379
-0.067430
-0.015349
-0.000398
-0.060085
-0.021482
-0.007884
-0.057389
-0.074760
-0.072338
0.000277
0.057190
-0.016015
-0.102413
-0.092615
-0.000240
0.052587
0.047554
0.003529
-0.053887
-0.057185
-0.045004
0.015685
0.054655
0.046474
0.067864
0.070839
0.048763
-0.005192
-0.057564
-0.050910
-0.000009
0.039273
-0.003651
-0.006890
0.004579
-0.021499
-0.022137
-0.023021
-0.028365
-0.000843
0.029310
0.024927
0.005690
0.004640
0.000460
-0.022957
-0.000221
0.003202
-0.033049
0.007501
0.050576
0.050283
0.013639
0.005574
0.036741
0.030877
0.049420
0.016118
-0.029048
-0.020941
-0.016807
-0.004268
-0.003178
0.000391
0.022381
0.030584
0.032239
0.004219
0.004564
-0.002679
-0.037342
-0.005389
-0.017579
-0.007962
0.035226
0.008898
-0.016899
-0.000649
0.031906
0.041703
0.036891
0.043653
0.054358
0.013703
-0.025093
-0.028411
0.013134
0.071316
0.083047
0.090714
0.022542
-0.061587
-0.051866
-0.036803
-0.006921
0.016900
-0.020112
-0.006780
0.027041
-0.035642
-0.067388
-0.023994
0.022106
-0.005918
-0.006259
0.048302
0.007623
-0.040888
-0.032014
0.007195
0.029205
-0.005016
-0.028156
-0.021950
0.004136
-0.012307
-0.009814
0.003885
0.001985
0.003773
0.002632
0.027752
0.002703
-0.039865
-0.006310
0.033741
0.032497
0.035878
0.003218
-0.035862
-0.005767
0.035534
0.016496
0.014887
0.032223
0.031963
0.031955
0.004246
-0.029184
-0.000191
0.029822
0.027732
0.002206
-0.026732
0.000012
0.042258
0.079543
0.028647
-0.008973
-0.005025
-0.003930
0.029568
-0.011116
-0.054770
-0.016915
-0.002372
-0.000375
0.028829
0.031139
-0.005162
-0.036983
-0.012219
0.017048
-0.000060
0.003659
0.003232
0.002024
0.000427
-0.040545
-0.010253
0.034993
0.034411
0.024310
0.021649
-0.003832
-0.036802
-0.045378
-0.040487
-0.029550
-0.020503
-0.025750
-0.005618
0.000043
0.004586
0.002031
-0.005856
-0.004183
0.003164
0.005319
-0.013536
-0.018170
-0.029343
0.004179
0.019187
-0.008367
-0.008367
-0.011278
0.013227
0.037274
0.004917
0.002331
0.020778
-0.003770
0.009287
0.036882
0.023585
-0.010036
-0.040584
-0.000742
0.033195
0.028023
-0.002720
-0.004075
-0.002043
-0.005074
0.000083
-0.023212
-0.000935
0.027043
0.027972
-0.007386
-0.033295
-0.022190
-0.002857
0.021992
0.031370
0.001794
-0.032702
-0.034675
-0.001734
-0.015616
-0.046960
-0.031668
-0.000779
0.029303
0.035125
0.008838
0.007494
0.006621
-0.002599
0.028192
0.039821
0.009619
0.001390
0.030748
0.034703
0.002496
-0.032913
-0.004815
0.022205
-0.000596
0.009206
0.004701
-0.001542
0.022894
0.024917
0.028929
0.034278
0.032376
0.013104
-0.014306
0.009947
0.040288
-0.003350
-0.005039
-0.007449
-0.000767
0.037303
0.003945
-0.000009
-0.000111
-0.029477
0.002974
-0.005596
-0.004320
0.036397
0.024249
-0.001484
0.000823
-0.003178
-0.031433
-0.034219
0.004618
0.042142
0.035499
0.002426
-0.001647
0.011311
0.008946
0.017042
0.019331
0.005454
0.003920
-0.006542
0.001208
0.006973
-0.025995
-0.029256
-0.003057
0.000434
0.000292
0.020385
0.018086
0.015690
-0.000972
-0.019483
-0.024339
-0.025891
-0.022904
-0.000566
0.021882
0.016577
0.000526
-0.016528
-0.002862
0.022100
0.023583
0.021701
0.020477
-0.001399
-0.022135
0.000120
0.004280
-0.015679
-0.004583
0.012311
-0.005103
-0.027506
-0.028913
-0.032173
-0.031440
-0.023314
0.004185
0.024904
0.010941
-0.011822
-0.028600
-0.032275
0.002646
0.035294
0.027990
0.044517
0.019581
-0.002199
0.021548
0.003327
-0.014499
-0.023545
-0.004480
0.022274
-0.012084
-0.014679
0.023911
0.004007
0.002601
0.030933
0.006084
0.005850
0.002814
-0.023848
-0.018964
-0.003099
0.015270
0.018053
0.001679
-0.012864
0.001314
0.020412
0.005834
-0.018173
-0.000832
0.018026
0.020275
-0.004833
-0.009007
0.000579
-0.013478
0.005172
0.030410
0.006732
-0.022745
-0.002192
0.019761
0.001072
-0.023856
-0.031352
-0.029493
0.005437
0.002919
-0.021671
-0.027047
-0.038584
-0.004717
-0.003178
-0.031387
-0.040847
-0.001955
-0.003519
-0.047969
0.000139
0.012631
-0.014387
-0.016640
-0.022459
-0.027298
-0.028922
-0.043611
-0.053788
-0.009177
0.005002
0.007763
-0.004111
-0.001893
0.002685
0.001468
0.004941
-0.006276
-0.011132
-0.031113
-0.003617
0.021370
0.024013
0.018469
0.018185
0.018136
-0.009456
-0.028491
-0.025588
-0.001261
-0.000204
-0.004487
-0.001079
-0.001852
-0.001670
-0.025546
-0.028863
0.000249
0.001037
-0.017560
0.010352
0.025537
0.020056
0.002056
0.000697
0.015645
-0.002125
-0.019945
-0.004232
0.032159
0.041726
0.028334
0.019791
0.013908
-0.004265
0.000269
-0.005780
-0.002293
0.029458
0.006245
-0.020038
-0.004459
-0.000087
-0.000952
-0.005205
-0.021833
-0.002006
0.017383
0.015258
0.017460
0.023298
0.003243
-0.020818
-0.027084
-0.026490
-0.025533
-0.025827
0.002185
0.004115
0.001960
0.024485
0.005802
-0.017282
-0.012367
-0.010098
-0.000381
0.000085
0.001716
-0.003009
0.000020
0.000079
-0.021789
-0.000305
0.022890
0.031417
0.038573
0.043153
0.035961
0.025100
0.026807
0.030735
0.031217
0.027021
0.023865
0.028199
-0.002084
-0.031566
-0.007540
-0.011481
-0.003622
0.022207
0.018444
-0.003547
0.000299
-0.003477
-0.000712
0.029908
0.026839
-0.005802
-0.037998
-0.018873
0.012320
-0.003912
-0.002593
0.026843
0.022394
-0.003445
-0.022949
-0.000689
-0.001418
-0.025745
-0.022601
0.003289
0.024184
0.001149
-0.026235
-0.005652
0.005219
-0.012513
0.005727
-0.003819
-0.007753
0.021707
0.020605
0.015525
-0.002351
-0.020633
-0.002783
0.018428
0.020383
0.003601
-0.018166
-0.019297
0.002854
0.002932
0.001459
0.003710
-0.012795
-0.018408
-0.022015
0.001414
0.025317
0.035271
0.037801
0.030343
0.001238
-0.023655
-0.023024
-0.000164
0.031556
0.006611
-0.002021
0.017611
0.016595
-0.000616
-0.029219
-0.010278
0.015139
-0.003890
-0.020419
-0.024580
-0.006261
0.018129
-0.001092
-0.018357
-0.017966
-0.000271
-0.002710
-0.021148
0.006235
0.029427
0.024155
-0.000087
0.001965
0.024019
0.002721
-0.012550
-0.021640
-0.005085
-0.001137
-0.003442
0.021963
0.000743
-0.000341
0.018408
-0.002693
-0.022076
-0.034846
-0.008071
