0
0
-0.032637286
0.035537023
0.071426392
0.100271967
0.037160907
-0.040444965
-0.05374775
-0.055158608
-0.039422875
-0.042164198
-0.081720175
-0.029091445
0.012160517
0.053640381
0.110643756
0.090235635
0.109688215
0.054631332
-0.016973252
-0.043361496
-0.061121726
-0.045963717
-0.012499449
0.027142938
0.042190656
0.013716332
0.005461693
0.055274044
0.088641764
0.097244976
0.10969268
0.062203048
-0.041555034
-0.137622422
-0.157507984
-0.115520207
-0.069607669
-0.048048723
-0.058941854
-0.026279595
-0.00162745
-0.018938073
-0.019614405
-0.000866334
-0.00686678
-0.011776802
0.040541606
0.02462495
0.00862575
0.02717632
0.005652963
0.036964865
0.085285697
0.06689468
0.001930077
-0.063209631
-0.079412415
0.012448472
0.101597633
0.084757332
0.040070898
0.0325063
0.039823161
0.004818083
-0.051366464
-0.062961479
-0.066637399
-0.054395357
0.0407243
0.127795636
0.121414873
0.064755811
0.003404959
0.002282934
0.066175436
0.079866345
0.023795796
0.071556239
0.163374575
0.107217786
-0.02997041
-0.132557826
-0.125557743
-0.090783377
-0.07634255
-0.077883324
-0.072448321
-0.015829624
0.015941758
0.014792979
-0.003433485
-0.0583221
-0.117090647
-0.113320865
-0.04874139
0.057277323
0.099368863
0.112521065
0.078006087
-0.045564434
-0.099875664
-0.029960845
-0.005237419
-0.064032701
-0.071488683
-0.076516173
-0.073103461
-0.074035834
-0.045233684
0.017904345
-0.009321806
-0.037583712
-0.046629667
-0.062139886
-0.02560054
0.063174152
0.074467029
0.009962459
-0.012093763
-0.059840895
-0.087585275
-0.058825943
-0.006130376
0.015985358
0.066498041
0.119969995
0.091710839
0.084183492
0.098959959
0.125038481
0.099390382
0.055512797
0.054265841
0.000976513
-0.006550116
0.023087148
-0.006385928
-0.065164911
-0.033482181
0.062596799
0.064428917
-0.016865669
-0.105021808
-0.093499422
0.00463501
0.038077522
0.000772556
-0.040141011
-0.077000461
-0.087629071
-0.039968959
0.032091388
0.059152834
0.051581004
0.055456213
0.08251692
0.086257315
0.033580205
-0.030600155
0.000699793
0.06995385
0.050633434
-0.017979483
-0.038116436
-0.034078491
-0.06336716
-0.066414192
-0.059537485
-0.072494329
-0.029526498
0.029164391
0.031704323
-0.053923036
-0.049260158
-0.041349953
-0.043705314
0.099612091
0.108764654
0.047842311
0.04499717
0.052059608
0.048976818
-0.061585441
-0.042543321
0.045870372
-0.065707611
-0.168740624
-0.193844331
-0.1896281
-0.152640857
-0.127742193
-0.101898355
0.073688045
0.239112053
0.164841155
0.041719631
0.021217703
0.090906485
0.131948316
0.004621436
-0.097157957
-0.075891864
-0.067350623
0.01153796
0.1262863
0.158892239
0.148473281
0.094112958
0.131311469
0.14472222
0.025331042
-0.023214862
-0.04768293
-0.078572129
-0.10035809
-0.07021205
-0.010390151
-0.000154276
-0.019192605
-0.039305254
-0.094599807
-0.081481756
0.015902291
0.080647622
0.104829275
0.07534863
0.050079764
0.023570531
0.006844594
0.008231727
0.048697242
0.111670602
0.094055233
0.000170263
-0.077847137
-0.097717391
-0.107740809
-0.08342881
-0.051253975
-0.052779919
-0.042025243
-0.04243138
-0.068049305
-0.074915879
-0.041874054
0.007042059
0.049616255
0.058932533
0.081190859
0.067056133
0.009556463
0.004172744
0.008905331
-0.030070255
-0.086090921
-0.060474324
-0.025363258
-0.033618038
-0.05137168
-0.049689504
-0.015930256
-0.014012259
0.026319037
0.069020383
0.075746293
0.046279597
0.013744849
-0.002783933
0.000914843
0.01148016
0.018277072
0.036538867
0.0189942
-0.005914098
-0.00373907
-0.010487497
-0.010925515
7.88265E-05
-0.021870874
-0.036384141
-0.014296887
0.011216376
0.025722724
0.032199331
0.018438227
-0.024267175
-0.036758504
0.007891649
0.007911836
-0.004364224
0.004225868
0.021731718
0.039903175
0.033307595
0.034522966
0.025091208
0.022884591
0.041758666
0.045516007
0.013077071
0.022418744
0.020691275
-0.023566813
-0.012959412
0.011129091
-0.007192053
-0.030655201
0.00175823
0.033084508
0.049463095
0.034306853
-0.015808341
-0.102453664
-0.165258363
-0.138436737
-0.094369955
-0.051950837
-0.008873157
0.042693879
0.061082534
0.020950119
-0.015206128
0.010764445
0.033564109
-0.004057814
-0.017245097
0.022797978
0.012729742
0.011176144
0.042638287
0.084278729
0.056822647
-0.009481161
-0.008356707
-0.038463364
-0.078180188
-0.048402343
-0.020241613
0.005521913
0.04719591
0.015692418
-0.028004431
-0.044143034
-0.040167337
0.003064095
0.028623205
0.032041991
0.019028495
0.004366153
0.030654444
0.001548555
0.000301732
0.006029299
-0.013366049
-0.016699955
-0.025315484
-0.01413873
-0.041319094
-0.073455464
-0.064247796
-0.056595399
-0.026872922
-0.01114218
-0.018778093
-0.007473023
0.049030782
0.086572299
0.062067475
0.04210551
0.029512115
0.043313467
0.043077168
0.026932116
0.006670002
-0.037138491
-0.054016886
-0.050708182
-0.045862335
-0.024428682
0.027571318
0.058840954
0.041111189
0.041645271
0.048007729
0.032424984
0.032055819
0.052650369
0.044395101
0.026556645
-0.006198588
-0.01250992
-0.0057641
-0.008359463
0.013871873
0.04105112
-0.002355283
-0.058176903
-0.047888455
-0.039426518
-0.030724353
-0.004581266
0.001130651
-0.047550259
-0.048005189
-0.003059203
0.016237312
0.01354157
-0.0019544
-0.000902027
0.014380717
0.020376375
0.012665332
-0.019078906
-0.058931367
-0.072120032
-0.04968209
0.007280451
0.049531747
0.060893692
0.057858936
0.02997963
0.025254287
0.051122336
0.055693039
0.04375492
0.02549281
-0.013994831
-0.024033794
-0.042401418
-0.081144534
-0.059951029
-0.018222389
0.014854008
0.041835088
0.010620529
-0.049048083
-0.03991541
-0.034913154
-0.080548409
-0.067142846
1.9913E-05
0.020682806
0.028444961
0.071695245
0.060754249
-0.021198491
-0.051566591
-0.073630704
-0.088374213
-0.03088756
-0.019095778
-0.046978621
-0.073913437
-0.150976588
-0.0723803
0.025061813
0.039318522
0.118666955
0.128760041
0.0832968
0.100045824
0.130523709
0.089306573
0.042917822
0.057861678
0.061683962
0.018293463
-0.046389628
-0.094659494
-0.080765595
-0.048835247
-0.029400429
-0.023634145
-0.040982664
-0.027181069
0.013524899
0.00817468
-0.013358402
-0.015095781
-0.009541858
0.022237592
0.040802037
0.009792084
-0.001316417
0.004789902
0.016453034
0.019334468
-0.002499843
-0.063883068
-0.078857204
-0.051967376
-0.040329488
-0.011948407
0.009623154
0.018334647
0.053455687
0.083380944
0.05615514
0.029767827
0.024038407
0.02446565
0.032295028
0.018404756
0.014504293
0.00388728
-0.038534865
-0.045576454
-0.007889788
-0.020033786
-0.065007436
-0.047981705
-0.046592374
-0.057669094
-0.028175662
0.02132395
0.125160484
0.186243928
0.111913549
0.011765573
-0.07837729
-0.094823663
0.012214871
0.09407835
0.108360952
0.061069789
-0.002427907
-0.011092165
-0.009425081
-0.023795107
-0.051386093
-0.051238602
-0.030942399
-0.017927554
-0.000563431
-0.015056794
-0.041777016
-0.041957964
-0.014631932
-0.013304189
-0.006730359
0.027679098
0.024514735
-0.002045905
-0.012439999
0.002450026
0.000416596
-0.02127031
-0.041129403
-0.035609854
-0.021390122
-0.016837981
-0.002888528
0.012902167
0.026134082
0.025316173
0.021136657
0.017020912
0.016097216
0.018443737
0.008473074
0.032669343
0.05758442
0.041642934
0.009088526
-0.02893289
-0.026454155
-0.027940012
-0.056776293
-0.063994762
-0.061821325
-0.040753306
-0.014988602
-0.045625155
-0.036183681
0.036056389
0.05485454
0.020738375
-0.061509254
-0.082151409
-0.047863735
-0.037646695
0.026243596
0.048067263
0.021570389
0.014833205
-0.02390051
-0.008652068
0.024931775
-0.01653789
-0.055536253
-0.000950053
0.051813173
0.043999306
0.058889417
0.094940582
0.077551205
0.038881707
0.023019607
0.051865741
0.084953228
0.038964067
0.008704223
-0.005824871
8.0687E-05
0.021888226
0.037553184
0.026967012
-8.20655E-05
-0.012247042
-0.027923081
0.010395594
0.036570775
-0.013553487
-0.061879558
-0.078078937
-0.091266871
-0.129439523
-0.160690278
-0.063307847
0.053139665
0.051543532
0.061294322
0.106291717
0.099192965
0.05990566
0.061673958
0.048494144
0.028135952
-0.01518505
-0.048583816
-0.037068422
-0.033790074
0.008617069
0.044499182
0.01121424
-0.042585032
-0.005434684
0.032567665
0.030463709
0.02360399
-0.046108163
-0.096883233
-0.058369744
-0.004054783
0.015716664
-0.003851933
-0.057119415
-0.043578961
-0.003090071
-0.010960444
-0.025408002
-0.036789998
-0.057524634
-0.039120466
-0.012797803
-0.030950724
-0.030325954
-0.043908616
-0.04723519
-0.03626304
0.005036777
0.096351928
0.09443692
0.028085505
-0.004643485
-0.00354938
0.009342406
0.004497481
0.04374111
0.092453317
0.086850332
0.059276142
0.013051101
0.014519378
0.037773415
0.040130219
0.063751236
0.02975895
-0.001869786
0.009914233
0.015151161
0.036187601
0.047052516
0.034190953
0.009894185
-0.019366767
-0.068419546
-0.06399353
-0.033311241
0.021949851
0.025934187
-0.015790571
-0.032351303
-0.08691689
-0.08328814
-0.0892165
-0.107036158
-0.067448211
-0.025629589
-0.016043353
-0.045257658
-0.060661331
-0.020115663
0.036357735
0.082677054
0.083113505
0.035334275
-0.025672405
-0.056669595
-0.041129265
-0.021846224
-0.001991471
0.001162967
0.020439796
0.038761397
0.00815594
-0.073043106
-0.079123693
-0.010964715
0.014708736
0.034183593
0.033077559
0.057471018
0.069805832
-0.001677957
-0.062133515
-0.060989621
-0.048769472
-0.052549706
-0.037606334
0.006605719
0.040365438
0.041158682
0.028147995
0.018279758
1.84665E-05
0.016274024
0.065741909
0.088574214
0.075224835
0.043826787
0.039089255
0.054695949
0.051361523
0.033572639
0.040510606
0.024379872
-0.039826667
-0.064166785
-0.027890872
0.017750623
0.015027933
-0.004403085
-0.019008799
-0.028372837
-0.036464049
-0.055509093
-0.051243749
-0.02455962
-0.001628208
0.000737001
-0.024319015
-0.064582232
-0.052363402
-0.029367466
-0.03291239
-0.069338559
-0.066153462
0.013163179
0.023919649
0.014454216
0.097694027
0.145751752
0.138345705
0.161845993
0.132776685
0.058451184
-0.00491992
-0.084444382
-0.107358573
-0.078262662
-0.064049068
-0.022123777
-0.024200879
-0.039620718
0.003722947
0.024083706
-0.01407577
-0.077561448
-0.071917044
