0.000000
0.000000
-0.002678
-0.005779
-0.002509
0.000693
-0.000155
0.001896
0.006135
0.008046
0.006195
0.006301
0.005161
0.000273
-0.005200
-0.007985
-0.003228
0.004457
0.013877
0.021056
0.029604
0.039331
0.047820
0.053382
0.053554
0.052037
0.049333
0.043650
0.036956
0.030786
0.024531
0.023024
0.029125
0.036480
0.040032
0.039257
0.032217
0.021209
0.008655
0.001128
0.000555
-0.000659
-0.004379
-0.010583
-0.021339
-0.028057
-0.025475
-0.020741
-0.015480
-0.014839
-0.014790
-0.013841
-0.017574
-0.022937
-0.023888
-0.021346
-0.020675
-0.020441
-0.021151
-0.018836
-0.013273
-0.007228
0.001389
0.008237
0.012431
0.013785
0.011927
0.007850
0.000797
-0.003596
0.001538
0.006985
0.005218
0.005073
0.007318
0.008603
0.010606
0.013684
0.010955
0.013623
0.023012
0.026117
0.028981
0.030936
0.031143
0.033061
0.035942
0.036108
0.032544
0.030566
0.034579
0.040592
0.039309
0.026922
0.011187
-0.000480
-0.011198
-0.018786
-0.024318
-0.030887
-0.035666
-0.040345
-0.048450
-0.052392
-0.047834
-0.043376
-0.042343
-0.044016
-0.044241
-0.042869
-0.042125
-0.035173
-0.026987
-0.022970
-0.024593
-0.033965
-0.043299
-0.043249
-0.038138
-0.034726
-0.030733
-0.032160
-0.040594
-0.053009
-0.064049
-0.064536
-0.057089
-0.043770
-0.026374
-0.012299
-0.002129
0.006986
0.011075
0.008615
0.009607
0.010344
0.006629
-0.002563
-0.016825
-0.026635
-0.026559
-0.013361
0.001821
0.004984
-0.002999
-0.011684
-0.014871
-0.015288
-0.014934
-0.017301
-0.022134
-0.024377
-0.022885
-0.022453
-0.023859
-0.023539
-0.015828
-0.001199
0.011173
0.017509
0.019693
0.022345
0.027620
0.033321
0.037148
0.033606
0.023046
0.009495
-0.002664
-0.010242
-0.019818
-0.027893
-0.028218
-0.022932
-0.019574
-0.020284
-0.024599
-0.027582
-0.013969
0.006754
0.017156
0.019554
0.024306
0.030723
0.024764
0.014061
0.008810
0.000088
-0.011190
-0.023700
-0.036286
-0.046226
-0.051393
-0.049514
-0.038679
-0.021868
-0.013200
-0.010742
-0.005678
0.003641
0.014266
0.016435
0.013012
0.009534
0.005260
0.007761
0.018045
0.030259
0.038118
0.039560
0.040973
0.039184
0.031688
0.023725
0.018431
0.015746
0.011408
0.007405
0.005426
0.003389
0.002484
0.000877
-0.002036
-0.000220
0.006636
0.013993
0.020160
0.023878
0.025013
0.023881
0.022628
0.021957
0.020851
0.023973
0.030872
0.036517
0.040336
0.041342
0.039351
0.037676
0.037175
0.035185
0.032193
0.026363
0.016545
0.007203
0.003266
0.003108
0.006304
0.013561
0.020660
0.022983
0.023083
0.022499
0.017929
0.011701
0.004690
-0.000851
-0.002089
-0.002261
-0.005060
-0.007526
-0.007414
-0.008956
-0.012768
-0.015889
-0.015105
-0.011870
-0.009832
-0.009859
-0.010387
-0.008008
-0.002657
0.003762
0.006892
0.004705
0.000188
-0.004736
-0.007195
-0.007806
-0.010316
-0.012852
-0.013468
-0.014392
-0.016493
-0.018137
-0.018613
-0.020285
-0.022065
-0.018914
-0.015257
-0.014505
-0.014749
-0.013238
-0.009360
-0.006397
-0.004004
-0.003263
-0.003993
-0.004010
-0.000969
0.004640
0.011664
0.017596
0.021362
0.026801
0.032107
0.031601
0.029031
0.028540
0.030052
0.031906
0.030531
0.026455
0.021872
0.018620
0.015890
0.012580
0.008041
0.003959
0.004274
0.008634
0.009943
0.007921
0.006979
0.005768
0.001084
-0.006025
-0.010828
-0.012642
-0.010306
-0.006085
-0.003044
-0.001752
-0.000805
0.002147
0.003001
-0.000745
-0.007412
-0.013825
-0.015141
-0.010924
-0.005352
-0.002734
-0.002897
-0.002261
-0.000528
0.000876
0.003326
0.009590
0.017809
0.023989
0.024054
0.020128
0.017444
0.016719
0.015486
0.012552
0.010453
0.006698
-0.000937
-0.008593
-0.013701
-0.016405
-0.020097
-0.023449
-0.022848
-0.017714
-0.010397
-0.003008
0.001668
0.003732
0.003888
0.000433
-0.002708
-0.006438
-0.011581
-0.015536
-0.019877
-0.027190
-0.033881
-0.034332
-0.029169
-0.022391
-0.014801
-0.005705
0.003158
0.011476
0.016592
0.017185
0.018166
0.018493
0.018883
0.020618
0.022682
0.023619
0.022067
0.020011
0.019116
0.019510
0.019021
0.019351
0.022499
0.022729
0.016252
0.006901
-0.001847
-0.006953
-0.006812
-0.006405
-0.008972
-0.012724
-0.016062
-0.018788
-0.022610
-0.027112
-0.030920
-0.032687
-0.031009
-0.024928
-0.018246
-0.014220
-0.011777
-0.010154
-0.008090
-0.003500
0.001664
0.004726
0.006722
0.008391
0.008616
0.006674
0.004928
0.004180
0.003318
0.001736
-0.001126
-0.003665
-0.003585
-0.002815
-0.001648
0.002031
0.007221
0.011037
0.013444
0.018494
0.024647
0.026274
0.026949
0.025116
0.019227
0.013714
0.007185
0.000793
-0.007020
-0.020000
-0.030249
-0.035147
-0.038461
-0.038282
-0.034977
-0.029210
-0.020568
-0.011151
-0.003937
-0.001907
-0.001854
0.001455
0.005182
0.006887
0.006423
0.004942
0.003512
0.003606
0.006586
0.008327
0.007342
0.007225
0.008235
0.008918
0.008456
0.006791
0.005996
0.003709
-0.001749
-0.006244
-0.007484
-0.007011
-0.006772
-0.007925
-0.010512
-0.013941
-0.018654
-0.020401
-0.018108
-0.014608
-0.009485
-0.003884
0.002701
0.009354
0.013245
0.015652
0.015965
0.014415
0.010777
0.005937
0.003035
0.001820
0.001018
0.000777
-0.001618
-0.009481
-0.017227
-0.020886
-0.020632
-0.016258
-0.009511
-0.002107
0.004198
0.007709
0.006133
0.001202
-0.003736
-0.007090
-0.008746
-0.009817
-0.011105
-0.009186
-0.002708
0.003415
0.007090
0.007477
0.004664
0.004834
0.010705
0.017217
0.021441
0.022226
0.022232
0.024992
0.028451
0.032364
0.036224
0.036365
0.032032
0.025672
0.021650
0.018759
0.014099
0.007964
0.001051
-0.003272
-0.004049
-0.004251
-0.004201
0.000815
0.008367
0.013215
0.018632
0.023402
0.021441
0.013598
0.007447
0.004096
-0.000183
-0.002888
-0.003983
-0.007982
-0.013073
-0.018700
-0.024664
-0.027860
-0.029018
-0.029405
-0.031992
-0.034894
-0.032639
-0.030612
-0.032294
-0.035576
-0.039042
-0.042393
-0.046222
-0.043490
-0.035742
-0.028955
-0.024858
-0.024768
-0.027536
-0.033182
-0.038992
-0.044248
-0.043808
-0.037279
-0.032764
-0.028913
-0.020723
-0.011381
-0.003520
0.002535
0.007209
0.009207
0.005512
0.002348
0.002860
0.008149
0.016785
0.024053
0.030231
0.034387
0.035336
0.034233
0.033011
0.032459
0.034314
0.038278
0.041752
0.043970
0.041300
0.032548
0.024882
0.021319
0.018555
0.017650
0.019654
0.022397
0.033676
0.027365
0.005588
-0.004336
-0.012981
-0.017433
-0.014895
-0.008205
-0.000832
0.005728
0.010416
0.013351
0.013785
0.010209
0.001921
-0.006680
-0.010985
-0.010544
-0.008386
-0.008858
-0.010677
-0.012959
-0.016827
-0.019234
-0.020141
-0.021522
-0.020782
-0.019084
-0.018760
-0.019935
-0.020456
-0.019223
-0.018667
-0.020706
-0.021076
-0.019682
-0.018834
-0.014853
-0.009859
-0.006936
-0.004563
-0.001306
0.002335
0.004255
0.005413
0.005769
0.004498
0.004195
0.004066
0.004631
0.007655
0.010776
0.012310
0.011502
0.010557
0.012501
0.013539
0.012598
0.011740
0.009947
0.008555
0.006553
0.001987
-0.002375
-0.005231
-0.007708
-0.008847
-0.006889
-0.004420
-0.004794
-0.008226
-0.012007
-0.011758
-0.010222
-0.009934
-0.009076
-0.004961
0.001824
0.007984
0.012516
0.017578
0.022609
0.026673
0.028581
0.027901
0.026372
0.022308
0.020919
0.011599
-0.000104
-0.001971
-0.005897
-0.013338
-0.018742
-0.020762
-0.023487
-0.025980
-0.027959
-0.028433
-0.026357
-0.023861
-0.019004
-0.012667
-0.009198
-0.007687
-0.005017
0.000605
0.005812
0.006957
0.006374
0.006183
0.005637
0.006496
0.007731
0.006974
0.005345
0.002463
0.001272
0.003959
0.007465
0.011979
0.018187
0.022349
0.024624
0.025090
0.024463
0.024663
0.022306
0.017967
0.013929
0.009290
0.003562
-0.000746
-0.002670
-0.004772
-0.008492
-0.012284
-0.014724
-0.013928
-0.008368
-0.004825
-0.004351
-0.004848
-0.006185
-0.005738
-0.005836
-0.005960
-0.004821
-0.004231
-0.004272
-0.001839
0.004435
0.012444
0.017264
0.016576
0.011135
0.002821
-0.003883
-0.006834
-0.009220
-0.010356
-0.005200
0.003944
0.011334
0.013413
0.015303
