0.000000
0.000000
-0.039246
-0.024433
-0.012531
0.001093
-0.000195
-0.007691
-0.019732
-0.037220
-0.040395
-0.044931
-0.049483
-0.043413
-0.031589
0.009077
0.041738
0.040278
0.038253
0.018444
-0.005466
-0.027358
-0.034707
-0.025915
-0.008726
0.030419
0.072330
0.065566
0.045301
0.057239
0.048200
0.037921
0.037902
0.037376
0.051098
0.063762
0.067835
0.055724
0.020434
0.002518
-0.002362
0.003416
0.004177
-0.025194
-0.039149
-0.019225
-0.014190
-0.019888
-0.012883
-0.036032
-0.037259
-0.033674
-0.038214
-0.032563
-0.012805
0.006227
-0.009682
-0.021332
-0.010189
0.015342
0.027007
0.024647
0.019205
0.018054
0.025174
0.014990
-0.000781
-0.008608
-0.020337
-0.021546
0.006051
0.041115
0.055607
0.045826
0.022775
0.010033
0.013878
0.023516
0.014717
0.038214
0.082274
0.084824
0.046565
-0.000703
-0.009467
-0.009955
-0.013195
-0.021371
-0.034863
-0.024804
-0.012200
-0.002889
-0.003728
-0.026871
-0.038350
-0.034025
-0.015303
0.016103
0.023477
0.032154
0.019634
-0.024843
-0.040298
-0.020064
-0.013527
-0.036928
-0.057744
-0.068843
-0.050573
-0.023906
-0.011848
0.004685
-0.000371
-0.019147
-0.035584
-0.045495
-0.046916
-0.035895
-0.038194
-0.048822
-0.031082
-0.024882
-0.022073
-0.028606
-0.027592
-0.013956
-0.001679
0.011478
0.009116
0.005193
-0.001406
0.030400
0.069289
0.076048
0.065857
0.050009
0.047188
0.020181
-0.011731
-0.024960
-0.010482
0.016512
0.024550
0.013390
-0.010365
-0.002635
0.024901
0.020181
0.002011
-0.014288
-0.024296
-0.030049
-0.020376
-0.010892
-0.023458
-0.028372
-0.005505
0.011302
0.011595
0.001698
-0.014249
-0.009331
0.013741
0.015712
-0.000976
0.002089
0.012239
0.002206
-0.002303
0.011614
0.003026
-0.003221
0.008823
0.014288
-0.013488
-0.029776
-0.036714
-0.024043
0.039850
0.046274
0.011829
0.001562
0.015615
0.027612
-0.002713
0.011946
0.047363
0.012961
-0.042186
-0.077189
-0.087121
-0.085925
-0.089147
-0.092733
-0.008999
0.081888
0.041037
-0.026227
-0.055413
-0.035545
-0.006129
-0.042907
-0.088530
-0.111909
-0.106426
-0.053975
0.020766
0.088318
0.100625
0.128696
0.172218
0.124981
0.048278
0.031004
0.048316
0.046507
0.010833
0.014639
0.036227
0.023575
-0.007730
-0.047772
-0.076260
-0.038954
0.028762
0.062559
0.072272
0.058579
0.037824
0.026286
0.031335
0.029386
0.027651
0.058851
0.075544
0.052614
0.025896
0.019498
-0.000761
-0.008238
0.021878
0.013351
-0.017410
-0.051136
-0.081463
-0.088009
-0.073066
-0.056404
-0.004607
0.034376
0.042303
0.024062
-0.004138
-0.003533
-0.021410
-0.048044
-0.078485
-0.082352
-0.069521
-0.059841
-0.062307
-0.058094
-0.040726
-0.029815
-0.014229
-0.013195
0.012297
0.026110
0.009838
-0.002030
-0.002635
0.011946
0.032154
0.065120
0.071575
0.039460
0.018405
0.012083
0.021293
0.029854
0.002596
-0.020122
-0.020610
-0.027183
-0.032388
-0.026364
-0.023360
-0.037220
-0.043646
-0.015576
0.005817
0.009701
0.011224
0.026910
0.043062
0.044717
0.046877
0.041407
0.041758
0.050456
0.040843
0.017605
0.039596
0.048278
0.024121
0.028879
0.029717
0.008628
-0.009077
-0.006891
0.014171
0.034356
0.036714
0.029522
0.019225
0.022951
0.026149
0.012844
-0.016083
-0.035856
-0.021800
-0.013117
-0.030692
-0.047850
-0.032368
-0.004197
-0.010131
-0.015869
0.018522
0.041446
0.055782
0.072640
0.057977
0.002030
-0.032193
-0.036129
-0.049931
-0.059880
-0.055607
-0.045456
-0.023497
-0.006012
-0.002889
0.003260
0.005446
0.007906
0.020005
0.030867
0.027709
0.021663
0.024394
0.022073
-0.002264
-0.010365
-0.009877
-0.013839
-0.018522
-0.021293
-0.011107
-0.019439
-0.035019
-0.034317
-0.036480
-0.029249
-0.020551
-0.028197
-0.030906
-0.015049
0.004041
0.018015
0.016610
0.007223
0.004529
-0.000996
-0.001698
-0.005602
-0.013429
-0.017508
-0.018366
-0.018444
-0.001562
0.022482
0.022326
0.033245
0.043821
0.035077
0.044911
0.052245
0.038058
0.024433
0.009292
0.002186
0.000488
0.000371
0.006500
0.015127
0.013741
0.016825
0.027943
0.002772
-0.025486
-0.033031
-0.042050
-0.053741
-0.039850
-0.011653
0.001171
0.001776
0.000351
0.008413
0.020746
0.020707
0.009701
0.001601
-0.018191
-0.031823
-0.030536
-0.016200
0.003572
0.013390
0.017644
0.019985
0.019673
0.021293
0.028138
0.026032
0.020356
0.011809
0.004197
-0.006442
-0.021995
-0.022892
-0.007203
0.019342
0.036285
0.034726
0.027904
0.030283
0.022112
-0.012180
-0.022482
-0.007925
-0.003885
0.009038
0.015322
-0.000078
-0.003631
-0.011907
-0.028996
-0.020863
-0.015010
-0.021449
-0.035019
-0.079510
-0.067912
-0.047188
-0.035701
0.015068
0.032680
0.026715
0.029347
0.040629
0.037240
0.010580
0.007593
0.025603
0.024511
0.012200
-0.014600
-0.016337
-0.000937
0.009662
-0.004099
-0.021858
-0.013585
0.010697
0.033343
0.022931
0.007027
0.012395
0.014210
0.004119
0.002147
0.000156
-0.007691
-0.008238
-0.012902
-0.037454
-0.049211
-0.046682
-0.043004
-0.039480
-0.036402
-0.018210
-0.002987
0.022658
0.045184
0.032817
0.012668
-0.007008
-0.021293
-0.028665
-0.027183
-0.028255
-0.040200
-0.036188
-0.024530
-0.034902
-0.051156
-0.042381
-0.023614
-0.022580
-0.006793
0.002050
0.003280
0.022970
0.025350
-0.001894
-0.034473
-0.039635
-0.006344
0.024335
0.034434
0.038798
0.044172
0.049834
0.032739
0.011126
-0.006188
-0.019732
-0.021019
-0.002069
0.014054
0.021819
0.026539
0.020239
0.018132
0.016708
0.019342
0.023926
0.021780
0.008179
-0.000781
0.005114
0.001054
-0.010346
-0.016122
-0.007574
-0.003221
-0.020122
-0.021741
-0.000761
0.017508
0.027534
0.033382
0.034902
0.032661
0.019732
0.000273
0.013566
0.030945
0.014912
-0.001484
-0.002596
-0.002518
-0.024608
-0.047344
-0.040706
-0.033674
-0.032154
-0.032739
-0.052497
-0.046040
-0.011321
0.000449
0.001269
-0.011634
-0.025213
-0.027105
-0.027963
0.001894
0.018873
0.007398
-0.002147
-0.017664
-0.021995
-0.029854
-0.061996
-0.077924
-0.052731
-0.035798
-0.044250
-0.025194
0.011478
0.020766
0.035389
0.038876
0.039051
0.038428
0.007125
0.002421
0.009780
0.019966
0.040181
0.033421
0.032739
0.041992
0.033596
0.027397
0.026929
0.021546
0.017391
-0.000800
-0.013820
-0.008218
-0.029113
-0.052692
-0.026266
0.008589
0.000390
0.001249
0.045009
0.078795
0.075951
0.062443
0.045087
0.027904
0.004080
-0.000820
0.014190
0.011341
0.019634
0.033830
0.030556
0.020200
0.024179
0.028820
0.020902
0.016005
-0.008843
-0.040200
-0.044853
-0.031335
-0.019166
-0.018815
-0.029815
-0.032602
-0.024296
-0.017508
-0.009077
-0.006500
-0.015127
-0.021546
-0.023419
-0.033187
-0.036792
-0.043296
-0.024530
-0.002518
0.008023
0.030750
0.025584
0.012805
0.003553
-0.003728
-0.006793
-0.009584
0.011146
0.036870
0.040103
0.027982
0.011556
0.008960
0.000547
-0.006676
0.001698
-0.000332
-0.005778
-0.000020
0.014620
0.031394
0.038662
0.033869
0.039966
0.037844
0.021371
0.027807
0.026403
0.018600
0.012414
0.006325
0.009780
-0.007203
-0.017683
-0.020824
-0.023497
-0.015361
-0.016161
-0.031433
-0.047616
-0.041115
-0.017293
-0.005954
0.005407
0.022229
0.021254
-0.003670
-0.016278
-0.021039
-0.032037
-0.040298
-0.047052
-0.032544
-0.013605
-0.014854
-0.038778
-0.041758
-0.028002
-0.027904
-0.034122
-0.038311
-0.021663
-0.000859
-0.005876
-0.017391
-0.014756
-0.012668
-0.021117
-0.021858
-0.012258
-0.001952
0.001093
-0.003904
0.001113
-0.003084
0.001484
0.031686
0.040103
0.022073
0.008921
0.022092
0.037045
0.036811
0.036538
0.043510
0.028801
-0.007262
-0.015869
-0.003787
0.016805
0.015498
0.002128
-0.003455
-0.019166
-0.029074
-0.043140
-0.047052
-0.031140
-0.026617
-0.024608
-0.027066
-0.041758
-0.032290
-0.018971
-0.022073
-0.034064
-0.031998
0.001093
0.008686
-0.004587
0.018815
0.044152
0.052556
0.067118
0.073454
0.062268
0.038194
0.008843
-0.002421
-0.003826
-0.010111
0.000957
-0.000059
-0.009487
0.009096
0.023399
0.008960
-0.025935
-0.027924
