0
0
-0.183886856
-0.092903081
0.025778097
0.028093486
-0.028359982
-0.052679856
-0.078867589
-0.127845353
-0.15289442
-0.106963643
-0.092292232
0.000447499
0.11664297
0.163681944
0.254938049
0.2342342
0.179226009
0.104877847
0.043927661
-0.006809209
-0.022948299
0.015486419
0.023190615
0.020838104
0.015510279
-0.006065311
-0.047095311
-0.026824757
0.001771645
-0.008032989
-0.0398593
-0.056880134
-0.044990067
-0.037358077
-0.011973559
0.008662898
-0.06224
-0.116711601
-0.110907619
-0.066625221
-0.025291373
-0.036096133
-0.038356808
0.016736248
0.065999589
0.038053089
0.003197209
-0.044148564
-0.033900732
-0.061414007
-0.089914328
-0.01695107
0.0822515
0.148261431
0.108027729
0.05381446
0.061010569
0.093685882
0.117719146
0.114906302
0.08314706
0.040919022
0.027910257
0.022215228
-0.000272527
-0.040775155
-0.007432552
0.051232225
0.015319882
0.001102553
0.00142427
-0.010673239
-0.037909366
-0.091432297
-0.089361957
-0.04658906
-0.079739675
-0.072787764
0.004554297
0.040289928
0.070043003
0.056970519
0.017528451
0.014217109
0.00889565
0.019352472
0.003904006
-0.017479478
0.016610228
0.065360603
0.108612688
0.101596965
-0.009551734
-0.075593082
-0.106021859
-0.118047598
-0.119380205
-0.153121221
-0.099983697
-0.115629632
-0.198186784
-0.114825003
0.007417835
0.018828812
-0.01580163
-0.048992011
-0.030782581
0.020558106
0.056370269
0.069593677
0.054605448
-0.010939232
-0.048125215
-0.004886703
0.041719204
0.081355165
0.104617269
0.092931182
0.107581919
0.097106702
0.001597352
-0.094736671
-0.073569204
-0.051587436
-0.089151089
-0.087727515
-0.029539821
0.032927337
0.046678239
0.024207392
-0.036185042
-0.038505209
0.033449257
0.029395443
-0.026583183
-0.066866498
-0.050836146
0.017296262
0.058666908
0.119320596
0.136415442
0.055541729
-0.026987255
-0.057522967
0.002358963
0.074802922
0.077323829
0.035800311
0.026596435
0.061834698
0.061530123
0.017399775
-0.030605439
-0.011597308
0.072025982
0.125821955
0.106204832
0.013520668
-0.033357036
0.007344686
0.025001643
-0.006949699
-0.051042025
-0.089254037
-0.109640111
-0.123997604
-0.096152316
-0.085946526
-0.138354871
-0.110915174
0.041594908
0.169143807
0.079178336
0.014776997
0.020959062
0.048782836
0.179937576
0.184592831
0.056589167
0.007192869
0.06406906
0.043457063
-0.090857873
-0.088825627
-0.015024556
-0.112850631
-0.190123293
-0.179314936
-0.180451094
-0.187316947
-0.157608263
-0.136765239
-0.011915135
0.131990707
0.045822161
-0.071031042
-0.025316622
0.122468107
0.175838525
0.087445483
0.023856445
-0.030665535
-0.111646863
-0.038492311
0.111558393
0.184829884
0.197351986
0.152093317
0.15558289
0.130642361
0.015441216
-0.025671834
0.005715919
0.012937809
-0.094803254
-0.142948149
-0.085714782
-0.067124112
-0.075910593
-0.089629687
-0.104609697
-0.02263733
0.078971478
0.105732813
0.097837731
0.058599669
0.00017226
-0.042660824
0.006857233
0.020354746
-0.01291564
0.043540197
0.085483647
0.100620975
0.117502797
0.078150804
0.045507
0.038815481
0.038174636
-0.014481761
-0.067592997
-0.10828607
-0.128667923
-0.080489654
-0.027447072
-0.006163152
0.041009716
0.074612273
0.052271089
-0.010413439
-0.029852846
-0.015253965
-0.083718677
-0.113873214
-0.09876254
-0.067007978
-0.019445715
-0.024499219
-0.05353501
-0.021117467
0.005024487
-0.014570138
-0.00181943
0.010976747
0.050239063
0.064585524
0.032896208
0.006384154
0.015098558
0.033016178
0.025373406
0.047325816
0.058061825
0.012636499
-0.02338673
-0.032988626
-0.013583735
0.013183403
-0.04093153
-0.09649907
-0.071029312
-0.051399369
-0.034336866
0.001330877
0.006951829
-0.03713414
-0.065183573
0.006188423
0.046884631
0.015624787
0.007117444
0.050828526
0.0788909
0.062952526
0.049934955
0.014433264
0.009688245
0.029969611
0.0453971
0.038804757
0.055498839
0.052104401
-0.001910692
-0.023405693
-0.060757561
-0.10306607
-0.109042701
-0.059416743
0.013616406
0.031329217
0.005864545
-0.016802113
-0.029504476
0.011708882
0.039586306
0.015269743
-0.009356067
-0.038017195
-0.044837636
-0.045464671
-0.064779749
-0.064656297
-0.020417598
0.015808018
0.000834722
-0.005103207
0.03671611
0.051517611
0.092614995
0.132116042
0.103550254
0.05007054
0.029210591
0.026893286
-0.021542502
-0.072779743
-0.078777176
-0.066171396
-0.021365764
0.021011073
0.017816772
-0.004490537
-0.020126949
-0.007622323
0.012879532
0.022654166
0.030972144
0.028496298
0.021677969
0.001698732
-0.075002203
-0.071798705
-0.028449635
-0.030036961
-0.036835694
-0.025181334
-0.003496699
-0.019177453
-0.051490751
-0.064198831
-0.054829761
-0.025175675
-0.027805126
-0.016944005
0.011811452
0.050750059
0.08477172
0.089163336
0.070279784
0.012633837
-0.02296315
-0.031528584
-0.038375986
-0.053884163
-0.047570306
-0.020201124
0.022291087
0.05185159
0.04574967
0.070776664
0.094298928
0.086068808
0.082386644
0.056901044
0.021769408
0.021288015
0.026088655
0.004688015
-0.033297537
-0.0793484
-0.074510392
-0.035505833
0.011935222
0.021976475
0.002131366
-0.011540432
-0.022667082
-0.013334417
-0.035821283
-0.031255154
0.016889222
0.022261189
-0.003605388
-0.006137688
0.017009578
0.028432469
0.036944599
0.025965032
-0.004745288
-0.019014481
-0.03135015
-0.044916555
-0.076337219
-0.076439537
-0.021703175
0.008932006
0.021239536
0.037767573
0.04038913
0.039124535
0.026859772
0.010650004
0.010417748
0.034651581
0.041645274
0.025861191
0.014264929
0.002311129
-0.020998301
-0.055140429
-0.048035958
-0.004582667
0.010199334
0.002582444
-0.021245874
-0.038622836
-0.016626973
-0.004007708
0.000667012
0.025816935
0.040767138
0.024538496
0.012625221
0.014088994
0.022073138
0.00999336
0.016668737
5.1804E-05
-0.033133633
-0.018074941
-0.02870384
-0.036929573
-0.047597665
-0.107864274
-0.064200562
-0.01238514
-0.017575102
0.015333482
0.041204721
0.040858945
0.048537279
0.071036904
0.056688518
0.012616896
-0.013221156
0.000848084
0.031454765
0.035456688
0.01451564
0.006229865
0.001924151
0.007697456
0.009062661
-0.029493356
-0.047873652
-0.030388795
-0.00193519
0.007553628
-0.019632441
-0.051043328
-0.064765509
-0.067107666
-0.064710085
-0.030405233
-0.005472936
0.008945028
0.019817762
0.019029916
-0.014363036
-0.038497962
-0.056795962
-0.022072026
0.04754758
0.056851467
0.05102693
0.040338418
0.049086177
0.045968347
0.037870911
0.029879051
0.002340227
-0.008197825
-0.022471636
-0.028466657
-0.035387005
-0.033575939
0.012203722
0.033023574
-0.007108391
-0.0600355
-0.049641928
-0.032038443
-0.025093787
0.021356959
0.030437867
0.023928667
0.026072598
0.020705823
-0.029432577
-0.080271113
-0.049259453
0.011592467
0.055011026
0.086203678
0.102643521
0.099675027
0.092407374
0.059266148
0.030556271
0.006678304
-0.025673044
-0.018334413
0.001016422
0.00894648
0.011727034
0.003649929
-0.006414314
0.004357738
0.00550024
0.011022733
0.031461291
0.019522941
-0.004364274
-0.029931946
-0.032189506
-0.025679041
-0.037758781
-0.065488705
-0.075564905
-0.067096847
-0.05051938
-0.051283295
-0.077564209
-0.051326214
-0.013730392
0.01689924
0.049442758
0.057787392
0.051699262
0.029317838
0.012037598
-0.00830181
-0.045790356
-0.055332143
-0.031342995
-0.027632485
-0.044496124
-0.014908932
0.046776634
0.052148136
0.042859167
0.02780116
-0.031262744
-0.036926674
0.017146678
0.035116483
-0.0132153
-0.06758665
-0.065593763
-0.040586612
-0.016962152
0.023565717
0.034253014
0.036148271
0.054805469
0.058296795
0.047553853
0.016858686
-0.016100236
-0.050426345
-0.044492697
-0.01142121
-0.012273908
0.010320159
0.065323803
0.093098153
0.124640133
0.097854863
0.046772532
0.044773148
0.03501959
0.026048705
0.006708707
-0.000287778
-0.010648503
-0.045190956
-0.058206815
-0.027074983
-0.009040926
-0.018345978
-0.022458718
-0.032169493
-0.052556188
-0.084367666
-0.069003803
-0.039926485
-0.049876158
-0.037445524
-0.021799839
-0.001602677
0.017074329
0.034092123
0.060796224
0.064588266
0.057982729
0.033509046
0.011340372
0.002720812
-0.011146459
-0.01035022
0.019951018
0.029894088
0.027633693
0.023232364
0.00778445
0.005491769
-0.005405643
-0.016522875
-0.014225676
0.013599127
0.046154586
0.047521862
0.028636868
-0.003612457
-0.03486137
-0.055513634
-0.085607237
-0.086538846
-0.051143298
-0.028484983
0.00450874
0.007789823
-0.038861275
-0.046940799
-0.025462742
-0.026100215
-0.022817923
-0.014732905
0.019697667
0.018469277
0.009626137
0.067311653
0.098725948
0.120129048
0.118732774
0.03688145
-0.03324084
-0.039938028
-0.011679597
-0.035543332
-0.084580906
-0.069790301
-0.042219941
0.000394243
0.001942161
-0.028452004
0.002056323
0.017328879
0.00728059
0.022125339
0.048593918
0.050167632
0.030487569
0.019052901
-0.007955096
-0.055082788
-0.08652884
-0.046465376
-0.006033166
-0.005794831
0.021735397
0.037738538
0.027026476
-0.01063403
-0.045758599
-0.056347623
-0.049427322
-0.005815891
0.059690519
0.097032048
0.078947209
0.040509098
0.031372678
0.056123657
0.064087585
0.037676554
0.011725436
-0.01072029
-0.033114638
-0.045939872
-0.078839818
-0.09674206
-0.075067156
-0.029883161
-0.007378477
-0.02607342
-0.042555856
-0.012655812
0.007768475
-0.005210877
0.002338193
0.011630224
0.034653418
0.055116428
0.053919641
0.051033296
0.021586335
-0.013827339
-0.00746063
0.016803371
0.025133691
0.017167149
-0.00946426
-0.024025898
0.000139725
0.004410994
-0.00530199
0.004744078
0.005421957
0.009992005
0.030096286
0.041133877
0.036590002
0.012868205
-0.016156375
-0.015055338
-0.014290629
-0.035038631
-0.035385024
-0.016974832
0.010741202
0.003868131
-0.016579013
-0.013573667
-0.01020098
-0.017531646
-0.030513048
-0.030875308
-0.030043489
-0.026282986
-0.019558071
-0.014989323
0.000672532
0.033866755
0.045073474
0.039975412
0.017052891
-0.017725796
-0.033877968
-0.053842225
-0.052591528
-0.020669583
0.008868589
0.03008826
0.041745618
0.03843241
0.027698204
0.022277734
0.025409827
0.054029642
0.047030602
0.017987401
0.00842724
-0.014481567
-0.008991065
0.005510892
-0.001129907
-0.023826502
-0.054001394
-0.052333144
