0
0
-0.055967407
-0.041240282
0.043492172
0.042579137
-0.011294402
0.027295371
0.056337173
0.025429282
-0.024629751
0.001401514
-0.015162908
-0.064923555
-0.072665759
-0.037049355
0.063203885
0.101755683
0.124434398
0.095168442
0.113147738
0.128629253
0.112595186
0.074112121
0.002301819
-0.020270995
-0.036101502
-0.075680172
-0.088964935
-0.081985338
-0.083064281
-0.020082114
0.081027175
0.097591613
0.047330877
-0.010346695
-0.093468236
-0.145127902
-0.164869808
-0.099699805
-0.007626557
-0.016152325
-0.049455884
-0.082309568
-0.141781781
-0.089144362
0.034388086
0.062939131
0.069883378
0.008542924
0.000652
0.012634494
-0.049645687
-0.071251051
-0.0126605
0.033833312
0.008936078
0.003127979
-0.009460213
0.030819317
0.073875258
0.080214648
0.113947444
0.090776061
0.055745024
0.018022119
-0.024728871
-0.054191238
-0.093471895
-0.058368934
0.068173093
0.072319853
-0.02351559
-0.001928604
0.02985945
0.017109917
0.026648852
0.040945973
-0.036306243
0.035503996
0.124064571
0.041329775
0.038141117
0.026052702
0.002753761
0.025567878
0.038377346
0.002224223
-0.047477031
-0.026353857
0.053426521
0.079942899
-0.017116449
-0.162936907
-0.20511738
-0.15345422
-0.141251548
-0.100514885
-0.073484385
-0.087214049
-0.063575855
-0.062302954
-0.107568729
-0.052605647
0.060787819
0.059422138
0.013792172
-0.022335607
-0.002994464
0.01831056
0.009925476
0.092341651
0.108480551
0.053445039
-0.021617526
-0.123952232
-0.123557964
0.000669153
0.068034077
0.04545891
0.053168258
-0.019026652
-0.111781976
-0.163556743
-0.146125427
-0.006529919
0.099187568
0.17520833
0.225989846
0.184243975
0.134161621
0.120443891
0.054356443
-0.032735278
0.013204419
0.009810009
-0.049393407
-0.121443932
-0.186532314
-0.129578156
0.001012652
0.173128274
0.198095297
0.042062484
-0.105663278
-0.114852807
-0.042392219
-0.005544401
0.00471261
-0.031500294
-0.064236292
-0.029868109
0.019871818
0.005746959
-0.018722082
0.004271171
0.10215322
0.191154946
0.162504663
0.084056522
0.029069245
0.035306826
0.070111715
0.075763518
0.050967775
-0.047184469
-0.13935924
-0.177576019
-0.159768237
-0.100367603
-0.126474535
-0.106960985
-0.004331487
0.070250421
0.044683616
-0.009455501
-0.057383247
-0.03971811
0.178414966
0.265917343
0.137186472
0.031914606
0.063167349
0.085207927
-0.079165138
-0.141121577
-0.069735617
-0.115317421
-0.14846176
-0.164330709
-0.165446308
-0.131496499
-0.068859251
0.025097159
0.14315114
0.218661442
0.114669257
0.032712632
0.067248891
0.123097562
0.140061054
0.028857833
-0.045518916
-0.046255354
-0.056806773
0.033278257
0.135653287
0.16060336
0.104217925
0.019236707
0.018857161
-0.023860244
-0.099474245
-0.105521423
-0.070340602
-0.035730448
-0.057660272
-0.053216996
-0.026338981
-0.027100308
-0.012036477
-0.021387032
-0.038748666
0.024161762
0.090886643
0.097476534
0.081848685
0.049453442
0.015130435
-0.015085966
-0.016692205
-0.008931932
-0.014734291
0.041556827
0.091547463
0.075043623
0.050889917
0.013419371
-0.026550877
-0.022348415
-0.006673919
-0.026541776
-0.039857577
-0.077469337
-0.129669977
-0.123422516
-0.052328578
-0.002110373
0.042506451
0.096168091
0.09411407
0.030926542
0.001329572
-0.007782742
-0.060752079
-0.082638498
-0.092926229
-0.073559483
-0.016480928
-0.002279012
-0.037234261
-0.032806288
0.001487153
-0.020520468
-0.050685628
-0.041519853
0.01043521
0.043041808
0.027116689
-0.000364987
-0.00702732
0.031658769
0.071051703
0.085125269
0.041621438
-0.029090832
-0.060018408
-0.065403091
-0.032713322
-0.008139213
-0.033384767
-0.033740606
-0.008208446
-0.012296289
-0.027972545
-0.021878907
-0.006348348
-0.022263907
-0.023689864
0.041927127
0.048643337
0.010007647
-0.003252823
0.020113448
0.051562696
0.039414657
0.031841708
0.009853356
-0.009709242
-0.000227952
0.040448895
0.074451286
0.093098825
0.078730794
0.05009914
0.072260755
0.070551206
-0.006751888
-0.034233731
-0.006542861
0.020145347
0.024707277
-0.018325946
-0.054242345
-0.060937152
-0.043270753
-0.036334085
-0.044022763
-0.06032511
-0.054249663
0.004187482
0.057940909
0.017425189
-0.026913465
-0.012540144
-0.016112882
-0.06223193
-0.094197458
-0.063802297
-0.024146633
0.031077935
0.056100983
0.040444821
0.017199789
0.012604782
0.039258319
0.011374433
-0.049798928
-0.088398846
-0.085063368
-0.017527871
0.056057271
0.07396755
0.034836335
-0.002172513
0.008465462
0.023052335
0.018694828
0.032584222
0.083095062
0.10878262
0.082040571
0.000861731
-0.052218636
-0.035727062
-0.009649561
-0.016413663
-0.039039667
-0.027927171
-0.049933887
-0.101101284
-0.101381173
-0.067846949
-0.035982606
-0.049102806
-0.04461333
0.008004139
0.068221011
0.09697034
0.097878983
0.062124112
0.027467398
0.002077261
-0.045940883
-0.041781553
-0.049578768
-0.068303556
-0.052586751
-0.057714037
-0.096959127
-0.088841194
-0.00601046
0.068667413
0.089933798
0.100579241
0.120207532
0.117167177
0.110047478
0.067960575
0.007898529
0.013053412
0.00436152
0.005198215
0.023102372
0.027473863
0.01248631
-0.0206674
-0.027384429
-0.01191216
0.005247473
-0.006508306
0.004393814
0.041880817
0.003073442
-0.085939903
-0.123546053
-0.115657334
-0.067811757
0.001872056
0.005418241
-0.03414843
-0.049891697
-0.044392945
-0.03627953
-0.050842163
-0.0598703
-0.050681685
-0.023551123
0.022365618
0.080765124
0.088650949
0.0535315
0.032514841
0.021597246
0.027475307
0.060981077
0.068568716
0.040725547
0.026566317
0.0222101
0.002994527
-0.025844689
-0.023239925
-0.009950856
-0.011478838
-0.021041568
-0.038071464
-0.033777488
0.001060717
0.010247625
0.015535366
0.048913863
0.068921386
0.050729503
0.032024205
0.067100426
0.081676198
0.021673532
0.008998524
-0.024410354
-0.078204454
-0.073214954
-0.086601724
-0.084768328
-0.103441243
-0.170297398
-0.135292985
-0.065168292
-0.044160151
0.002386389
0.044038739
0.076658425
0.114384792
0.124413652
0.095597934
0.027007734
0.000703773
0.043999646
0.04954872
0.02269228
-0.006169666
-0.019709934
-0.019034815
0.001256311
0.03962772
0.023175825
-0.013120185
-0.001549858
0.013436268
0.009090875
-0.006147613
-0.022153657
-0.010589058
-0.030423471
-0.072463729
-0.059726
-0.016498639
0.006302044
0.003181887
-0.015347065
-0.03442553
-0.045604664
-0.062636886
-0.023259763
0.030532143
0.046553466
0.068038196
0.074356075
0.087312874
0.088220067
0.051732476
0.03202546
0.004170329
-0.020635754
-0.04837374
-0.064296486
-0.038596955
-0.016170791
-0.010675751
-0.003212988
-0.031858772
-0.104098752
-0.102592018
-0.048673076
0.003388724
0.05815527
0.089470784
0.098080375
0.083627239
0.046678469
-0.020969611
-0.065496109
-0.065587814
-0.044597167
-0.022035809
-0.014263707
-0.017139811
0.025534798
0.085912625
0.081231791
0.048856578
0.00515279
-0.037420668
0.002262361
0.077924854
0.086383408
0.056158077
0.010464799
7.85395E-05
0.036731512
0.046044163
0.052084225
0.051407369
0.001873061
-0.057667899
-0.084461642
-0.053509854
-0.038467748
-0.061942639
-0.081397267
-0.091638168
-0.057440516
-0.010339659
-0.002692689
0.000660671
0.066629477
0.100016639
0.064398828
0.071947425
0.063410358
-0.026116348
-0.103875724
-0.081620587
-0.044560521
-0.056853856
-0.035983108
-0.014578582
-0.053157997
-0.067614324
-0.074715346
-0.079193147
-0.042555013
-0.015424696
-0.00515323
-0.034462221
-0.03866579
0.030052396
0.02700855
-0.022411827
-0.043728308
-0.04617594
-0.044676412
-0.051041063
0.036447584
0.102820764
0.09011777
0.054513761
0.001202025
-0.036862877
-0.075039387
-0.077260801
-0.069965022
0.005867213
0.086799652
0.060093898
0.051261425
0.10847802
0.123441796
0.104073347
0.080336298
0.062095439
0.026590795
-0.049131979
-0.042080343
0.006819301
0.070224227
0.114225237
0.096357194
0.082044302
0.055317494
0.012653841
-0.014705461
-0.016287359
-0.007351442
0.024722594
0.052784785
0.046308464
0.029584111
-0.035612488
-0.115936131
-0.10164576
-0.047405833
-0.036786316
-0.01205639
0.02668626
0.036512296
-0.008639925
-0.083823267
-0.12995044
-0.130955539
-0.114319616
-0.059182513
0.033779872
0.088715214
0.097675658
0.08698148
0.062289462
0.039041485
0.005772531
-0.047553426
-0.109651504
-0.113748616
-0.057218689
0.005872553
0.028712998
-0.006274274
-0.024213678
-0.03037064
-0.051432965
-0.03203625
-0.012069707
-0.018399422
0.009857063
0.0226079
0.004318293
-0.01564415
-0.006937227
0.016413725
0.007402331
-0.027142422
-0.004933391
0.018568791
0.011288057
0.05293864
0.066340869
0.038885141
0.031568302
0.043321942
0.048405922
0.025542143
0.015412072
0.004741072
-0.016913906
-0.004032983
-0.001718433
0.007521952
0.04021567
0.041512081
0.020416486
-0.010755658
-0.012575007
0.025870048
0.013815349
-0.01251998
-0.011423432
-0.023860181
-0.018537455
-0.026635358
-0.060662039
-0.057971354
-0.037983252
-0.032954142
-0.015166739
0.026057786
0.032848882
-0.004971466
-0.045649574
-0.050266767
0.003315464
0.020441916
0.003840913
0.011416019
0.054692093
0.089948323
0.081728635
0.060215067
0.067258002
0.066847607
0.054071632
0.025418108
-0.00906361
-0.020366188
-0.05406669
-0.119100585
-0.123166953
-0.054238842
-0.024849333
-0.052185096
-0.098574453
-0.071771549
-0.026894322
-0.036277272
-0.033194642
-0.026360133
-0.006317374
0.027658
0.033225127
0.064560673
0.084079711
0.046141242
0.020109492
0.035520991
0.074620764
0.069147461
0.015236897
-0.007764082
-0.002542084
-0.007261035
0.011431159
0.016431751
-0.010074741
-0.021676985
-0.03832832
-0.015854996
0.035747066
0.046610394
0.059990724
0.082380531
0.055337821
0.030300366
0.006206169
-0.008354953
0.002665106
-0.03137921
-0.057691781
-0.053692656
-0.061647586
-0.076032857
-0.057239509
-0.025601585
-0.02796652
-0.04946446
-0.050413171
-0.032473124
0.010600177
0.07382422
0.047105002
0.006310085
-0.006613165
-0.017803822
0.00596114
-0.001313048
-0.001653655
0.01516228
0.007858446
-0.000549083
0.032366856
0.083221102
0.106017701
0.064051708
-0.009171918
-0.072241804
-0.110001269
-0.088888754
-0.039244027
-0.031755257
-0.015110964
0.068474383
0.120819073
0.097901277
0.027669485
0.025152022
