0
0
-0.093346504
-0.038989568
0.007263621
0.039083499
0.054976758
0.032193991
-0.015675932
-0.099453513
-0.105938445
-0.03385276
-0.101291225
-0.117563411
-0.056767965
0.072849246
0.210553413
0.191127812
0.195578567
0.157672957
0.164632313
0.132260928
0.016748957
0.008728901
0.064896511
0.07942716
0.057209782
0.018093261
-0.054665818
-0.032826993
0.013938194
0.034616146
0.032238312
-0.000111784
-0.01735354
-0.049588345
-0.072859266
-0.038968349
-0.100946394
-0.187360239
-0.174131628
-0.110234582
-0.070434051
-0.108402634
-0.125380969
-0.049651559
0.050130243
0.065895451
0.090027869
0.011613363
-0.027441393
-0.057975422
-0.123166318
-0.003959118
0.118067496
0.181932015
0.183034125
0.119544179
0.082845669
0.082354792
0.045826272
0.008352831
0.013404915
-0.00524753
-0.025717734
-0.061217906
-0.096499749
-0.104108282
-0.113001119
-0.063958083
0.031920735
0.057462638
0.040362959
0.07431464
0.067887719
-0.047721149
-0.089626831
-0.0322326
-0.048407183
0.001886037
0.064067376
0.049625181
0.071667178
0.009816137
-0.040063571
-0.033604363
-0.025564514
-0.007263424
-0.02221983
0.019621906
0.107778931
0.089149763
0.014089943
-0.074380341
-0.147313782
-0.1499799
-0.151958068
-0.094133807
-0.095719402
-0.100253555
-0.027283542
-0.057724002
-0.118429526
-0.046091257
0.030940244
-0.018762439
-0.052723891
-0.062883692
-0.031419941
0.036003524
0.076764323
0.136749646
0.160295247
0.127139776
0.047093014
0.021707093
0.089485281
0.130690191
0.078946388
0.005557062
0.035011897
0.004352028
-0.107819835
-0.144907506
-0.083098407
-0.008469535
0.013677729
0.026086096
0.026737729
0.045624645
0.049419458
0.013603728
-0.0459497
-0.076160782
0.010769482
0.035929172
0.009853301
-0.014811439
-0.033454558
0.01857878
0.080638577
0.173207979
0.180483309
0.037898342
-0.112194021
-0.121737051
-0.03424094
0.017317847
0.018777346
-0.02196575
-0.035169003
0.037132194
0.095980445
0.06666969
0.012386134
0.010382624
0.082176611
0.126771411
0.078701329
-0.00739323
-0.044413198
-0.003241869
0.025965123
0.001934096
-0.035268487
-0.072956108
-0.082356667
-0.090796883
-0.076720911
-0.069220149
-0.116362144
-0.054911712
0.080397994
0.133984886
0.026334503
-0.044853254
-0.064728931
-0.034226405
0.128322335
0.132665683
-0.01971852
-0.071498146
0.003198664
-0.021615694
-0.175606914
-0.145677804
-0.01337675
-0.08198596
-0.111574708
-0.092235127
-0.106854151
-0.051940137
-0.009000023
0.028836261
0.161646459
0.215444246
0.022073155
-0.105546897
-0.022752105
0.126016961
0.197231591
0.116708624
0.014587273
-0.041734115
-0.0923643
-0.01603009
0.106081868
0.147266438
0.160714364
0.131296339
0.138600338
0.057822624
-0.068498736
-0.102305842
-0.068259221
-0.015433277
-0.056482014
-0.067327338
-0.033037946
-0.0398603
-0.064324856
-0.081378445
-0.112765515
-0.034772038
0.085739432
0.096082009
0.067911543
0.039020905
-0.017463419
-0.086408548
-0.069313971
-0.051035862
-0.057391023
0.031144024
0.106361053
0.121196322
0.100915659
0.040676781
0.018455144
0.036522946
0.050291919
-0.016627044
-0.071016116
-0.109483577
-0.149303948
-0.095297869
-0.033007495
-0.006060123
0.079840697
0.152245086
0.144276955
0.043147215
-0.012545782
-0.011173101
-0.104017292
-0.125626091
-0.106161045
-0.089345752
-0.027339746
-0.012535368
-0.046941291
-0.037914446
0.002507018
0.03273355
0.062945117
0.085090184
0.124232264
0.090165307
0.006958834
-0.029017106
0.000577424
0.059165904
0.090571781
0.111731146
0.054387113
-0.055363919
-0.118519148
-0.14213728
-0.088953529
-0.031845879
-0.089461344
-0.10709689
-0.050061727
-0.094069176
-0.161359753
-0.129173914
-0.050799682
-0.038958113
-0.023481567
0.102698567
0.128799878
0.048795724
0.014933362
0.066097019
0.119246248
0.081542208
0.025953653
-0.000126896
0.022368041
0.031393741
0.032843342
0.028676104
0.055881089
0.051650347
0.000907685
0.019094179
0.00684978
-0.066375798
-0.075195515
-0.021432737
0.049488492
0.088128013
0.036882152
-0.0241612
-0.033898688
0.029167091
0.060543591
0.047900656
0.037580401
0.013164957
0.001220861
-0.020326277
-0.073264898
-0.086257004
-0.032282908
0.009545495
-0.012974898
-0.057445677
-0.040821625
0.012706613
0.122835463
0.151510968
0.074749759
-0.008088846
-0.054339895
-0.041795115
-0.071101249
-0.125348179
-0.122001299
-0.082678835
-0.000617947
0.064366656
0.046625248
-0.013100815
-0.054309843
-0.029925225
0.008214743
-0.001319544
-0.003517793
0.002173208
0.029062622
0.030033114
-0.055361287
-0.052177454
0.00157302
0.020572576
0.022295769
0.025440264
0.020512323
-0.010228014
-0.039150818
-0.04345656
-0.032760299
-0.017759767
-0.04966064
-0.05855356
-0.03144039
0.009052614
0.039440751
0.036949763
0.038736666
0.034054749
0.03301821
0.023770707
0.009015094
-0.037081044
-0.032414451
0.013605976
0.024451943
0.030380576
0.027524988
0.0851346
0.124668242
0.082215239
0.08138161
0.086680445
0.034610238
0.007407513
0.014447558
0.005056562
-0.011989475
-0.048204766
-0.055505587
-0.027669199
0.00481363
0.011867932
-0.008560554
-0.032873045
-0.038626196
-0.030215752
-0.056762978
-0.059959223
-0.012225301
0.017552632
-0.027139602
-0.0660519
-0.048543738
-0.022839239
0.008112913
0.031223219
0.024825268
0.006229624
-0.00470694
0.00440999
-0.013832084
-0.040421765
-0.038711194
-0.020949548
0.020133487
0.062829877
0.067789481
0.055250683
0.037108608
0.018719019
0.031061599
0.043412807
0.022194241
-0.005599122
0.005811079
0.032914369
0.020880266
-0.032455146
-0.053395653
-0.030074331
-0.024378775
-0.031708971
-0.053523263
-0.046963353
0.000519776
0.017458884
0.038593638
0.055277078
0.043459117
0.018635058
-0.013844825
0.014900387
0.05388938
0.025236622
0.026941111
0.006535047
-0.032318719
-0.01494492
-0.03204846
-0.054234104
-0.088494858
-0.158746961
-0.060743678
0.011258629
0.004840657
0.053543967
0.044682876
0.018701469
0.036184124
0.039636042
-0.002168276
-0.057762713
-0.067597504
0.018397131
0.067533707
0.028065878
-0.011281984
-0.014422511
-0.005541516
0.007246025
0.022521337
-0.012912137
-0.035214453
-0.024614599
-0.014582382
-0.002954858
-0.030506705
-0.05815711
-0.056614821
-0.040690636
-0.017614394
0.028698212
0.054264745
0.069820656
0.064946855
0.030651115
-0.029117753
-0.061132095
-0.043621064
-0.004879009
0.040225233
0.04651843
0.028562724
0.009727528
0.049892615
0.08794955
0.085252623
0.072364695
0.045716845
0.01653341
-0.019848931
-0.022095432
-0.019570876
-0.050916142
-0.049689142
-0.011074554
-0.041873232
-0.122313741
-0.155728233
-0.148448362
-0.125651211
-0.079668112
-0.025261102
0.048730379
0.090271324
0.073732366
-0.006605317
-0.062956923
-0.01886454
0.04527688
0.076689389
0.096404151
0.094733346
0.108688933
0.14091119
0.102526289
0.026479437
-0.038472142
-0.048609477
-0.026266508
-0.021741318
-0.012661248
0.024680157
0.031004388
0.025596207
0.064823779
0.057994384
0.018029686
-0.016159422
-0.064437318
-0.081968071
-0.064618867
-0.010798281
0.017495011
-0.011474973
-0.044994163
-0.033046573
0.037412036
0.059265954
0.012835529
-0.002515028
0.028343251
0.04328737
0.011870772
-0.004518061
-0.01159995
-0.032086399
-0.025421579
0.014472133
0.021359554
-0.018638133
-0.028790271
-0.011519355
-0.013886559
-0.047484066
-0.08943881
-0.110334803
-0.087338669
-0.060338004
-0.05015772
-0.098409822
-0.125431059
-0.028939669
0.011781498
-0.030617268
-0.081744403
-0.045019851
0.024294962
0.033375382
0.108459307
0.142505772
0.101956459
0.065813835
0.00775183
-0.029077045
-0.056106473
-0.072699204
-0.076179088
0.021987595
0.111684448
0.100447598
0.09460823
0.147564651
0.167979619
0.126766867
0.077884429
0.041533167
-0.016175317
-0.114087812
-0.100139602
-0.045682703
-0.000251661
0.038060832
0.039404928
0.040480059
0.022619275
-0.028543137
-0.055617993
-0.012712057
0.014007856
0.007797992
-0.012321398
-0.024938761
-0.027175824
-0.097887426
-0.144975577
-0.106911745
-0.051389468
-0.033035425
-0.000211257
0.062368226
0.089062701
0.085604643
0.05658694
0.025676582
0.015274713
-0.016375564
0.003028091
0.100274735
0.132264078
0.10856575
0.089595645
0.048046342
0.00435846
-0.003868092
-0.016413231
-0.041820931
0.003667334
0.025810762
-0.012803615
-0.03046352
-0.04158126
-0.049458221
-0.068369361
-0.121623574
-0.121643406
-0.072096718
-0.031107776
0.008624706
0.025799567
0.008840436
-0.025684623
-0.068249307
-0.101175676
-0.091795996
-0.067815069
0.00152646
0.027789169
0.021098836
0.100868409
0.117597957
0.064800724
0.029903197
-0.009179257
-0.020470958
-0.017166831
0.016502685
0.037893027
0.023101386
0.014822759
-0.013960284
0.000447016
0.029039016
0.042867331
0.045924841
0.06545791
0.09612956
0.078032886
0.039574475
0.005200301
-0.00594077
-0.015199335
-0.016861837
-0.014910208
-0.034982949
-0.054815358
-0.052840749
-0.046102152
-0.04231245
-0.032852442
-0.001579807
-0.018527393
-0.017536462
-0.005603068
-0.036214329
-0.020210935
0.009711747
0.002908535
-0.047777183
-0.063108244
-0.012991033
0.004442384
0.020216771
0.046996467
0.036698613
0.020598878
-0.003119986
-0.006757259
-0.032220465
-0.09437601
-0.090647895
-0.005071319
0.04328312
0.032211641
-0.016387515
-0.007524337
0.025128256
-0.010509657
-0.02011519
-0.020131792
0.021923285
0.078631706
0.084296194
0.074822418
0.044168414
-0.01548199
-0.033706661
0.005595532
0.049995451
0.044705063
-0.018837882
-0.04646266
-0.035798426
-0.036051726
-0.020869344
-0.004230423
-0.01531459
-0.057895215
-0.088969788
-0.053704536
-0.010606628
0.049063349
0.108106306
0.124806178
0.080920717
0.011381043
-0.017028908
-0.007911383
0.041237404
0.04374016
0.008572863
0.009446548
0.021378678
-0.019411558
-0.088168455
-0.083866519
-0.041851391
-0.02450674
-0.037199448
-0.084090772
-0.093707877
-0.016708451
0.005602555
-0.018905082
-0.028656872
-0.018764844
0.001242049
-0.039191562
-0.032496551
0.046037332
0.10295514
0.100568496
0.080476654
0.07050717
0.03190856
-0.028868221
-0.078637374
-0.047520991
-0.009334149
-0.0054789
0.024934031
0.011398243
0.011075619
0.047664798
0.020651599
-0.058942014
-0.119264708
-0.08215087
