0.000000
0.000000
-0.076975
-0.053070
-0.010268
-0.007077
-0.028776
-0.041584
-0.057284
-0.085080
-0.106801
-0.099999
-0.102783
-0.071301
-0.021491
0.009226
0.064979
0.077696
0.073221
0.056132
0.038945
0.021045
0.013574
0.028017
0.032624
0.033598
0.033103
0.025225
0.007176
0.011822
0.021739
0.017707
0.003423
-0.007275
-0.007044
-0.007623
0.000033
0.007821
-0.021756
-0.050567
-0.058041
-0.048475
-0.036503
-0.043266
-0.047305
-0.027092
-0.004580
-0.010913
-0.022549
-0.042475
-0.041864
-0.056494
-0.073910
-0.050452
-0.009491
0.026315
0.021508
0.007408
0.015095
0.034374
0.052790
0.061643
0.057778
0.046810
0.044750
0.044700
0.037014
0.019707
0.030461
0.054832
0.043893
0.039143
0.039374
0.034341
0.021805
-0.004431
-0.011376
-0.000645
-0.018864
-0.022697
0.004167
0.019822
0.036008
0.036387
0.024399
0.024482
0.023424
0.028644
0.023705
0.014913
0.027967
0.050205
0.074336
0.080563
0.041831
0.012764
-0.006862
-0.021194
-0.031914
-0.056922
-0.046942
-0.062251
-0.108295
-0.088873
-0.046530
-0.041040
-0.054173
-0.069627
-0.066047
-0.046843
-0.029800
-0.019310
-0.019789
-0.043101
-0.059867
-0.045558
-0.026101
-0.005523
0.011508
0.015426
0.029734
0.034423
0.001802
-0.039341
-0.038334
-0.035199
-0.055704
-0.062695
-0.045310
-0.021194
-0.012500
-0.018120
-0.041815
-0.045887
-0.018484
-0.017360
-0.038730
-0.058189
-0.057037
-0.032343
-0.013178
0.018054
0.035777
0.012516
-0.018004
-0.033367
-0.012698
0.018517
0.026002
0.014814
0.013938
0.031286
0.036437
0.022830
0.003820
0.009326
0.044074
0.073401
0.075664
0.045129
0.026299
0.040809
0.048953
0.037476
0.018054
-0.002745
-0.019227
-0.034885
-0.033449
-0.037278
-0.067328
-0.067263
-0.011525
0.047470
0.022813
0.002001
0.005903
0.019591
0.080743
0.098240
0.058666
0.042442
0.067279
0.063944
0.010268
0.003357
0.027389
-0.015955
-0.059735
-0.071334
-0.087255
-0.105744
-0.108702
-0.113052
-0.071531
-0.010797
-0.036668
-0.082478
-0.069085
-0.007920
0.026183
0.002662
-0.017128
-0.038351
-0.075648
-0.053861
0.007143
0.049035
0.070628
0.067591
0.082151
0.084589
0.046431
0.030230
0.041419
0.044981
-0.000050
-0.029173
-0.016583
-0.015922
-0.025440
-0.037839
-0.051967
-0.025770
0.015773
0.034093
0.039737
0.031237
0.011277
-0.007011
0.010499
0.016847
0.004382
0.027389
0.049084
0.062892
0.078745
0.071859
0.064585
0.065604
0.068626
0.049496
0.025572
0.002216
-0.015971
-0.006135
0.009722
0.016467
0.036074
0.053943
0.050748
0.028479
0.019293
0.022978
-0.007672
-0.027901
-0.031121
-0.025902
-0.011277
-0.015095
-0.029602
-0.020318
-0.010962
-0.018897
-0.014699
-0.009392
0.008334
0.018781
0.010731
0.002216
0.006482
0.015426
0.014980
0.026530
0.035166
0.020715
0.006416
0.000314
0.005787
0.016054
-0.005936
-0.033317
-0.030609
-0.028264
-0.025357
-0.013062
-0.010549
-0.028776
-0.043942
-0.019029
-0.001108
-0.010466
-0.012764
0.006531
0.022929
0.022830
0.022631
0.011723
0.010929
0.020417
0.029569
0.030626
0.041073
0.044354
0.025754
0.016418
-0.001571
-0.025010
-0.036437
-0.024399
0.001736
0.010466
0.002265
-0.006912
-0.013773
0.001306
0.014219
0.007209
-0.002001
-0.015046
-0.021210
-0.025308
-0.037460
-0.042936
-0.029553
-0.015839
-0.020880
-0.023342
-0.005920
0.003555
0.025638
0.050715
0.049645
0.035529
0.030890
0.032393
0.014021
-0.009772
-0.018583
-0.019905
-0.006383
0.009888
0.010318
0.002315
-0.004746
-0.001124
0.006978
0.012252
0.017740
0.019326
0.018847
0.012169
-0.020516
-0.025556
-0.013128
-0.016236
-0.021706
-0.019872
-0.012764
-0.019756
-0.035199
-0.045030
-0.046497
-0.038516
-0.041782
-0.039522
-0.028710
-0.011062
0.007904
0.017062
0.016566
-0.002100
-0.016219
-0.021838
-0.027455
-0.037361
-0.039258
-0.031633
-0.015227
-0.000678
0.001141
0.015789
0.031980
0.036503
0.042277
0.038384
0.028231
0.029883
0.033746
0.026844
0.011029
-0.011574
-0.016285
-0.005936
0.011293
0.016599
0.010004
0.004349
-0.001389
0.000661
-0.010086
-0.011194
0.006697
0.010433
0.001290
-0.000099
0.009260
0.015591
0.021656
0.020120
0.009226
0.002728
-0.004167
-0.012649
-0.029965
-0.036536
-0.019640
-0.008416
-0.002398
0.006482
0.010830
0.013740
0.011839
0.007209
0.008019
0.019260
0.025209
0.022020
0.019277
0.015393
0.005639
-0.010764
-0.012434
0.002034
0.007953
0.005572
-0.004382
-0.013624
-0.007523
-0.003555
-0.001902
0.008896
0.017492
0.014037
0.011045
0.012748
0.017360
0.014087
0.017789
0.012120
-0.002050
0.001554
-0.004531
-0.010499
-0.018219
-0.048211
-0.038648
-0.021987
-0.025258
-0.012715
-0.000347
0.003026
0.009805
0.023606
0.023524
0.009524
-0.000430
0.004448
0.017591
0.021987
0.016070
0.013773
0.012467
0.015095
0.016335
0.000645
-0.009739
-0.006350
0.003208
0.007094
-0.003869
-0.018979
-0.029222
-0.035760
-0.040462
-0.031319
-0.023276
-0.017591
-0.012186
-0.010830
-0.023457
-0.034984
-0.046085
-0.036107
-0.008267
-0.000215
0.002150
0.001935
0.009127
0.011987
0.012450
0.012268
0.003059
-0.001240
-0.008036
-0.012516
-0.017905
-0.020153
-0.003472
0.006465
-0.007854
-0.031088
-0.031765
-0.028479
-0.028248
-0.010566
-0.004861
-0.005043
-0.002083
-0.002150
-0.021789
-0.046069
-0.039638
-0.017872
0.001687
0.019806
0.034291
0.041798
0.047189
0.040858
0.033647
0.026068
0.012831
0.013773
0.020467
0.023937
0.025886
0.023441
0.019459
0.023507
0.024366
0.027191
0.036849
0.034440
0.025919
0.014632
0.011111
0.011144
0.003787
-0.011326
-0.021260
-0.024085
-0.022714
-0.027356
-0.043002
-0.038384
-0.026712
-0.014814
0.000546
0.008350
0.010681
0.005523
0.000645
-0.007011
-0.023738
-0.031732
-0.026200
-0.027290
-0.036849
-0.028017
-0.002943
0.003357
0.003836
0.001058
-0.021789
-0.026877
-0.006945
0.002199
-0.015442
-0.039819
-0.044733
-0.039638
-0.033020
-0.017178
-0.010599
-0.006862
0.004217
0.010400
0.010781
0.001720
-0.010913
-0.026960
-0.028727
-0.018401
-0.019740
-0.011144
0.013277
0.030824
0.052461
0.051539
0.037988
0.041122
0.040776
0.039935
0.033911
0.031501
0.027059
0.011392
0.001951
0.010301
0.015690
0.010946
0.007623
0.001554
-0.009921
-0.028083
-0.028694
-0.022136
-0.029800
-0.028743
-0.025258
-0.018500
-0.010665
-0.001935
0.012417
0.019244
0.023722
0.018203
0.009805
0.007094
0.001406
0.000794
0.012847
0.018798
0.020384
0.020863
0.016252
0.015938
0.011756
0.006548
0.006118
0.016781
0.031848
0.036371
0.032360
0.021045
0.007391
-0.004431
-0.022119
-0.029850
-0.022053
-0.016732
-0.005076
-0.003291
-0.022549
-0.029321
-0.024151
-0.026596
-0.027422
-0.025919
-0.012483
-0.011326
-0.013525
0.011987
0.031286
0.049018
0.058699
0.033697
0.006912
0.001207
0.009871
-0.001323
-0.025407
-0.026282
-0.020434
-0.005837
-0.005142
-0.017955
-0.007358
-0.000661
-0.003472
0.003489
0.016699
0.021524
0.017393
0.015112
0.005209
-0.015624
-0.033845
-0.024052
-0.010747
-0.011161
0.000099
0.008797
0.007441
-0.006333
-0.022251
-0.030692
-0.032541
-0.018137
0.009375
0.030560
0.031072
0.021343
0.020896
0.034159
0.042359
0.036536
0.028677
0.020103
0.009623
0.001306
-0.016748
-0.031220
-0.030164
-0.017227
-0.010169
-0.018781
-0.028050
-0.018913
-0.011277
-0.016153
-0.013376
-0.009210
0.001620
0.013343
0.017542
0.020913
0.012682
-0.000595
0.000943
0.010665
0.015657
0.014401
0.004498
-0.002530
0.005738
0.007573
0.003803
0.007639
0.008334
0.010747
0.020186
0.027472
0.029041
0.022037
0.010747
0.009838
0.008879
-0.001207
-0.004349
0.000496
0.010880
0.008863
0.000463
0.000331
0.000612
-0.003390
-0.010433
-0.013194
-0.015475
-0.016434
-0.015806
-0.015525
-0.010119
0.004117
0.011806
0.013475
0.007094
-0.006300
-0.014715
-0.026150
-0.030213
-0.021062
-0.010218
-0.000397
0.007160
0.009309
0.008003
0.008053
0.011293
0.025704
0.027323
0.018930
0.016385
0.007325
0.008433
0.013855
0.011491
0.001703
-0.013244
-0.017145
