0.000000
0.000000
-0.024060
-0.027706
-0.027028
-0.023372
-0.018224
-0.015212
-0.016678
-0.026022
-0.035975
-0.039137
-0.048635
-0.059661
-0.064949
-0.058155
-0.038076
-0.019883
-0.001230
0.013707
0.029311
0.041770
0.043333
0.044147
0.050211
0.057633
0.062965
0.064647
0.059555
0.056498
0.057796
0.061019
0.064019
0.064008
0.062394
0.057775
0.050970
0.047335
0.037869
0.020048
0.003508
-0.006868
-0.013473
-0.023669
-0.035476
-0.040117
-0.035431
-0.029263
-0.020814
-0.019728
-0.022295
-0.027723
-0.039314
-0.039684
-0.028580
-0.011281
0.006136
0.017398
0.025170
0.032891
0.037175
0.037955
0.039206
0.038716
0.036314
0.030586
0.021525
0.011736
0.001097
-0.004898
-0.001911
0.003474
0.007253
0.014224
0.020586
0.016119
0.007702
0.004685
0.000151
0.000328
0.006334
0.010982
0.017702
0.018619
0.014870
0.011725
0.009333
0.008654
0.006575
0.008410
0.018550
0.026917
0.028234
0.021262
0.007333
-0.006858
-0.021237
-0.030074
-0.039054
-0.048454
-0.050998
-0.056383
-0.067477
-0.071763
-0.068888
-0.070631
-0.075531
-0.081371
-0.084282
-0.080946
-0.073807
-0.060981
-0.045854
-0.033891
-0.029487
-0.027458
-0.019059
-0.006730
0.000679
0.001198
0.004476
0.004883
-0.005263
-0.018961
-0.026756
-0.027547
-0.026269
-0.023830
-0.021330
-0.017059
-0.012432
-0.011159
-0.015461
-0.022603
-0.021597
-0.018235
-0.017314
-0.018699
-0.021828
-0.020091
-0.012525
0.003927
0.021089
0.024634
0.014077
0.002604
-0.000601
0.001019
0.002776
0.000721
-0.002571
0.000905
0.009925
0.016175
0.017333
0.018304
0.026013
0.037950
0.045317
0.044627
0.040480
0.040177
0.042601
0.042781
0.039488
0.032658
0.024936
0.016412
0.009215
0.002724
-0.008236
-0.013380
-0.005835
0.006813
0.009278
0.005078
-0.000991
-0.004194
0.007910
0.020428
0.018584
0.011881
0.012180
0.010158
-0.006530
-0.020302
-0.021552
-0.029241
-0.039726
-0.048366
-0.058378
-0.063216
-0.064053
-0.061370
-0.046113
-0.025513
-0.023450
-0.033367
-0.035493
-0.023624
-0.004809
0.006184
0.007549
0.003641
-0.005037
-0.006536
0.003444
0.017371
0.032590
0.044952
0.057993
0.063381
0.056993
0.047411
0.041029
0.039588
0.034306
0.028002
0.024913
0.021184
0.015157
0.007520
-0.003097
-0.006352
0.001698
0.010728
0.017095
0.020746
0.019113
0.011002
0.004502
-0.000279
-0.005657
-0.002742
0.007265
0.018685
0.028166
0.031970
0.033694
0.037107
0.041807
0.040255
0.033608
0.023316
0.009196
0.000240
-0.002850
-0.003417
0.004076
0.018484
0.032111
0.036145
0.034973
0.033930
0.024158
0.012317
0.002330
-0.006062
-0.008621
-0.009793
-0.014189
-0.017737
-0.017503
-0.014440
-0.008541
-0.000551
0.011161
0.019628
0.020279
0.017564
0.017618
0.023160
0.031658
0.042155
0.047236
0.042064
0.030920
0.017498
0.009145
0.006165
-0.002239
-0.012315
-0.017003
-0.025836
-0.041106
-0.053252
-0.057989
-0.061617
-0.063801
-0.054193
-0.042084
-0.037525
-0.036130
-0.029943
-0.018717
-0.011066
-0.008637
-0.008649
-0.006556
-0.003618
-0.000544
0.002140
0.007376
0.012214
0.012299
0.014085
0.014726
0.008504
0.001449
-0.000557
0.004079
0.012355
0.015807
0.013546
0.010374
0.013103
0.018776
0.023259
0.026774
0.028004
0.028118
0.026219
0.019351
0.011254
0.008233
0.009126
0.007912
0.002529
-0.001293
-0.000104
0.011474
0.025807
0.032810
0.032055
0.026970
0.023060
0.016396
0.004578
-0.006922
-0.014682
-0.014740
-0.008707
-0.004340
-0.005566
-0.010654
-0.013454
-0.012686
-0.012809
-0.013138
-0.012935
-0.010215
-0.007405
-0.012591
-0.017477
-0.017330
-0.015406
-0.013320
-0.010940
-0.009021
-0.009978
-0.013643
-0.017710
-0.020775
-0.022436
-0.027083
-0.032563
-0.035501
-0.034656
-0.030969
-0.027514
-0.023891
-0.020706
-0.017617
-0.015393
-0.014550
-0.018020
-0.021052
-0.019780
-0.017493
-0.014651
-0.012075
-0.004082
0.007672
0.015388
0.023023
0.031154
0.034389
0.035080
0.036430
0.036902
0.035782
0.031275
0.026080
0.023493
0.023943
0.025053
0.024252
0.021178
0.017563
0.014736
0.009419
0.003799
0.002656
0.004298
0.001758
-0.004435
-0.008981
-0.011118
-0.010359
-0.007437
-0.005114
-0.004531
-0.004972
-0.004559
-0.005853
-0.009638
-0.013261
-0.015221
-0.013338
-0.007449
-0.001093
0.004084
0.007558
0.009310
0.012216
0.016280
0.018356
0.017833
0.018376
0.021455
0.023408
0.020372
0.015372
0.012558
0.010277
0.007309
0.002295
-0.002104
-0.002055
-0.000421
0.003192
0.008371
0.012440
0.014183
0.012888
0.014282
0.019329
0.021689
0.024208
0.024819
0.021796
0.020399
0.017401
0.012321
0.004010
-0.011031
-0.016723
-0.015670
-0.015217
-0.010202
-0.006018
-0.004268
-0.000881
0.002830
0.002628
-0.002785
-0.009124
-0.007402
-0.001070
0.001557
0.000501
-0.000848
-0.001367
-0.000689
0.001419
0.000211
-0.003086
-0.005389
-0.006754
-0.007030
-0.009885
-0.015334
-0.020636
-0.024443
-0.026090
-0.023406
-0.018325
-0.011780
-0.005692
-0.002823
-0.005548
-0.011277
-0.015361
-0.015817
-0.012052
-0.007696
-0.005023
-0.004113
0.000561
0.008820
0.016823
0.023607
0.027884
0.029429
0.027574
0.025509
0.023679
0.018913
0.014260
0.013224
0.009304
-0.002225
-0.016971
-0.031002
-0.042827
-0.050280
-0.052634
-0.048088
-0.039632
-0.032729
-0.033346
-0.039236
-0.040997
-0.036766
-0.029582
-0.020530
-0.011631
-0.001402
0.011912
0.021551
0.024027
0.020428
0.015877
0.013420
0.011386
0.010201
0.012510
0.015412
0.017806
0.023879
0.029308
0.030993
0.029483
0.023449
0.015759
0.009702
0.008692
0.010329
0.009255
0.005042
0.001949
0.005451
0.011005
0.012206
0.011970
0.014622
0.018674
0.019784
0.019362
0.018277
0.015275
0.012897
0.014250
0.016248
0.014505
0.011811
0.010733
0.009434
0.004987
-0.003414
-0.013798
-0.021996
-0.027646
-0.032338
-0.041571
-0.053358
-0.056055
-0.054958
-0.057810
-0.065439
-0.069626
-0.067369
-0.064265
-0.054112
-0.040688
-0.031118
-0.024955
-0.024230
-0.026949
-0.032199
-0.039006
-0.046134
-0.044083
-0.033592
-0.024159
-0.015274
-0.001317
0.014623
0.026571
0.033870
0.037751
0.036241
0.025513
0.016103
0.011826
0.011803
0.015365
0.019053
0.022840
0.024955
0.022286
0.017078
0.015889
0.017199
0.017928
0.016776
0.014443
0.011900
0.002699
-0.011008
-0.021064
-0.025874
-0.028963
-0.028982
-0.023142
-0.014781
-0.009014
-0.003712
0.000960
0.002390
0.000857
0.001141
0.010569
0.023047
0.033252
0.041650
0.046137
0.046543
0.046183
0.044652
0.040746
0.041089
0.043498
0.042303
0.039459
0.035574
0.030949
0.024545
0.013088
0.001623
-0.005139
-0.008051
-0.007244
-0.004829
-0.004002
-0.006406
-0.012805
-0.022315
-0.030930
-0.037278
-0.037135
-0.034539
-0.032568
-0.023094
-0.012021
-0.005947
-0.003148
-0.004007
-0.005922
-0.007528
-0.005984
-0.002437
-0.000275
0.001112
-0.000194
-0.000153
0.002565
0.006579
0.010880
0.017015
0.026044
0.033357
0.037055
0.037541
0.036986
0.035567
0.033992
0.032599
0.029329
0.024198
0.019252
0.014936
0.010975
0.007900
0.007752
0.006019
0.004378
0.003854
0.000464
-0.001428
-0.000519
-0.000247
-0.004722
-0.010637
-0.011852
-0.011437
-0.009545
-0.005144
-0.001708
0.000219
-0.000073
-0.000705
-0.003721
-0.017915
-0.026424
-0.021575
-0.017524
-0.014510
-0.016043
-0.016746
-0.014396
-0.015379
-0.017260
-0.019143
-0.017092
-0.009715
-0.001801
0.005218
0.009354
0.007906
0.004751
0.005274
0.009957
0.014142
0.012380
0.008029
0.004678
0.001303
-0.000649
-0.001045
-0.002478
-0.007903
-0.016258
-0.021287
-0.022279
-0.017686
-0.007515
0.004253
0.011848
0.012912
0.011319
0.010579
0.014439
0.018534
0.019335
0.020219
0.022218
0.020403
0.012125
0.004252
0.000334
-0.001960
-0.005442
-0.013336
-0.022137
-0.023700
-0.023176
-0.024943
-0.027623
-0.029376
-0.029260
-0.032924
-0.035961
-0.031656
-0.021984
-0.012531
-0.004979
0.001634
0.004620
0.001918
-0.005461
-0.009912
-0.010785
-0.011297
-0.008964
-0.007898
-0.006862
-0.002398
-0.000465
-0.005989
-0.017224
-0.024931
