0
0
-0.00858932
0.030074494
0.053658178
0.076706511
0.058237896
0.027984107
-0.007609312
-0.049648643
-0.047640691
-0.049426488
-0.050903241
-0.025594082
0.009036919
0.107943136
0.165984665
0.129898287
0.099256377
0.030375717
-0.035239729
-0.082491631
-0.084252352
-0.045661915
0.006276423
0.102040289
0.183728044
0.131406047
0.055237423
0.073914438
0.036655496
0.003666719
0.00288474
0.000994754
0.035059337
0.059665895
0.057933067
0.016076363
-0.075045066
-0.104277789
-0.095597557
-0.062313678
-0.047995997
-0.110942177
-0.123179765
-0.04953793
-0.027122187
-0.035882933
-0.011265471
-0.066590271
-0.056364761
-0.036191687
-0.040270733
-0.018136698
0.034730825
0.075005163
0.020534762
-0.012600663
0.017684401
0.077525519
0.09091119
0.066996104
0.040117066
0.029237802
0.041115908
0.00753473
-0.033247772
-0.046065131
-0.065974665
-0.055822961
0.024029658
0.106066806
0.120676805
0.0725985
0.000701507
-0.031179908
-0.01537384
0.011722575
-0.012553076
0.048500362
0.147604507
0.124826718
0.004698893
-0.113387289
-0.112416979
-0.091339649
-0.081182426
-0.085226368
-0.101555171
-0.056482251
-0.013840863
0.012122544
0.007607367
-0.051522246
-0.0697462
-0.045091109
0.010575879
0.086384922
0.087413988
0.091455986
0.042213693
-0.076802253
-0.099689375
-0.029658402
-0.007445438
-0.064181529
-0.10293714
-0.109936204
-0.042684264
0.032380801
0.055884918
0.085652712
0.056090994
-0.001839782
-0.042429824
-0.058626831
-0.050467971
-0.01289949
-0.016056919
-0.039369371
0.012782197
0.025682928
0.027545595
0.005753239
0.007131305
0.039667268
0.062227134
0.08237496
0.060131273
0.038389001
0.014295006
0.090335448
0.16743047
0.151080269
0.096238746
0.037640124
0.023075759
-0.048879005
-0.117835528
-0.126868384
-0.066092248
0.014266079
0.031434604
-0.002657026
-0.061195081
-0.029776723
0.044742083
0.024053771
-0.026018452
-0.061313438
-0.073888573
-0.073420441
-0.034753095
-0.004184388
-0.034645328
-0.039956058
0.024997704
0.061757884
0.050167056
0.015526245
-0.027299191
-0.009591913
0.049746757
0.044713719
-0.005772933
0.003016711
0.02769108
-0.002835136
-0.013500782
0.023865729
-0.002299771
-0.017399249
0.016082014
0.026474811
-0.047959953
-0.078773791
-0.08026835
-0.03279454
0.131856563
0.121554621
0.01203764
-0.015947236
0.022249662
0.047658199
-0.037377037
0.006599497
0.093234958
-0.010919461
-0.144678555
-0.200500112
-0.185447712
-0.146368315
-0.125490969
-0.109574338
0.120525638
0.308429521
0.155119894
-0.042027324
-0.105950259
-0.035564886
0.044821114
-0.055738979
-0.157114381
-0.1832513
-0.133998354
0.023804507
0.201249484
0.316372065
0.285480973
0.295788542
0.338683165
0.163990274
-0.060304307
-0.091087214
-0.029927279
-0.028463707
-0.111083772
-0.079683139
-0.010114442
-0.039622572
-0.109073015
-0.184450882
-0.216284201
-0.083508552
0.10123567
0.163643332
0.15516555
0.090942109
0.021162061
-0.011855494
0.003110447
-0.002374723
-0.006227855
0.072780147
0.099750518
0.022712282
-0.048490609
-0.054707201
-0.093894099
-0.093660861
-0.000221333
-0.021424067
-0.093376432
-0.157229609
-0.199344477
-0.176416826
-0.105203243
-0.042818604
0.094550356
0.170607651
0.156362668
0.08086329
-0.005369069
-0.002787721
-0.046725474
-0.103343988
-0.157434754
-0.135989433
-0.077336717
-0.0377612
-0.036382613
-0.018569177
0.028558241
0.050026737
0.078683333
0.065578412
0.115314062
0.126282697
0.061168122
0.019454699
0.014057756
0.047521221
0.088098213
0.151417589
0.137424921
0.030591096
-0.028026488
-0.038158752
-0.007595027
0.015271142
-0.055633395
-0.100668654
-0.081885977
-0.081842769
-0.078436823
-0.047861389
-0.030829114
-0.059148171
-0.063322552
0.01926569
0.068553731
0.064515245
0.055427849
0.083220462
0.106514125
0.089472236
0.077034518
0.048090137
0.039361486
0.053176487
0.018574342
-0.043066544
0.020366724
0.037959008
-0.029900386
-0.012064077
-0.007560624
-0.058518759
-0.090629484
-0.067204171
-0.001411889
0.049144484
0.045201286
0.018250014
-0.011074263
0.000428625
0.008318168
-0.026502502
-0.092877951
-0.122996119
-0.063955274
-0.029615238
-0.067366101
-0.09640863
-0.038796653
0.039133022
0.016544193
-0.001060467
0.084536397
0.124095842
0.134653751
0.149282049
0.083718786
-0.072220586
-0.141780292
-0.123453635
-0.132816716
-0.13096457
-0.094557373
-0.050536158
0.014325391
0.054952046
0.051739788
0.056674996
0.050794063
0.046764131
0.067449781
0.080904523
0.056965554
0.030556616
0.031249835
0.0192214
-0.045217043
-0.056303233
-0.043856141
-0.044945416
-0.047610157
-0.044991415
-0.010643466
-0.02926834
-0.062160713
-0.048018715
-0.043815288
-0.017041238
0.008054309
-0.012618834
-0.016853238
0.026043958
0.06824425
0.089186216
0.067975376
0.031099661
0.018177649
0.00078181
-0.001125268
-0.01062584
-0.027991332
-0.032548557
-0.028181256
-0.022742592
0.023860567
0.078762288
0.062693562
0.077255687
0.088053271
0.048823521
0.063535663
0.069099848
0.0199561
-0.018022288
-0.052087309
-0.059323653
-0.051704309
-0.041674399
-0.018095321
0.007016239
0.002160322
0.009411637
0.035227594
-0.034514319
-0.09757823
-0.09680052
-0.099821061
-0.108834772
-0.052791555
0.028017745
0.054293556
0.044961052
0.032438095
0.046000111
0.067420379
0.053883697
0.015739597
-0.007588584
-0.055298478
-0.078060976
-0.059325588
-0.011799337
0.039791894
0.056231237
0.05557192
0.050298348
0.03948078
0.035623011
0.045538838
0.031201518
0.010821
-0.012642172
-0.029068477
-0.049707209
-0.078332746
-0.064958878
-0.012976369
0.055670184
0.086540063
0.065461542
0.035438562
0.034281546
0.007064624
-0.079540677
-0.089155703
-0.035308656
-0.018194845
0.017632936
0.029754686
-0.014554312
-0.020491264
-0.036990855
-0.072026491
-0.037465603
-0.015402279
-0.028360248
-0.056454603
-0.154762881
-0.095748108
-0.02505455
0.008642261
0.13228018
0.148994594
0.105075066
0.090717625
0.100520419
0.072175109
-0.008587739
-0.01430953
0.033419276
0.024020062
-0.01146403
-0.075724629
-0.064944923
-0.013694463
0.015448401
-0.021919636
-0.061676831
-0.028803951
0.037418469
0.086095903
0.043124133
-0.005103066
0.009290683
0.011954741
-0.015576013
-0.01737148
-0.018856316
-0.034616748
-0.029059431
-0.034859101
-0.088779191
-0.100171836
-0.074016933
-0.050121999
-0.031330383
-0.017390256
0.031443224
0.062974257
0.113640248
0.14613692
0.086966563
0.019597897
-0.033320537
-0.062149049
-0.068040151
-0.050796909
-0.043324114
-0.064369111
-0.041548286
-0.004185786
-0.029208115
-0.063853048
-0.029241627
0.02342228
0.021315571
0.056309585
0.066998399
0.056691874
0.094076514
0.081259889
-0.00266578
-0.083058992
-0.079314209
0.01935822
0.09155185
0.098263561
0.08952563
0.085022528
0.082138419
0.023228885
-0.035273465
-0.07119127
-0.090475414
-0.07567051
-0.013488201
0.029365295
0.042818361
0.046006171
0.021131262
0.011655842
0.005775121
0.011184697
0.020372495
0.010951248
-0.025126638
-0.042391327
-0.019253296
-0.025512461
-0.048759315
-0.053372606
-0.02145353
-0.00632189
-0.047119966
-0.04173788
0.018855951
0.060495411
0.073284044
0.073177974
0.062371333
0.044358069
0.003278831
-0.045814199
-0.003571951
0.040439859
-0.007596365
-0.046876039
-0.040281344
-0.032040243
-0.080434626
-0.120426857
-0.080205257
-0.046764433
-0.033640237
-0.028374941
-0.071883478
-0.041474618
0.053328177
0.071861823
0.059575015
0.015597585
-0.021362955
-0.021806346
-0.01958526
0.058633725
0.088943184
0.042803145
0.010492612
-0.030253517
-0.034988587
-0.047552603
-0.117602409
-0.133508288
-0.044555048
0.006629647
-0.015800182
0.034898481
0.118473828
0.117774452
0.130234726
0.113058164
0.091087574
0.071435108
-0.020754374
-0.028315865
-0.004327725
0.021918056
0.067812922
0.037474096
0.028286903
0.0456907
0.015628758
-0.002960239
-0.003535295
-0.016248329
-0.02335249
-0.063880779
-0.083355275
-0.052885808
-0.094033626
-0.1332552
-0.041534765
0.053522294
0.022448476
0.020099051
0.124241107
0.181757406
0.139347219
0.078437666
0.019512537
-0.027269741
-0.080936425
-0.076939987
-0.024330241
-0.026560737
-0.00058777
0.034912134
0.019772808
-0.010001452
0.001919233
0.013108553
-0.009256219
-0.019607983
-0.077364549
-0.138916812
-0.12290551
-0.065186478
-0.021909066
-0.01665375
-0.040719163
-0.03952578
-0.010927727
0.008180738
0.027543105
0.028450653
0.001274688
-0.014978239
-0.016650287
-0.037659656
-0.039115919
-0.047505894
0.008784005
0.0617655
0.075551298
0.116471659
0.080664765
0.032871497
0.003260169
-0.015529466
-0.02005616
-0.02299637
0.033226167
0.090369074
0.080403924
0.034263281
-0.013519621
-0.0172821
-0.034766869
-0.045775901
-0.015794287
-0.017691875
-0.027713242
-0.007832631
0.030193478
0.065845544
0.070752728
0.044736265
0.050980143
0.03551398
-0.012663382
0.005916753
0.001232014
-0.018463822
-0.030175995
-0.039294409
-0.022846096
-0.060479995
-0.074381132
-0.0673466
-0.060551091
-0.028239362
-0.024586966
-0.057657801
-0.086292653
-0.052975276
0.016985276
0.041808453
0.061661902
0.090965102
0.070467885
-0.005587353
-0.035862729
-0.04054137
-0.059780777
-0.068369626
-0.071515459
-0.021124154
0.030304024
0.021137215
-0.042718091
-0.041610251
0.001016638
0.001056455
-0.014666615
-0.022184787
0.023772255
0.070686903
0.044149992
0.006661863
0.011893965
0.014717783
-0.009281443
-0.009273056
0.016505607
0.038854272
0.03866443
0.018501918
0.027292208
0.011385385
0.020484338
0.091289464
0.093929431
0.030479097
-0.008382658
0.026110879
0.058097761
0.04592479
0.036074351
0.046238797
0.000313915
-0.089261898
-0.092740718
-0.04436716
0.01577545
0.009363194
-0.025813009
-0.034545206
-0.066652407
-0.077907979
-0.097166235
-0.087540122
-0.030555888
-0.013172486
-0.005529788
-0.010550838
-0.045063413
-0.012451582
0.023246924
0.010869501
-0.02120738
-0.011813983
0.072832977
0.077108925
0.028790108
0.081082751
0.127258077
0.12271519
0.1341692
0.123269771
0.071132751
-0.003154883
-0.07549802
-0.088285547
-0.074201658
-0.074973095
-0.032556508
-0.028576152
-0.046309449
0.009209296
0.042974764
-0.001575594
-0.087872114
-0.075316543
