0
0
-0.00931205
0.000240312
0.00928511
0.000200905
-0.007851701
-0.00615528
-0.007883362
-0.011697677
-0.013530075
-0.001421989
-9.8295E-05
0.002555984
0.002402554
-0.000102731
0.01116831
0.000927006
-0.001339384
-0.003354797
-0.00265202
0.001315143
0.002423931
0.009885485
0.008531671
0.009471511
0.010461412
0.001319983
-0.006298701
0.000586704
0.007746116
0.009404686
0.000994647
-0.000956006
0.000507689
0.00302652
0.011221784
0.008406971
-0.001698924
-0.009367825
-0.010814319
-0.001260208
0.000437063
-0.008672221
-0.007916956
0.000134838
0.000398504
-0.008190438
-0.009580843
-0.011204887
-0.002203666
-0.002698162
-0.007156274
0.00437092
0.009274221
0.008831121
0.001419892
-0.005704728
5.68715E-05
0.007590116
0.009258815
0.009591732
0.009103789
0.001436146
0.000318884
0.007662954
0.008054282
0.000876265
0.008111592
0.01850888
-0.000209578
-0.001397708
0.011808493
0.010364343
0.000834761
-0.011443177
-0.002480237
0.012501325
-0.001788224
0.005821047
0.026070047
0.019790164
0.01809953
-0.001333133
-0.003315795
0.013990322
0.015665422
0.020446652
0.001930725
-9.5875E-05
0.017413726
0.020585879
0.023693132
0.024696013
0.003121869
-0.007159137
-0.007239155
-0.001452078
-0.002676462
-0.021347898
-0.001595547
-0.002968399
-0.026779109
-0.006214447
0.02184294
0.006904041
-0.014128225
-0.017958549
-0.019572888
-0.001412147
-0.001933306
-0.002690297
0.000573394
-0.018737417
-0.01853327
-0.002324991
-0.001065393
0.003895994
0.003092951
-0.000953828
0.013044134
-0.00056327
-0.015892662
-0.015319638
-0.003058102
-0.003491246
-0.017517781
-0.022188999
-0.00351706
0.013627577
-0.003171642
-0.017089098
-0.021879778
-0.006720452
0.014495477
0.00081411
-0.017716295
-0.022357834
-0.011833656
0.006549768
-0.001345475
0.003420017
0.004569198
-0.012521891
-0.01378516
-0.017589341
-0.0018939
0.016661211
0.002421349
-0.01279622
0.002056447
0.020127602
0.005335201
-0.012063876
-0.012817793
0.001339667
0.017430981
0.016542717
0.0018674
-0.011254206
0.000698431
0.01175127
0.011667876
-4.3763E-05
-0.009301968
-0.010941108
-0.01558954
-0.016038214
0.00077559
-0.000837141
-0.020515016
0.010915742
0.036582943
0.026368094
-0.003026722
-0.00051983
-0.000216071
0.002367301
0.030727337
0.002658877
-0.023358755
-0.003366091
0.01648095
0.000104224
-0.020662103
-0.00393532
-0.001143279
-0.020219549
-0.020456971
-0.024829034
-0.028115128
-0.034860296
-0.0388214
-0.037019079
-0.003652218
0.034816371
-0.002476002
-0.042969202
-0.006246431
0.030026449
0.001923908
-0.025958112
-0.027650533
-0.030691773
-0.029189724
0.007449925
0.039501967
0.035403843
0.029834151
0.005476688
0.007948657
0.004709114
-0.024235929
-0.001517944
0.022519655
0.0007551
-0.033672606
-0.00741395
0.005017096
-0.022128986
-0.024445038
-0.023684991
-0.027489017
-0.00043662
0.033185337
0.032527541
0.008959531
0.004244515
0.000843433
-0.021160672
0.004516805
0.005876787
-0.024088595
0.002726395
0.003518835
0.006050255
0.039824928
0.034781626
0.028536075
0.024155894
0.026623061
0.003905876
-0.021916417
-0.017445938
-0.013496244
-0.001588529
0.009862901
0.012335145
0.013530963
0.017654209
0.020448103
0.001470632
0.001368506
0.002198383
-0.017785154
6.736E-06
-0.001123797
0.002124288
0.023490822
0.0047826
-0.012226831
0.0014981
-0.001470511
-0.019743403
0.00017009
0.017198557
0.021103959
0.007492515
-0.006289022
-0.007262345
0.000744089
0.021569907
0.024488318
0.023110133
0.025200166
-0.000312954
-0.002778386
0.001574251
-0.000158796
0.015285246
-0.003477573
-0.021696428
-0.003457003
-0.001676176
-0.003117876
0.015727393
-0.002621164
-0.022460207
-0.023060199
0.003363791
0.005568243
-0.022895482
-0.002262877
0.024488842
0.023783284
0.022190128
0.022230876
-0.00204116
-0.003202134
0.019752594
0.023050204
0.000987064
0.000978634
0.002383193
-0.000812738
-0.000159522
-0.016872878
-0.014483018
-0.015889074
0.0012665
0.021756162
0.001858043
-0.015846537
-0.014007661
-0.017016487
0.000939994
0.01026324
-0.007925588
-0.018041598
-0.021173611
-0.002382145
0.00223065
-0.014689908
-0.016007571
-0.00054153
0.015301373
0.000331347
0.000464935
0.017361879
-7.5025E-06
0.006141326
0.025609124
0.023995543
0.004386367
-0.001487089
0.000586019
-0.016521187
-0.017852561
-0.001596112
-0.000509504
0.003737402
0.018860815
0.017352848
0.002716191
-0.001060271
0.008107962
0.010625546
0.008440768
0.00848743
-0.003068306
-0.003134212
-0.001229151
-0.021067158
-0.004244515
-0.000958507
-0.014740108
-0.013035343
0.00166343
0.014919335
-0.002975538
-0.016481112
-0.014926553
-0.013784917
-0.000687863
-0.003152846
-0.000221678
0.000942212
0.000641882
0.007480577
0.005819918
-0.001529318
-0.0146212
-0.013770321
-0.00887867
-0.010256506
-0.015954874
-0.016800871
-0.008722231
0.005138942
0.010362528
-0.001981344
0.001061965
0.014555436
0.012347202
0.015899919
0.002189025
-0.014278223
0.003014219
0.013753345
-0.000463684
-0.013901773
-0.01646059
-0.001443043
0.011270216
0.011891322
-0.000318279
-0.001329946
-0.000742516
-0.000861099
0.009375971
-0.001948149
0.000882598
0.01455471
0.000972181
-0.0159404
-0.003112512
0.01414387
0.013366362
0.01319543
-0.001622732
-0.014867201
-0.01143733
-0.013946813
-0.016741282
-0.022815562
-0.004517934
0.019618963
0.017259839
0.01316692
0.011290379
0.011340264
0.012405916
0.00192649
0.000877193
0.010855049
0.016838003
0.003032651
-0.003779148
-0.003115537
-0.000965929
-0.001569572
-0.014857201
-0.002216049
0.009208243
9.06315E-05
0.002938915
0.001865061
0.001906121
0.012852876
0.010510894
0.01049569
0.012314176
0.012014397
0.004803937
0.003890589
0.012629477
0.016497158
0.002053704
0.003191728
0.000464693
-0.001021106
0.012395794
-0.001296549
0.000222928
-9.75285E-05
-0.016766641
-0.003101663
-0.001119804
-0.002721515
0.010350188
0.010230333
-0.000318158
0.00018695
0.013947176
0.017075833
0.000910106
-0.001393997
0.01552148
0.022936148
0.005873883
0.000405361
0.00862443
0.005909456
0.012335266
0.012814809
0.002111987
0.001541257
-0.000700649
-0.000507568
0.00010136
-0.011125403
-0.012763718
-0.007548655
-0.007127679
-0.007127679
0.006718556
0.013666408
0.012052262
0.009797287
-0.002062214
-0.01380274
-0.013563867
-0.014947117
-0.002378151
0.010491779
0.008108728
0.005767083
-0.003510243
-0.000241119
-0.003264168
-0.001079268
0.003128323
-0.010320547
-0.012076014
-0.012181667
-0.01537141
-0.01746279
0.000441904
0.017880379
0.002529969
-0.014379109
-0.017466379
-0.002229641
-0.00050664
-0.000150286
0.013602657
-0.00092265
-9.5754E-05
0.000233818
-0.012656253
-0.016281456
-0.021498968
-0.004174214
0.01483696
0.016137357
0.01855903
0.017437149
0.014417858
0.013567334
0.002068507
0.003197738
0.001161631
-0.012300465
0.002052655
0.014702085
0.014020321
0.013739594
0.014948569
0.013723103
0.017060553
0.004974343
0.021289534
0.040660962
0.020826601
0.013466404
-0.002379442
-0.002836346
0.001012151
-0.009018331
-0.014667328
-0.004363055
-0.001499551
0.000595538
0.000397173
-0.018759912
-0.003834768
0.002801982
0.001688316
0.012209773
0.010422738
0.010297036
-0.000673262
-0.000616027
-0.001397869
-0.018914109
-0.019979865
-0.000921117
-0.010498836
-0.037202182
-0.010039984
0.018613171
0.000921843
-0.00304947
-0.000603968
-0.014853491
-0.002274372
0.011822687
-0.001514556
-0.017960928
-0.027464562
-0.027715035
-0.024792848
-0.022808025
-0.001435057
0.001473617
-0.000788054
0.012705812
0.016290165
-0.0009118
-0.017829017
-0.017303461
-0.020512396
0.001165543
0.005458337
-0.01581541
-0.001512781
0.015648568
0.015580992
0.013943023
-0.004726053
-0.004891943
0.011711226
0.012756742
0.013136919
-0.001619102
-0.000905669
0.00253126
-0.010847871
-0.011248682
0.004771146
0.003573648
-0.011269934
-0.014569065
-0.01747686
-0.017621876
-0.018529238
-0.004473406
0.001395207
-0.009506315
0.000693752
-0.000250638
-0.003446154
0.001292475
0.003635076
0.013088087
0.010911225
0.000457029
0.001331922
0.005109176
-0.00319205
-0.007147118
0.001073944
0.011496206
0.001768097
0.000698148
0.000250275
-0.002055438
0.007270331
-0.000386363
-0.008728643
0.00105051
0.01236918
0.016840745
0.018112511
0.012913967
-2.8839E-05
-0.008660123
-0.010774516
-0.013444469
-0.001345394
0.010447862
-0.0011893
0.000102409
-0.001981183
-0.018882987
-0.010633894
-0.004212894
-0.010561748
-0.015015823
-0.017547816
-0.002881117
-0.002899428
-0.002495161
0.014212538
0.018599263
0.029411882
0.026541189
-0.005123454
-0.021183003
-0.014864459
0.003027448
-0.006060379
-0.032301299
-0.024690855
-0.000924788
0.018091507
-0.000712588
-0.029121203
0.004707339
-0.012336637
-0.011246907
0.037332593
0.04511969
0.016924444
-0.005221745
-0.001036594
-0.027166864
-0.044302954
-0.051068821
-0.01070366
0.007394147
-0.017943633
0.004126338
0.005523837
0.000528704
-0.00151024
-0.025248884
-0.030459329
-0.006429659
0.020318428
0.027602228
0.041734949
0.037664893
0.002061892
-0.003812826
0.023557197
0.027716566
0.006329838
0.003343826
0.001731917
0.000190217
-0.002471121
-0.027772204
-0.029716814
-0.006187385
0.016729428
0.003290666
-0.014410559
-0.018880891
-0.001450747
0.006080787
-0.010476051
0.000636881
-0.003912733
-0.002431957
0.016691772
0.014075039
0.013590681
-0.00370687
-0.019576274
-6.155E-05
0.014296771
0.012504309
0.00049684
-0.01581025
-0.015805089
0.000845127
-0.005676536
-0.006373679
0.011129637
0.009685254
0.009874275
0.013560197
0.016886666
0.020128731
0.002775361
-0.021644474
-0.002674082
-8.8735E-06
-0.016850381
-0.001245365
0.015146382
0.025154107
0.002971586
-0.004681082
0.000375715
0.001149772
-0.000198526
-0.017791846
-0.015975759
-0.011652955
-0.01297151
-0.001147433
-0.003825733
0.002383758
0.025293572
0.02497503
0.024514391
-2.5249E-05
-0.020798265
-0.02223277
-0.025757287
-0.005651207
0.015370684
0.015229483
0.018630385
0.021022941
0.002036844
-0.000957781
0.015717676
0.023716063
0.039993043
0.00492425
-0.009362179
-0.000681692
-0.022355416
-0.000298273
0.017387036
0.015456364
0.002071612
-0.015581275
-0.000785432
