0.000000
0.000000
-0.037139
-0.007919
0.012544
0.033147
0.012570
-0.020721
-0.030877
-0.036643
-0.034400
-0.039434
-0.062212
-0.044986
-0.028215
-0.007370
0.025030
0.025761
0.043683
0.027797
-0.000993
-0.015131
-0.027693
-0.026283
-0.014765
0.002849
0.012570
0.003058
0.000444
0.024612
0.045767
0.058287
0.073450
0.061225
0.017978
-0.032104
-0.054958
-0.049622
-0.038625
-0.034974
-0.044699
-0.034791
-0.025604
-0.033956
-0.036069
-0.029050
-0.031973
-0.034948
-0.011264
-0.014974
-0.020225
-0.010610
-0.018239
-0.002849
0.023698
0.023019
-0.001490
-0.032234
-0.045950
-0.009879
0.033800
0.035391
0.022157
0.022366
0.028920
0.016097
-0.010114
-0.020512
-0.028241
-0.028737
0.011237
0.056779
0.065848
0.050299
0.027353
0.027145
0.057637
0.070390
0.051392
0.076223
0.126720
0.115293
0.060835
0.008912
-0.000366
0.004417
0.002692
-0.005305
-0.010114
0.009931
0.023489
0.024455
0.017221
-0.009173
-0.042875
-0.052199
-0.032130
0.013563
0.039121
0.054880
0.049049
-0.002195
-0.032469
-0.008624
0.000261
-0.028163
-0.037791
-0.046966
-0.052590
-0.059951
-0.053292
-0.027693
-0.038886
-0.053136
-0.060965
-0.072699
-0.061302
-0.021687
-0.010297
-0.033878
-0.043370
-0.067095
-0.085876
-0.080522
-0.061225
-0.051366
-0.025891
0.006116
0.003946
0.009069
0.024168
0.046158
0.045715
0.034217
0.038886
0.018762
0.015287
0.028711
0.016933
-0.011603
-0.002718
0.039694
0.046497
0.014059
-0.029598
-0.034061
0.003737
0.020042
0.005959
-0.013380
-0.034739
-0.047122
-0.032756
-0.002378
0.013537
0.015549
0.022288
0.040450
0.050065
0.033200
0.005959
0.017900
0.050820
0.048268
0.020564
0.009304
0.007605
-0.009565
-0.017038
-0.020068
-0.031895
-0.018344
0.006690
0.010663
-0.026962
-0.029859
-0.030773
-0.035809
0.028215
0.042093
0.023332
0.026518
0.034139
0.037608
-0.010218
-0.007004
0.030903
-0.017717
-0.073710
-0.102123
-0.118442
-0.118416
-0.120846
-0.120565
-0.047513
0.041128
0.026988
-0.016594
-0.022366
0.012858
0.041311
-0.006952
-0.054906
-0.053969
-0.057091
-0.026100
0.029859
0.057793
0.067873
0.055816
0.082566
0.101428
0.058391
0.037843
0.024038
0.004783
-0.013145
-0.008258
0.013511
0.017377
0.008337
-0.003032
-0.033147
-0.035861
0.002666
0.034974
0.054203
0.050065
0.045194
0.037374
0.031686
0.032991
0.052928
0.087452
0.089596
0.054125
0.017116
0.000183
-0.013955
-0.012544
-0.005122
-0.010715
-0.010610
-0.014791
-0.031008
-0.040737
-0.032130
-0.012910
0.007971
0.017116
0.033330
0.034295
0.013354
0.011708
0.014347
-0.003293
-0.032834
-0.028789
-0.017848
-0.024168
-0.035782
-0.039851
-0.028554
-0.029155
-0.011368
0.011447
0.021217
0.014373
0.003319
-0.003215
-0.001725
0.003371
0.007684
0.018083
0.013223
0.003215
0.003685
0.000131
-0.001072
0.003110
-0.007292
-0.016254
-0.009225
0.001516
0.009461
0.014974
0.011499
-0.007004
-0.015235
0.002457
0.003215
-0.001856
0.001803
0.010506
0.021191
0.021844
0.025578
0.024377
0.025709
0.036826
0.042562
0.031504
0.037165
0.038469
0.019467
0.022262
0.032443
0.024821
0.013014
0.025474
0.040477
0.051366
0.048867
0.028398
-0.014425
-0.054724
-0.057429
-0.049388
-0.038130
-0.022627
0.000993
0.013798
0.000523
-0.014634
-0.003763
0.008076
-0.006586
-0.013223
0.004129
0.001516
0.001986
0.017978
0.041858
0.036774
0.010715
0.010349
-0.004730
-0.027301
-0.020538
-0.011760
-0.001464
0.018840
0.008363
-0.010872
-0.021191
-0.023489
-0.006795
0.005619
0.009957
0.006821
0.001673
0.014556
0.003659
0.003215
0.005959
-0.002666
-0.005514
-0.011185
-0.008285
-0.022523
-0.041728
-0.044308
-0.046757
-0.038026
-0.033121
-0.037791
-0.034217
-0.008128
0.014451
0.010976
0.007370
0.005384
0.014739
0.018736
0.015157
0.008102
-0.012048
-0.023594
-0.027145
-0.029651
-0.023829
-0.001490
0.015993
0.013145
0.017299
0.024273
0.021426
0.024325
0.037139
0.038208
0.033956
0.020956
0.017377
0.019389
0.017612
0.027353
0.041545
0.024873
-0.001856
-0.002483
-0.003006
-0.002614
0.006873
0.009147
-0.013850
-0.018579
-0.001803
0.007056
0.007318
0.001254
0.001568
0.008729
0.012936
0.011211
-0.002640
-0.023385
-0.035261
-0.031425
-0.009121
0.011629
0.021739
0.026074
0.018318
0.018919
0.033591
0.040607
0.040216
0.035704
0.019415
0.013328
0.002326
-0.020172
-0.017769
-0.003633
0.010323
0.024534
0.013694
-0.013615
-0.013929
-0.015340
-0.040372
-0.041624
-0.016123
-0.006325
-0.000680
0.022601
0.024194
-0.008938
-0.025369
-0.040763
-0.054776
-0.035835
-0.033174
-0.048190
-0.065407
-0.109190
-0.086005
-0.046861
-0.037739
0.003973
0.020198
0.010584
0.026544
0.050768
0.043370
0.029755
0.040920
0.048216
0.033487
0.004547
-0.022915
-0.025265
-0.017717
-0.013119
-0.013171
-0.023646
-0.020982
-0.004260
-0.005514
-0.014948
-0.017038
-0.015836
-0.001673
0.009252
-0.001594
-0.005933
-0.003162
0.002823
0.005750
-0.002770
-0.032156
-0.045350
-0.040033
-0.039434
-0.029807
-0.020721
-0.015679
0.002744
0.022105
0.017038
0.009826
0.009931
0.012413
0.018448
0.014922
0.014817
0.011159
-0.008598
-0.015601
-0.002039
-0.008546
-0.031817
-0.029885
-0.033774
-0.043448
-0.034922
-0.014138
0.037556
0.079357
0.060991
0.023959
-0.017769
-0.033095
0.008807
0.048919
0.064680
0.052408
0.028110
0.023776
0.023515
0.015810
0.000444
-0.004365
0.000418
0.003659
0.010192
0.003267
-0.010846
-0.014895
-0.005906
-0.006664
-0.004809
0.010872
0.011995
0.001725
-0.003398
0.002483
0.001751
-0.008494
-0.019937
-0.021217
-0.017848
-0.017717
-0.012701
-0.005488
0.002012
0.004103
0.004521
0.004574
0.005750
0.008389
0.005410
0.017691
0.032626
0.030512
0.019023
0.001856
0.000287
-0.002927
-0.019284
-0.028110
-0.033147
-0.028998
-0.020643
-0.036591
-0.036435
-0.005619
0.006743
-0.004260
-0.041311
-0.056961
-0.048450
-0.048138
-0.021452
-0.008598
-0.016620
-0.017769
-0.034713
-0.029755
-0.014660
-0.031947
-0.051991
-0.031399
-0.006455
-0.005253
0.006011
0.028841
0.029546
0.018501
0.014660
0.030538
0.051210
0.037400
0.026753
0.020695
0.022941
0.033278
0.042770
0.041311
0.031060
0.025291
0.016698
0.032208
0.045585
0.025317
0.001072
-0.012544
-0.026283
-0.053345
-0.080833
-0.049362
-0.000131
0.004155
0.013694
0.041050
0.047747
0.038417
0.044933
0.044517
0.039460
0.021609
0.004312
0.005175
0.003215
0.020120
0.037947
0.026387
0.001934
0.015523
0.033017
0.035104
0.034739
0.003920
-0.024716
-0.015523
0.004730
0.013720
0.005933
-0.019728
-0.018710
-0.003633
-0.007657
-0.015549
-0.023359
-0.036695
-0.033408
-0.024638
-0.034452
-0.037087
-0.046392
-0.052121
-0.051392
-0.035287
0.008677
0.016933
-0.005724
-0.018579
-0.018501
-0.012727
-0.014138
0.004913
0.032313
0.038417
0.033513
0.017194
0.019128
0.031530
0.036226
0.051236
0.041154
0.028998
0.034400
0.037817
0.049205
0.057767
0.056128
0.047877
0.034974
0.009826
0.005436
0.013955
0.036982
0.040946
0.023646
0.014295
-0.014791
-0.021322
-0.032078
-0.049101
-0.040346
-0.026884
-0.024769
-0.040138
-0.051731
-0.038260
-0.013406
0.012126
0.020198
0.005332
-0.020251
-0.037400
-0.035391
-0.030146
-0.022810
-0.021504
-0.012257
-0.001620
-0.012466
-0.050221
-0.060029
-0.035209
-0.024090
-0.013458
-0.010741
0.003999
0.015340
-0.011995
-0.040842
-0.046184
-0.046158
-0.052564
-0.050455
-0.033095
-0.016463
-0.012257
-0.014530
-0.016541
-0.023463
-0.015758
0.009304
0.026466
0.028502
0.020695
0.022601
0.033722
0.037321
0.033748
0.040216
0.036408
0.008285
-0.007082
0.004077
0.023071
0.023463
0.015679
0.008337
0.002091
-0.004443
-0.016959
-0.020198
-0.012387
-0.003842
-0.002875
-0.014686
-0.036122
-0.036435
-0.030486
-0.034948
-0.055348
-0.060393
-0.029102
-0.022758
-0.024978
0.016071
0.048632
0.058937
0.083523
0.084816
0.061952
0.037504
-0.000784
-0.019833
-0.016097
-0.016750
-0.002901
-0.005985
-0.015601
0.001202
0.011211
-0.004600
-0.036122
-0.040789
