0.000000
0.000000
-0.017231
-0.016048
0.009333
0.011916
-0.003133
0.008916
0.020379
0.013849
-0.001067
0.005933
0.000533
-0.017014
-0.023910
-0.016881
0.013949
0.031051
0.045469
0.043907
0.056260
0.068985
0.072128
0.066750
0.047894
0.040583
0.033997
0.018430
0.008950
0.005367
-0.000450
0.014998
0.047230
0.058134
0.047878
0.031917
0.003550
-0.020179
-0.036675
-0.025575
-0.001533
-0.004867
-0.016997
-0.031234
-0.056741
-0.048459
-0.013365
-0.001583
0.004917
-0.010833
-0.012882
-0.008866
-0.028688
-0.039170
-0.024442
-0.009866
-0.015881
-0.017214
-0.021178
-0.008450
0.007933
0.014965
0.031634
0.031434
0.025775
0.016947
0.003967
-0.007466
-0.024193
-0.018680
0.019479
0.025392
-0.001633
0.003967
0.014382
0.012132
0.016431
0.022944
0.000033
0.021445
0.053406
0.034013
0.035694
0.034213
0.028222
0.035960
0.041896
0.032466
0.016131
0.019996
0.044688
0.057040
0.030169
-0.020029
-0.045669
-0.041580
-0.047679
-0.043342
-0.040982
-0.050435
-0.048343
-0.052129
-0.071334
-0.060173
-0.026108
-0.022527
-0.033730
-0.044771
-0.039851
-0.032998
-0.034562
-0.006466
0.005117
-0.006083
-0.027439
-0.063007
-0.071102
-0.038005
-0.015598
-0.018597
-0.013015
-0.033431
-0.065558
-0.090460
-0.095395
-0.058715
-0.024026
0.008533
0.038222
0.038837
0.034013
0.038321
0.024209
-0.001083
0.011982
0.011732
-0.007266
-0.034695
-0.065078
-0.058085
-0.023177
0.034812
0.055132
0.015565
-0.030818
-0.040949
-0.024376
-0.014965
-0.011932
-0.023626
-0.036592
-0.029437
-0.014932
-0.018297
-0.026024
-0.019646
0.013265
0.050535
0.053473
0.037806
0.025092
0.029087
0.042993
0.049522
0.046300
0.017147
-0.016981
-0.039452
-0.045237
-0.035777
-0.051249
-0.053091
-0.026058
-0.001567
-0.005417
-0.020412
-0.036941
-0.034878
0.035743
0.078886
0.051813
0.025725
0.038222
0.049754
0.000800
-0.025392
-0.010766
-0.030702
-0.049638
-0.064978
-0.076326
-0.075814
-0.063604
-0.037074
0.004200
0.040101
0.018963
-0.000800
0.012865
0.036093
0.050053
0.022161
-0.000600
-0.003867
-0.010449
0.015681
0.052178
0.069713
0.061350
0.040018
0.041165
0.028272
0.001467
-0.007200
-0.002433
0.004417
-0.005250
-0.007600
-0.002200
-0.004200
-0.001000
-0.004900
-0.012082
0.006216
0.030053
0.038305
0.039552
0.034196
0.026091
0.017081
0.015548
0.017014
0.014498
0.032183
0.051581
0.052145
0.049090
0.040051
0.027706
0.027340
0.031051
0.024026
0.017847
0.002667
-0.020079
-0.026624
-0.011016
0.002183
0.016847
0.037573
0.043276
0.028488
0.020729
0.017797
-0.000317
-0.011666
-0.020612
-0.020312
-0.006216
-0.002600
-0.014348
-0.015348
-0.006150
-0.013349
-0.024726
-0.025042
-0.010566
0.000950
-0.001483
-0.008800
-0.011033
0.001333
0.016548
0.025974
0.017131
-0.003567
-0.015781
-0.021561
-0.015031
-0.009050
-0.017964
-0.020296
-0.014065
-0.015964
-0.021978
-0.021811
-0.018114
-0.023810
-0.025758
-0.005567
-0.000550
-0.010149
-0.013882
-0.006350
0.005433
0.004817
0.004917
-0.000267
-0.006100
-0.003600
0.009883
0.023893
0.035078
0.036459
0.032150
0.042844
0.047064
0.026108
0.016548
0.023460
0.031867
0.034712
0.022094
0.008950
0.003117
0.004950
0.004383
-0.000583
-0.008933
-0.010916
0.004883
0.023010
0.013399
-0.000150
0.002833
0.000817
-0.015581
-0.030402
-0.026507
-0.017564
-0.000850
0.009533
0.008050
0.003017
0.002633
0.012316
0.005667
-0.013882
-0.030069
-0.034829
-0.018014
0.005250
0.014948
0.006833
-0.003133
0.000250
0.005650
0.005733
0.011582
0.030569
0.044705
0.042976
0.021462
0.003900
0.005917
0.012199
0.009316
0.000717
0.001817
-0.007350
-0.027772
-0.034596
-0.030119
-0.024026
-0.030768
-0.032532
-0.018047
0.002500
0.016664
0.023427
0.017980
0.010583
0.003983
-0.011816
-0.013482
-0.018846
-0.028372
-0.027672
-0.032865
-0.049788
-0.053506
-0.031900
-0.007500
0.004183
0.013749
0.027073
0.034063
0.039469
0.032699
0.017264
0.019496
0.017480
0.018047
0.024326
0.027306
0.024159
0.013998
0.010399
0.013715
0.018613
0.015065
0.018247
0.030968
0.020879
-0.008533
-0.026923
-0.032499
-0.024159
-0.005517
-0.004217
-0.016981
-0.024476
-0.025958
-0.026207
-0.033448
-0.039818
-0.040732
-0.035095
-0.021445
-0.000517
0.007500
0.001667
-0.001767
-0.003233
0.000150
0.013115
0.019696
0.014982
0.012982
0.013299
0.008400
-0.000967
-0.001817
0.001050
-0.000117
-0.004050
-0.011099
-0.012199
-0.002883
0.000233
0.002667
0.014782
0.024692
0.023210
0.020362
0.034146
0.043458
0.028938
0.026174
0.015698
-0.003833
-0.007366
-0.016714
-0.021861
-0.033764
-0.063372
-0.062808
-0.048310
-0.045652
-0.033165
-0.019196
-0.005400
0.012382
0.023410
0.021994
0.005483
-0.001450
0.012965
0.017730
0.012099
0.004033
-0.000867
-0.001950
0.003517
0.016331
0.013499
0.003000
0.005967
0.010833
0.010283
0.005833
0.000117
0.002483
-0.004800
-0.020812
-0.021378
-0.010983
-0.004517
-0.005133
-0.011066
-0.018413
-0.024409
-0.033098
-0.024176
-0.007883
-0.000533
0.009716
0.016348
0.025625
0.031734
0.025425
0.022311
0.015198
0.007250
-0.003333
-0.011849
-0.007566
-0.002683
-0.001933
-0.000167
-0.009883
-0.036109
-0.042528
-0.031351
-0.017314
0.001100
0.015431
0.024276
0.025958
0.019196
-0.000150
-0.016348
-0.020729
-0.018097
-0.013565
-0.012449
-0.014348
-0.001333
0.020479
0.024626
0.019230
0.007966
-0.005817
0.004867
0.030169
0.038172
0.033830
0.022394
0.019646
0.031800
0.037324
0.042378
0.045602
0.032599
0.012965
0.000183
0.004900
0.006350
-0.004017
-0.014632
-0.023477
-0.018147
-0.006316
-0.004467
-0.003533
0.018430
0.034030
0.028771
0.035560
0.037490
0.011999
-0.015698
-0.015148
-0.008216
-0.015265
-0.012099
-0.007383
-0.021162
-0.029504
-0.036359
-0.042810
-0.035877
-0.029703
-0.027323
-0.037373
-0.041048
-0.020845
-0.019863
-0.034446
-0.042993
-0.046699
-0.049256
-0.054319
-0.028738
-0.004150
-0.001567
-0.007466
-0.021545
-0.034080
-0.049206
-0.054916
-0.057604
-0.037124
-0.009816
-0.012965
-0.011916
0.010649
0.022944
0.024642
0.023610
0.022860
0.015181
-0.008183
-0.009100
0.004333
0.025858
0.045270
0.046865
0.048476
0.045021
0.034546
0.026324
0.024825
0.026707
0.036841
0.047778
0.049123
0.046649
0.027023
-0.002217
-0.005133
0.006233
0.006616
0.012382
0.024426
0.029454
0.027439
0.001850
-0.029820
-0.038837
-0.041946
-0.031101
-0.004183
0.016381
0.025292
0.028205
0.025741
0.022144
0.013699
-0.003617
-0.027556
-0.036242
-0.024892
-0.007750
0.000217
-0.009483
-0.015848
-0.019496
-0.028505
-0.025475
-0.020979
-0.023876
-0.015731
-0.010849
-0.015415
-0.021745
-0.019896
-0.012616
-0.014515
-0.025475
-0.019913
-0.012449
-0.013632
0.000950
0.008933
0.004200
0.004350
0.010349
0.014915
0.010533
0.008866
0.006350
-0.000517
0.002633
0.003133
0.006083
0.017431
0.020529
0.016281
0.007300
0.005983
0.017897
0.015615
0.007800
0.007333
0.002450
0.002633
-0.001283
-0.014365
-0.017497
-0.014698
-0.015548
-0.011832
0.000833
0.004817
-0.005550
-0.019379
-0.023943
-0.009499
-0.003600
-0.007750
-0.004983
0.010149
0.025558
0.028788
0.027040
0.033381
0.037706
0.037889
0.031967
0.022228
0.017880
0.005333
-0.013349
-0.022677
-0.014498
-0.008333
-0.019063
-0.038022
-0.035610
-0.025458
-0.030352
-0.031734
-0.031667
-0.026773
-0.015931
-0.012249
0.000383
0.011199
0.004133
-0.001450
0.005000
0.020379
0.023510
0.010183
0.003567
0.004783
0.003050
0.008766
0.011183
0.003483
-0.001033
-0.008000
-0.003083
0.012982
0.018963
0.026507
0.037956
0.034413
0.029770
0.023793
0.019379
0.022477
0.011366
0.000533
-0.001967
-0.008183
-0.017081
-0.015865
-0.009150
-0.011632
-0.020629
-0.024226
-0.021611
-0.009483
0.012249
0.008250
-0.002167
-0.006033
-0.010183
-0.003483
-0.005500
-0.005700
-0.000233
-0.001650
-0.003917
0.006966
0.026058
0.039236
0.032250
0.012199
-0.009383
-0.026857
-0.027090
-0.016448
-0.016564
-0.013149
0.013615
0.035743
0.036076
0.019180
0.020179
