0.000000
0.000000
-0.054238
-0.038831
-0.022326
-0.008027
0.002183
-0.002902
-0.020700
-0.058152
-0.069499
-0.047553
-0.079449
-0.095132
-0.079060
-0.028382
0.038994
0.048593
0.067250
0.067304
0.083986
0.083946
0.045539
0.043538
0.068354
0.080134
0.077394
0.065567
0.035949
0.040644
0.057855
0.067883
0.069822
0.058759
0.051376
0.036058
0.021757
0.030101
-0.000068
-0.047080
-0.057450
-0.044376
-0.036612
-0.059110
-0.075808
-0.053874
-0.015307
-0.004190
0.011945
-0.014127
-0.029898
-0.045377
-0.078536
-0.037803
0.014602
0.053145
0.069445
0.057261
0.051619
0.058516
0.049863
0.037722
0.040603
0.033757
0.024521
0.007023
-0.013544
-0.025185
-0.038047
-0.026512
0.009220
0.022963
0.020538
0.038642
0.042253
-0.001614
-0.023844
-0.006779
-0.016513
0.000949
0.027867
0.027149
0.040915
0.020470
-0.000122
-0.000786
-0.000217
0.005451
-0.001600
0.014466
0.054211
0.055399
0.030765
-0.006102
-0.044403
-0.058327
-0.072150
-0.060013
-0.068772
-0.078925
-0.056182
-0.071544
-0.102547
-0.081651
-0.052699
-0.071289
-0.087366
-0.096175
-0.088130
-0.062076
-0.041469
-0.008664
0.013653
0.012907
-0.010887
-0.017760
0.013368
0.039088
0.027826
0.003010
0.016147
0.005980
-0.042064
-0.067587
-0.053158
-0.028205
-0.019427
-0.012921
-0.010399
0.000027
0.005586
-0.005573
-0.029993
-0.046958
-0.016133
-0.004393
-0.012514
-0.022259
-0.031537
-0.012067
0.016296
0.063909
0.082148
0.035638
-0.025862
-0.039724
-0.012324
0.006888
0.009003
-0.006888
-0.014453
0.013599
0.042213
0.037790
0.020172
0.020375
0.052159
0.078549
0.068624
0.038453
0.021920
0.035787
0.048025
0.039954
0.024155
0.004868
-0.005491
-0.016255
-0.017977
-0.021337
-0.047769
-0.031171
0.022354
0.052645
0.017570
-0.010765
-0.023194
-0.015618
0.051659
0.064623
0.010291
-0.013721
0.012284
0.001898
-0.067143
-0.069081
-0.024386
-0.055048
-0.074880
-0.076077
-0.090260
-0.075821
-0.061914
-0.046498
0.013897
0.052308
-0.013951
-0.066981
-0.040401
0.021947
0.064583
0.046012
0.011945
-0.011009
-0.036477
-0.011511
0.039792
0.066967
0.085582
0.086508
0.100919
0.077985
0.028815
0.008244
0.014195
0.031063
0.012080
0.002536
0.011525
0.005749
-0.008230
-0.021148
-0.041807
-0.017787
0.031117
0.042984
0.039061
0.032457
0.011552
-0.019698
-0.019738
-0.017814
-0.024941
0.008189
0.043389
0.059015
0.060620
0.043322
0.037275
0.046607
0.055642
0.031266
0.006413
-0.016432
-0.043403
-0.032660
-0.013965
-0.005220
0.031252
0.069741
0.079355
0.047998
0.027813
0.027325
-0.013748
-0.032186
-0.034528
-0.036369
-0.017313
-0.013300
-0.029167
-0.029316
-0.015212
-0.002007
0.013829
0.028828
0.053199
0.049079
0.021012
0.006156
0.016377
0.041604
0.060229
0.077152
0.062022
0.019603
-0.012609
-0.033256
-0.022286
-0.005288
-0.032904
-0.048269
-0.032823
-0.056114
-0.093553
-0.093326
-0.070643
-0.069916
-0.066631
-0.014358
0.005952
-0.017692
-0.028057
-0.004746
0.024074
0.017950
0.000990
-0.007986
0.001668
0.007471
0.010793
0.011823
0.025998
0.028977
0.011606
0.019494
0.015876
-0.015049
-0.024575
-0.007878
0.020768
0.041712
0.027190
0.004136
-0.002129
0.022055
0.038060
0.037817
0.037492
0.030237
0.026242
0.017096
-0.007471
-0.019413
-0.003539
0.011660
0.002807
-0.017448
-0.015225
0.004271
0.052996
0.076157
0.055817
0.026661
0.006074
0.006807
-0.009437
-0.039183
-0.048539
-0.041956
-0.013748
0.014168
0.012053
-0.009613
-0.028463
-0.022638
-0.008827
-0.012216
-0.013273
-0.011131
0.000610
0.003525
-0.030602
-0.033987
-0.015374
-0.007078
-0.004569
-0.001302
-0.001234
-0.012677
-0.025984
-0.031198
-0.030332
-0.026702
-0.041929
-0.050012
-0.043389
-0.028720
-0.014886
-0.012568
-0.008623
-0.007308
-0.004827
-0.005966
-0.010264
-0.029289
-0.030467
-0.013490
-0.007661
-0.003010
-0.001627
0.025605
0.050160
0.042443
0.049147
0.058422
0.043457
0.034758
0.038412
0.035625
0.028747
0.012148
0.004854
0.012067
0.023641
0.027081
0.019332
0.008149
0.002847
0.003146
-0.010887
-0.017150
-0.001763
0.009979
-0.007715
-0.026810
-0.024941
-0.018058
-0.006725
0.003905
0.003837
-0.002020
-0.006183
-0.002671
-0.010128
-0.022746
-0.025483
-0.021175
-0.005329
0.014791
0.022340
0.022760
0.019698
0.014981
0.021893
0.029871
0.024481
0.014453
0.018871
0.031009
0.028666
0.007552
-0.004258
0.001193
0.001058
-0.004190
-0.016310
-0.018085
-0.001708
0.005613
0.016201
0.026702
0.026363
0.019427
0.007078
0.018234
0.036274
0.028585
0.031482
0.025036
0.008908
0.013599
0.004963
-0.007349
-0.026838
-0.065243
-0.036247
-0.010521
-0.012311
0.009057
0.009844
0.002508
0.011633
0.016228
0.001668
-0.022435
-0.031645
-0.000475
0.022272
0.011077
-0.003417
-0.005735
-0.003159
0.001858
0.009044
-0.004244
-0.014941
-0.013409
-0.011213
-0.007471
-0.019562
-0.034082
-0.038412
-0.036423
-0.030007
-0.011633
0.001844
0.013233
0.017136
0.007945
-0.015103
-0.031388
-0.029099
-0.016201
0.002766
0.008935
0.005207
-0.000434
0.017678
0.038412
0.044809
0.046566
0.041307
0.032701
0.018505
0.015835
0.015022
-0.000149
-0.004000
0.008339
-0.005857
-0.044349
-0.069593
-0.079812
-0.082604
-0.073495
-0.056991
-0.027434
-0.005274
-0.004664
-0.032890
-0.057639
-0.044119
-0.018207
-0.000746
0.014425
0.022015
0.036261
0.059743
0.055129
0.031157
0.005532
-0.002142
0.003295
0.002983
0.005017
0.019969
0.024806
0.025144
0.044214
0.046836
0.034650
0.021527
-0.000651
-0.013788
-0.013341
0.004271
0.015496
0.004556
-0.010847
-0.009572
0.017868
0.030494
0.015618
0.010128
0.023166
0.032024
0.022245
0.016228
0.012799
0.002997
0.003105
0.018058
0.022259
0.006915
0.000949
0.005898
0.003891
-0.011755
-0.033973
-0.050754
-0.050268
-0.046120
-0.046917
-0.072002
-0.092121
-0.061389
-0.046444
-0.063572
-0.088063
-0.079328
-0.053577
-0.047607
-0.012270
0.012080
0.006630
-0.000258
-0.019589
-0.034731
-0.048836
-0.060782
-0.068503
-0.032945
0.007756
0.012501
0.018627
0.049998
0.071800
0.068166
0.057868
0.048917
0.027731
-0.016025
-0.019793
-0.004854
0.010752
0.027190
0.031036
0.034880
0.030684
0.010657
-0.003458
0.010223
0.020606
0.019142
0.011172
0.004691
0.001586
-0.031306
-0.060350
-0.056209
-0.041415
-0.037938
-0.026689
0.000217
0.017150
0.021242
0.016066
0.009708
0.007444
-0.004841
0.002088
0.044295
0.066873
0.067924
0.069028
0.058840
0.044241
0.041090
0.035381
0.023058
0.038994
0.048796
0.034461
0.025781
0.018383
0.011416
-0.001003
-0.030074
-0.040590
-0.029546
-0.018085
-0.003688
0.004434
-0.000637
-0.014710
-0.035246
-0.055359
-0.059986
-0.057518
-0.033581
-0.022177
-0.022665
0.013626
0.029641
0.016852
0.007390
-0.006834
-0.012474
-0.012812
0.000176
0.010793
0.007688
0.006115
-0.004976
0.000014
0.012338
0.020782
0.025781
0.038141
0.057018
0.057450
0.047607
0.036261
0.031929
0.027447
0.025429
0.024819
0.014913
0.003363
-0.000502
-0.002142
-0.004474
-0.004041
0.006576
-0.000841
-0.002007
0.001614
-0.012026
-0.008257
0.002861
0.000773
-0.020768
-0.031482
-0.015347
-0.008976
-0.001817
0.011443
0.011050
0.007281
-0.001139
-0.002969
-0.014493
-0.048971
-0.055467
-0.021554
-0.001207
-0.002251
-0.020362
-0.017963
-0.004583
-0.017733
-0.022760
-0.024494
-0.008162
0.018180
0.027406
0.030562
0.023776
0.001939
-0.007227
0.006766
0.026336
0.028354
0.004895
-0.008610
-0.008013
-0.011199
-0.007769
-0.002414
-0.007539
-0.027176
-0.045579
-0.038006
-0.024101
0.000637
0.030453
0.047080
0.038750
0.015767
0.004542
0.006996
0.027434
0.032051
0.020700
0.021812
0.027745
0.012067
-0.019278
-0.025009
-0.014087
-0.010223
-0.017787
-0.041212
-0.052605
-0.027501
-0.019359
-0.029397
-0.035205
-0.033418
-0.026445
-0.043687
-0.044173
-0.013246
0.015374
0.023221
0.023166
0.025781
0.015212
-0.008162
-0.032105
-0.025442
-0.013111
-0.012257
0.000339
-0.003336
-0.002495
0.014195
0.006671
-0.025781
-0.057005
-0.051160
