0.000000
0.000000
-0.015367
-0.024560
-0.022020
-0.019251
-0.022046
-0.027243
-0.035031
-0.047706
-0.062889
-0.073421
-0.082476
-0.082432
-0.070956
-0.054695
-0.028773
-0.005031
0.012928
0.023320
0.027651
0.026980
0.024720
0.026245
0.028529
0.030582
0.032109
0.031512
0.026869
0.024226
0.024401
0.023609
0.019679
0.014065
0.009626
0.005941
0.004760
0.005614
-0.000534
-0.012118
-0.023115
-0.029691
-0.032182
-0.035737
-0.039513
-0.037866
-0.031357
-0.027608
-0.027293
-0.031644
-0.034983
-0.041036
-0.049908
-0.051573
-0.043464
-0.028713
-0.018009
-0.012698
-0.006673
0.002604
0.014290
0.025686
0.033901
0.037931
0.040677
0.042862
0.042835
0.038822
0.038091
0.043136
0.044642
0.044751
0.044891
0.043841
0.040111
0.031076
0.022240
0.017645
0.009761
0.002566
0.003015
0.006990
0.013912
0.019535
0.021262
0.022663
0.023539
0.025446
0.025831
0.024109
0.025745
0.032194
0.042943
0.052977
0.052039
0.044591
0.034104
0.022398
0.010549
-0.004727
-0.014632
-0.026101
-0.045996
-0.057346
-0.056618
-0.054770
-0.056321
-0.061132
-0.064150
-0.062135
-0.056598
-0.049750
-0.044376
-0.045451
-0.050185
-0.050665
-0.046563
-0.038538
-0.028184
-0.018990
-0.008325
0.001294
0.001451
-0.007931
-0.015202
-0.020292
-0.029108
-0.037776
-0.040683
-0.037442
-0.032844
-0.030460
-0.034025
-0.037816
-0.034523
-0.031629
-0.034246
-0.040839
-0.045843
-0.044143
-0.038364
-0.026535
-0.012967
-0.007484
-0.010145
-0.015824
-0.015591
-0.008198
-0.000552
0.002980
0.005603
0.011710
0.017786
0.019500
0.016483
0.015340
0.022456
0.034944
0.045448
0.046777
0.043497
0.044219
0.046677
0.045994
0.040969
0.032153
0.021290
0.008974
-0.000549
-0.009053
-0.022820
-0.033810
-0.029712
-0.012804
-0.004975
-0.003518
-0.001451
0.003364
0.021393
0.039883
0.045456
0.046163
0.052469
0.056739
0.047781
0.039014
0.037536
0.026356
0.007272
-0.010696
-0.028772
-0.047530
-0.063193
-0.076704
-0.077868
-0.064841
-0.060345
-0.067323
-0.069802
-0.057711
-0.040165
-0.031527
-0.029178
-0.032198
-0.043251
-0.047037
-0.035998
-0.017478
0.002367
0.017535
0.033047
0.046008
0.047525
0.045002
0.045564
0.046835
0.037471
0.023252
0.014775
0.008144
0.000639
-0.008233
-0.018600
-0.020831
-0.013025
-0.002543
0.007149
0.012935
0.012952
0.008743
0.009419
0.011426
0.010153
0.014448
0.022903
0.032861
0.044500
0.052201
0.056673
0.060483
0.064227
0.062808
0.056164
0.045467
0.032705
0.024754
0.022049
0.021442
0.025485
0.032852
0.038002
0.036978
0.034039
0.032538
0.024265
0.012971
0.003187
-0.003434
-0.005351
-0.007767
-0.013052
-0.015133
-0.014638
-0.016074
-0.016254
-0.015172
-0.010214
-0.003834
-0.000589
0.000041
0.001529
0.004786
0.007288
0.011959
0.017691
0.018936
0.016631
0.013378
0.012039
0.013338
0.009300
-0.000258
-0.007278
-0.012351
-0.015737
-0.015606
-0.014921
-0.018583
-0.025018
-0.024409
-0.019785
-0.018245
-0.017544
-0.012528
-0.004727
0.001492
0.006421
0.007844
0.008799
0.011755
0.016234
0.020060
0.025536
0.030674
0.030486
0.028180
0.022185
0.011974
0.001160
-0.004708
-0.003365
-0.000275
0.000303
-0.001354
-0.004264
-0.003109
0.000796
0.002302
0.001380
-0.002371
-0.006796
-0.011282
-0.017680
-0.024064
-0.026075
-0.024518
-0.024436
-0.024938
-0.021319
-0.016236
-0.007068
0.006072
0.016334
0.021274
0.024153
0.026803
0.024680
0.017491
0.009702
0.003165
0.001058
0.003130
0.004886
0.004444
0.002459
0.001708
0.002978
0.005211
0.008266
0.011076
0.013214
0.013381
0.005967
-0.001130
-0.003936
-0.006898
-0.010532
-0.013015
-0.013359
-0.015250
-0.020330
-0.026668
-0.032074
-0.034553
-0.037290
-0.038957
-0.037795
-0.032795
-0.024417
-0.015597
-0.008653
-0.007407
-0.009671
-0.012781
-0.016566
-0.021883
-0.026574
-0.028564
-0.026368
-0.021253
-0.016741
-0.009747
-0.000409
0.008107
0.016255
0.021871
0.024016
0.026114
0.028684
0.029145
0.025864
0.018023
0.010659
0.007156
0.008333
0.010500
0.010710
0.009572
0.007337
0.006023
0.002489
-0.000594
0.001071
0.003266
0.002911
0.002306
0.003983
0.006787
0.010432
0.012992
0.012524
0.010649
0.007558
0.003125
-0.004423
-0.011980
-0.014120
-0.013239
-0.011145
-0.007420
-0.003435
0.000425
0.003074
0.004124
0.005151
0.008569
0.012678
0.015228
0.016634
0.016861
0.014792
0.009348
0.004607
0.004156
0.005161
0.005416
0.003321
-0.000490
-0.002129
-0.002524
-0.002459
0.000087
0.004110
0.006530
0.007774
0.009163
0.011340
0.012325
0.013968
0.013973
0.010705
0.008923
0.006093
0.002449
-0.002248
-0.012944
-0.019284
-0.020504
-0.022236
-0.020725
-0.016662
-0.012631
-0.007841
-0.000820
0.004777
0.006021
0.004718
0.004801
0.007904
0.011401
0.012832
0.013446
0.013636
0.014394
0.015288
0.012380
0.007655
0.004658
0.004467
0.005212
0.003276
-0.001763
-0.008161
-0.014791
-0.021181
-0.024177
-0.024716
-0.023835
-0.021883
-0.020007
-0.021423
-0.025218
-0.030820
-0.032993
-0.028307
-0.022698
-0.017664
-0.013685
-0.008841
-0.004305
-0.000569
0.002379
0.002609
0.001801
-0.000415
-0.003223
-0.006713
-0.010025
-0.008822
-0.005565
-0.006266
-0.012194
-0.017093
-0.020251
-0.022724
-0.020620
-0.017619
-0.015260
-0.012690
-0.010649
-0.013551
-0.021487
-0.026345
-0.025203
-0.019775
-0.011248
-0.001076
0.008800
0.017947
0.023796
0.026807
0.027465
0.024936
0.023129
0.023229
0.024111
0.025266
0.025625
0.024994
0.025423
0.025965
0.027050
0.030150
0.032072
0.031642
0.028694
0.025522
0.022992
0.019270
0.012802
0.005332
-0.001298
-0.006285
-0.011347
-0.019014
-0.024078
-0.025430
-0.023765
-0.018888
-0.013184
-0.008081
-0.005190
-0.004003
-0.004821
-0.009340
-0.014802
-0.017893
-0.020616
-0.025004
-0.026473
-0.021860
-0.016715
-0.012487
-0.009745
-0.012828
-0.016470
-0.014780
-0.011317
-0.012620
-0.019295
-0.025771
-0.029771
-0.031441
-0.029121
-0.025745
-0.022182
-0.016774
-0.011019
-0.006326
-0.004664
-0.006251
-0.011228
-0.015618
-0.016743
-0.017953
-0.016936
-0.010484
-0.001266
0.011118
0.020808
0.025420
0.029834
0.033283
0.035848
0.036508
0.036480
0.035432
0.030979
0.025238
0.022570
0.021679
0.019871
0.017658
0.014486
0.009298
0.000951
-0.005868
-0.009807
-0.014729
-0.018422
-0.020570
-0.020728
-0.019046
-0.015684
-0.009681
-0.003300
0.004494
0.007799
0.006849
0.007118
0.006019
0.004998
0.006965
0.009914
0.012639
0.014929
0.015696
0.016237
0.015705
0.014076
0.012674
0.014014
0.018568
0.023255
0.026077
0.025721
0.022285
0.016807
0.008338
-0.000226
-0.005274
-0.008084
-0.007639
-0.006871
-0.010705
-0.015337
-0.017847
-0.020419
-0.022668
-0.024120
-0.022179
-0.020359
-0.019410
-0.012762
-0.002982
0.008948
0.020733
0.024368
0.021092
0.017153
0.016002
0.012497
0.004129
-0.002768
-0.006934
-0.006895
-0.006704
-0.009509
-0.009307
-0.007598
-0.006880
-0.004699
0.000098
0.005050
0.008057
0.009935
0.009151
0.003713
-0.004850
-0.009436
-0.010030
-0.010602
-0.008459
-0.004736
-0.002070
-0.003119
-0.007634
-0.013198
-0.018075
-0.018648
-0.012755
-0.003144
0.004663
0.008660
0.011754
0.017294
0.023622
0.027335
0.028490
0.027434
0.024171
0.019640
0.011846
0.002264
-0.005157
-0.008104
-0.008832
-0.011403
-0.015601
-0.016848
-0.016083
-0.016596
-0.016366
-0.015220
-0.011802
-0.006361
-0.001037
0.004001
0.006129
0.004766
0.004030
0.005687
0.008166
0.009858
0.008925
0.006556
0.006570
0.007005
0.006482
0.006950
0.007484
0.008469
0.011437
0.015495
0.019103
0.020371
0.018779
0.017295
0.015887
0.012431
0.008941
0.007268
0.008327
0.008708
0.007073
0.005735
0.004729
0.003001
-0.000009
-0.003054
-0.006017
-0.008609
-0.010538
-0.012015
-0.011949
-0.008609
-0.004161
-0.000217
0.001465
-0.000283
-0.003625
-0.008940
-0.014131
-0.016169
-0.015295
-0.012328
-0.008210
-0.004418
-0.001686
0.000511
0.003017
0.008351
0.012992
0.014765
0.015595
0.014168
0.013282
0.013825
0.013714
0.011365
0.006033
0.000867
