0
0
-0.005538753
-0.000138426
0.005700091
-0.001155593
-0.008985765
-0.001171475
0.00033316
0.000413833
0.000731112
0.001402846
-0.000737068
0.000536377
0.001817761
-0.000320346
0.006553518
0.007185324
0.007361275
0.003023336
0.005697385
0.010392565
0.011053176
0.002556267
0.00042376
0.008634598
0.009273409
0.001096036
-0.001980911
-0.000272701
0.000697724
0.00585385
0.009380418
0.01148299
0.008684403
1.0107E-05
-0.008007686
-0.007975744
-0.005761089
0.001261532
0.006778739
-2.346E-06
-0.005828224
-0.005625017
-0.005252168
0.000185891
0.004610054
0.005187018
0.005632055
-0.000898414
0.000316556
-0.000399756
-0.007393938
-0.006178149
-0.000379001
0.000901482
-0.003913974
-0.003926065
-0.003779521
2.23795E-05
0.006107587
0.007367591
0.00644542
0.00025718
-5.1616E-05
0.001436956
0.000677691
0.000823516
-0.002878415
0.001575562
0.008433749
0.000640152
-0.007783374
0.000503891
0.006013563
0.004479754
0.004925517
0.004931112
-0.001193674
0.004048606
0.000537821
-0.000473932
0.010447782
-0.001113542
-0.002102371
0.008296961
0.008763804
-0.000371241
0.000495228
0.007347018
0.006238245
0.008132744
-0.00191612
-0.012650783
-0.009481832
-0.00225758
-0.003179266
0.001258645
0.002534249
0.001118054
0.001879484
-0.005742682
-0.008065433
-0.000664335
0.007804668
0.001145847
-0.007443024
-0.00780936
-0.000735263
0.000467435
-0.003395473
0.00236009
0.00055244
-0.000559298
-0.000140591
-0.00597747
-0.006842082
0.00068112
0.001512395
-0.000301035
-0.000471767
-0.00700468
-0.007723461
-0.00948075
-0.007874867
0.001460057
-0.000644664
-0.000511471
0.006457511
0.005000953
-0.002746668
-0.000797347
-0.000491077
-0.008385567
-0.000630045
-0.000750423
-0.008058034
-0.010506427
-0.010892942
-0.001958171
0.007718589
0.011811933
0.002628998
-0.008625034
-0.008378528
-0.00101067
-0.000308074
-0.006616501
-0.006568497
-0.007524232
-0.00964442
0.003979485
0.005050402
-0.009232085
-0.008058395
-0.006859948
0.001034493
0.008216658
0.001450311
-0.004149671
-0.005627363
-0.000497394
0.006364391
0.007529105
0.00276273
-0.006300866
-0.009936209
-0.011344412
-0.011672995
-0.009823427
-0.011846397
0.000635279
0.017857511
0.01843818
0.004526496
-0.01526657
-0.020294964
0.002386981
0.024264476
0.00291072
-0.017093181
-0.012662872
-0.000644483
-0.001792133
-0.01116018
0.001737629
0.000528256
-0.012208175
-0.011754734
-0.014199938
-0.014899966
-0.015804558
-0.002304684
0.015111053
0.01427752
0.018540277
0.005841578
0.001968458
0.015946539
0.01177368
-0.000967897
-0.012155126
-0.013083278
-0.013447024
-0.011709624
0.004054201
0.017998396
0.016170424
-0.000294358
-0.011390965
0.00437472
0.002154348
-0.012610907
-0.011458451
-0.00058294
0.013204527
-0.000550635
0.000218738
0.00017416
-0.013611032
-0.011234341
-0.013736248
-0.012094139
0.002235201
0.012271688
0.010761217
0.003576489
0.003634781
-0.000477722
-0.011506809
0.000427008
0.009650014
-0.001163714
0.002218778
0.012821472
0.014028355
0.013782978
0.010370189
0.00115054
0.000790669
0.009706315
0.010383181
0.001640714
-0.007996678
-0.007422632
-0.001150179
0.004740896
0.006871317
0.006994574
0.008716164
0.011470721
0.001779139
0.00081756
-0.001596858
-0.013654695
-0.012761388
-0.011040546
0.000244185
0.009867999
0.00167338
-0.00634093
0.001575743
0.012381032
-9.1502E-05
-0.016490643
-0.00433682
0.011675702
0.01221034
0.001146208
-0.007270502
0.002900252
0.015026618
0.015996332
0.012192297
-0.001418186
-0.01492739
-0.014465518
-0.01163835
0.000802039
0.002392937
-0.008574866
0.000880727
0.000900941
-0.008939568
-0.007657593
-0.008764346
-0.010160508
-0.011889161
-0.000303381
0.013103126
-0.000672998
-0.011571227
-0.009729412
0.002335727
0.001357185
-0.013157615
-0.010861364
-0.01124589
-0.01430332
0.000169107
0.017398592
0.018709657
0.014118387
-0.00175694
-0.000225416
0.016813021
0.016569659
-0.000319805
-0.00027649
0.012907719
0.016076072
0.003229799
-0.011282339
-0.010670814
-0.002403405
0.00771137
0.003986884
-0.004545626
-0.012765718
-0.002384996
0.013766018
0.017854084
0.00383998
0.001948065
0.013658304
0.001818843
-0.012213047
-0.017706343
-0.00223484
0.0129752
0.01343313
-0.001893922
0.005054012
0.006420155
-0.001632953
0.011846217
-0.001375052
-0.012648076
-0.017774171
-0.017544351
0.000635278
0.017926601
0.019197764
0.001538564
-0.008905642
-0.001119678
0.006897665
0.013626729
0.015168786
0.018313714
0.019416921
0.017105989
-0.000220904
-0.004217708
0.010969992
0.01101005
-0.001516005
0.00018174
0.01135199
-0.002709671
-0.013695291
-0.014223753
-0.003690548
0.006743909
-0.00245863
-0.000178672
0.009897773
0.011637809
0.013109621
0.011247334
-0.001135921
-0.001447243
-0.00223466
-0.0095966
0.002480467
0.000862138
-0.00966427
-0.005479739
-0.006823674
-0.023908705
-0.025209307
0.001190966
0.016162847
0.013051342
0.011077356
0.011448165
0.014366467
0.017955103
0.004188653
-0.010447962
0.000908521
0.000652424
0.001224355
0.009408929
0.007011357
-0.001904389
0.00018932
0.012080786
0.011301286
0.009935126
-0.002951688
0.000107384
0.014581709
-0.000157917
-0.010328866
-0.008251486
-0.009555818
0.00013229
0.008850784
-0.001595414
-0.010179455
-0.010747323
-0.010871469
-0.009132474
-0.009240566
-0.01096097
-0.011792987
-0.00198795
0.008502684
0.009709743
0.0008477
-0.008507556
-0.007969969
0.000289304
0.008672674
0.015426055
0.004567824
-0.002934001
0.008733487
0.009881172
-0.001177792
-0.010947616
-0.003192801
0.004208324
-0.001565816
-0.008000828
-0.008709487
0.000638166
0.008559347
-0.000553884
0.001266586
0.013756275
0.012349456
0.003956746
0.005018459
0.012394385
0.012438592
-5.8655E-05
0.001358088
0.000962664
-0.000854919
0.000632932
-0.007750891
-0.000607665
-0.002392034
-0.015441751
-0.001379926
0.000494687
-0.015225616
-0.001820287
0.009468479
0.011318608
0.013157796
0.010441105
0.009104685
-0.002919744
-0.003873186
0.007736635
0.004063044
-0.003260299
-0.006632924
-0.003372734
-0.003157789
0.003598687
0.013019947
0.003847379
-0.00534547
0.001312607
0.009601653
0.008650478
8.1395E-05
-0.007197595
-0.000125973
-0.000429354
-0.010216988
0.000183364
0.009870706
-0.000446861
-0.007580536
-0.007829752
-0.007822534
-0.008147542
-0.00952875
-0.000428272
0.006480791
0.00332942
0.004282679
0.00645715
0.006854353
0.00716836
0.000152864
0.00071541
0.000963025
-0.000716132
-0.001595414
0.001142418
0.008055147
0.005773542
0.001977302
0.00141205
-0.002654446
-0.013075881
-0.00226498
0.012117957
0.01125419
0.010936971
0.012338991
0.009934585
0.008030424
0.000961942
-0.007006304
-0.008850603
-0.009238401
0.001235364
0.000338935
-0.011068695
-0.012699319
0.000852393
0.011854697
0.008390258
-0.000408058
-0.007610493
-0.006412575
0.003591468
0.013734263
0.011326548
0.004300726
-0.005357742
-0.000826043
0.009996479
0.011431565
0.013910719
0.016096097
0.004474701
-0.007664631
-0.001667785
0.005654794
-0.000396508
-0.007064594
-0.007520081
-0.007534157
0.000698265
0.008379611
0.000421594
0.000285334
0.010110343
0.011593421
0.010224928
0.00828848
0.008177137
-0.003378148
-0.015404226
-0.001939401
0.00168457
-0.007772907
0.002288983
0.000534933
-0.009673653
-0.000471044
-0.002555726
-0.011192299
-7.3815E-05
0.000807093
-0.006815554
-0.007221055
-0.000201953
0.008854754
-0.001977663
-0.009668781
-0.009496088
-0.010853966
-0.012026294
-0.014821665
-0.003342414
-0.000479527
-0.001026552
-0.000478444
-0.006937908
-0.008879838
-0.012523576
-0.01232618
-0.011957548
-0.001041171
0.000699529
-0.01089601
0.003884015
0.016625945
0.000413292
-0.003190455
-0.001210819
-6.51525E-05
-0.0020753
-0.012172268
-0.001069866
0.010119726
0.012501563
0.01223903
0.011230372
0.010495239
-0.001723552
-0.012476302
-0.010997058
-0.001347079
0.007734469
0.012706175
0.016809954
0.014017892
0.009184626
-0.004228537
-0.023726398
-0.005319122
0.014774215
0.001077266
0.003315524
0.013467592
0.012677667
0.000641415
-0.014563125
-0.018492295
-0.014835738
-0.009870886
-0.000863943
0.010289529
0.014298989
0.012442922
0.008450351
0.006175262
0.008313203
0.002591099
-0.011247334
-0.022721594
-0.008193017
0.012402505
0.012094139
0.001467095
-0.008692885
-0.006498838
-0.006825299
-0.009556359
-0.000197442
-0.00137415
-0.011147729
-0.000200149
-0.00286542
-0.013124416
-0.010951226
-0.001930017
0.003380314
-0.007284578
-0.016031872
-0.003319675
0.002221846
0.000878562
0.009465411
0.000206646
-0.010854868
-0.004522164
0.008125165
0.010210131
0.000130124
0.001876596
-0.00345864
-0.014463353
0.002758761
0.004059615
-0.000122724
0.010868041
0.012662871
-0.000365285
-0.01483249
-0.004800631
0.013028788
-0.000664877
-0.001703519
-0.003043188
-0.020305785
-0.000678052
-0.0008024
-0.020669037
-0.001276151
0.004595436
-0.019719227
-0.000173979
0.023531105
0.002824633
-0.015354612
-0.024093353
-0.024769897
0.010373437
0.011749501
-0.018324356
-0.020126321
0.010182703
0.030981855
0.016904484
-0.003709858
0.00347001
0.001760008
-0.000839579
0.00190096
-0.0029183
0.000276671
-0.010022645
-0.013193521
-0.013119545
0.002284291
0.002797021
-0.015234817
-0.02188733
-0.001031425
0.004617634
-0.015826568
-0.019588457
-0.022942325
-0.000893722
7.6522E-05
-0.022980556
0.001882913
-0.000147991
-0.021590656
-0.017327697
-0.000731834
0.018368731
0.002153988
-0.018113123
-0.016363278
-0.000924222
-0.0030098
-0.001371985
0.001506259
-0.011887537
-0.011072484
-0.014930457
-0.003846657
0.014035392
0.017298112
0.024286115
0.030574556
0.00034453
-0.000459855
0.005498508
0.002941581
0.02381097
0.000640152
0.000175784
0.007278623
-0.014351672
-0.01945949
0.002278515
0.003015395
-0.014790813
-0.018789205
-0.025979367
-0.029321027
-0.000359871
0.028270877
0.00143858
-0.00364164
-0.002506817
-0.004320217
0.013221848
-0.000192388
0.002793772
-0.001790329
-0.021977143
-0.018655722
0.004617995
0.030650791
0.042135316
0.017067925
-0.019982027
-0.04102736
-0.049132468
-0.033280814
-0.00348535
-0.002637661
0.001789065
0.040746162
0.050587984
0.013969357
-0.018832677
0.01425623
