0.000000
0.000000
-0.027986
-0.024180
-0.016512
-0.005717
-0.001733
-0.006070
-0.011836
-0.017752
-0.021977
-0.026494
-0.035267
-0.038379
-0.037078
-0.031333
-0.019417
-0.009713
0.002110
0.007971
0.006153
0.001503
-0.005058
-0.009987
-0.011326
-0.008418
-0.003894
-0.002424
-0.001839
0.004092
0.013626
0.024088
0.035896
0.042558
0.038113
0.023248
0.006165
-0.006295
-0.013769
-0.018921
-0.025243
-0.028056
-0.028230
-0.030257
-0.032356
-0.032449
-0.033183
-0.034443
-0.030102
-0.027467
-0.026543
-0.023633
-0.023028
-0.019068
-0.009900
-0.002717
-0.002510
-0.009296
-0.017829
-0.016495
-0.005556
0.003558
0.007854
0.011338
0.015607
0.016123
0.010614
0.003856
-0.003300
-0.009136
-0.004769
0.009035
0.022136
0.029081
0.029445
0.029690
0.036784
0.045346
0.047888
0.055543
0.073175
0.084621
0.081441
0.067232
0.053747
0.044015
0.035832
0.027474
0.019698
0.018003
0.019710
0.021295
0.020927
0.014671
0.002040
-0.010179
-0.015406
-0.009261
0.001438
0.013569
0.021948
0.017064
0.006312
0.003101
0.002540
-0.004335
-0.012013
-0.020231
-0.028078
-0.036020
-0.040860
-0.038946
-0.039943
-0.043961
-0.048947
-0.055590
-0.058320
-0.051569
-0.043596
-0.042531
-0.043823
-0.050225
-0.059602
-0.065878
-0.066531
-0.064829
-0.057729
-0.044833
-0.034989
-0.025951
-0.015303
-0.001802
0.008899
0.014855
0.020675
0.020779
0.020078
0.022550
0.021867
0.014874
0.011285
0.018003
0.024915
0.023110
0.011800
0.001740
0.002236
0.006319
0.006402
0.002098
-0.006177
-0.015600
-0.019883
-0.016445
-0.010098
-0.004565
0.001386
0.010256
0.019529
0.023127
0.019849
0.019924
0.027431
0.032855
0.030931
0.026850
0.023200
0.016401
0.009272
0.002882
-0.004906
-0.008070
-0.004944
-0.001546
-0.007331
-0.012615
-0.017047
-0.021732
-0.011010
0.000711
0.005843
0.010668
0.016252
0.021503
0.014895
0.010334
0.015253
0.008199
-0.010142
-0.031297
-0.051934
-0.068392
-0.082074
-0.092922
-0.085100
-0.058923
-0.041085
-0.036622
-0.034352
-0.024585
-0.010330
-0.009835
-0.020290
-0.028437
-0.035659
-0.034425
-0.020801
-0.003563
0.012522
0.022645
0.036818
0.052441
0.055144
0.052667
0.047572
0.039151
0.028363
0.020829
0.019716
0.019699
0.017644
0.013431
0.003251
-0.005508
-0.003804
0.004865
0.016156
0.024247
0.029614
0.032136
0.032868
0.033749
0.038962
0.050965
0.061039
0.061057
0.052732
0.042248
0.030660
0.021700
0.016204
0.010543
0.006037
0.001487
-0.005821
-0.013868
-0.018357
-0.017603
-0.012282
-0.005958
0.002769
0.009970
0.010993
0.011440
0.012394
0.009172
-0.000086
-0.006577
-0.009295
-0.012898
-0.018408
-0.023734
-0.025440
-0.026940
-0.024122
-0.016714
-0.008577
-0.003614
-0.002141
-0.002439
-0.002341
-0.001111
0.000848
0.004765
0.006800
0.006167
0.005766
0.004642
0.003472
0.003480
0.001136
-0.002764
-0.004296
-0.003094
-0.000338
0.003114
0.005090
0.002489
-0.001452
-0.000606
0.000241
-0.000226
0.000226
0.002555
0.006834
0.010404
0.014104
0.016792
0.019244
0.023718
0.028595
0.029994
0.032393
0.034607
0.032086
0.030699
0.031890
0.031120
0.027839
0.028027
0.031569
0.036865
0.040535
0.038845
0.027829
0.009886
-0.005089
-0.015244
-0.020815
-0.021765
-0.017189
-0.010634
-0.008389
-0.010019
-0.008865
-0.005268
-0.005702
-0.007550
-0.005107
-0.003743
-0.002546
0.002027
0.011088
0.017184
0.016168
0.015273
0.011150
0.002749
-0.002443
-0.004612
-0.004020
0.001042
0.002724
-0.000278
-0.005012
-0.009319
-0.008990
-0.005923
-0.002488
-0.000449
0.000019
0.003305
0.003470
0.003503
0.004149
0.002717
0.000927
-0.001786
-0.003301
-0.007731
-0.015621
-0.022515
-0.028582
-0.031459
-0.032651
-0.034660
-0.035459
-0.030208
-0.020907
-0.014247
-0.009733
-0.006570
-0.001925
0.002694
0.005581
0.006295
0.002314
-0.003482
-0.008921
-0.013839
-0.016457
-0.013502
-0.007188
-0.002780
0.001686
0.006835
0.010310
0.013746
0.019392
0.024150
0.026994
0.026330
0.024991
0.024374
0.023479
0.024964
0.029361
0.029109
0.022872
0.017738
0.013513
0.010220
0.009729
0.009850
0.004750
-0.000399
-0.000726
0.001013
0.002464
0.002255
0.002158
0.003699
0.005883
0.007240
0.005195
-0.001129
-0.008876
-0.014205
-0.013425
-0.008112
-0.001576
0.004633
0.007846
0.010552
0.016035
0.022008
0.026697
0.029425
0.027928
0.025355
0.020811
0.012093
0.005659
0.003706
0.005298
0.009783
0.010921
0.005660
0.001380
-0.002362
-0.011020
-0.018227
-0.018225
-0.016010
-0.012962
-0.005262
0.001259
-0.001012
-0.006544
-0.014453
-0.023953
-0.027261
-0.029305
-0.034336
-0.042259
-0.058560
-0.066289
-0.063620
-0.059428
-0.046678
-0.032800
-0.023856
-0.013089
0.001015
0.010621
0.015223
0.021429
0.028044
0.030002
0.025032
0.014851
0.006171
0.000933
-0.002219
-0.004751
-0.009146
-0.012058
-0.010609
-0.009734
-0.011165
-0.012782
-0.013804
-0.011422
-0.007047
-0.005998
-0.006139
-0.005626
-0.003863
-0.001791
-0.002059
-0.008917
-0.017390
-0.022962
-0.027282
-0.028561
-0.027531
-0.025568
-0.019837
-0.010876
-0.004850
-0.001660
0.000916
0.003538
0.007000
0.008972
0.010526
0.010943
0.006811
0.001923
0.001078
-0.001069
-0.008048
-0.013194
-0.018189
-0.024374
-0.027391
-0.025108
-0.011599
0.008709
0.020771
0.022031
0.013612
0.003407
0.004716
0.014839
0.026510
0.033056
0.032797
0.031610
0.030602
0.028055
0.022547
0.017054
0.013738
0.011818
0.011757
0.010144
0.005665
0.001165
-0.000402
-0.001828
-0.002549
0.000418
0.003045
0.002826
0.001493
0.001755
0.001800
-0.000479
-0.004890
-0.008707
-0.010999
-0.012803
-0.013112
-0.011730
-0.008930
-0.006217
-0.003952
-0.002128
-0.000403
0.001573
0.002481
0.005983
0.012162
0.016626
0.017600
0.014500
0.011665
0.008671
0.002578
-0.004292
-0.010928
-0.015296
-0.016902
-0.021792
-0.025668
-0.021806
-0.015923
-0.013702
-0.020301
-0.029125
-0.034251
-0.038279
-0.035472
-0.030325
-0.028016
-0.026428
-0.028987
-0.029913
-0.027244
-0.029014
-0.034964
-0.035066
-0.029516
-0.024802
-0.018486
-0.008271
0.000062
0.004231
0.006698
0.012262
0.021393
0.025567
0.026499
0.025875
0.025884
0.028227
0.032248
0.035133
0.035124
0.033814
0.030826
0.031938
0.035852
0.034403
0.027770
0.019386
0.009570
-0.004415
-0.021853
-0.028643
-0.022947
-0.017421
-0.010844
0.000609
0.011288
0.017716
0.024332
0.029528
0.032539
0.030915
0.025710
0.021739
0.018118
0.019041
0.023810
0.025011
0.020448
0.019866
0.023354
0.026617
0.029143
0.024203
0.013780
0.007517
0.007082
0.008766
0.008354
0.002224
-0.002449
-0.002780
-0.003955
-0.006678
-0.010621
-0.016793
-0.020985
-0.022356
-0.025670
-0.028917
-0.033619
-0.038676
-0.042554
-0.042016
-0.031666
-0.021513
-0.018505
-0.019002
-0.019382
-0.018382
-0.017900
-0.013211
-0.003264
0.006076
0.012437
0.013836
0.015391
0.019439
0.023739
0.030575
0.033760
0.033560
0.034621
0.036241
0.040112
0.045145
0.048799
0.049855
0.047787
0.040461
0.033604
0.030039
0.032388
0.035163
0.033474
0.030011
0.020672
0.011721
0.002125
-0.009408
-0.016649
-0.019395
-0.021113
-0.025963
-0.032466
-0.034618
-0.030726
-0.021847
-0.012915
-0.009128
-0.011879
-0.017958
-0.022366
-0.024705
-0.024918
-0.024794
-0.022605
-0.018452
-0.017578
-0.025420
-0.033912
-0.035085
-0.033512
-0.029853
-0.026311
-0.020148
-0.012654
-0.012834
-0.019501
-0.026043
-0.031268
-0.036896
-0.040918
-0.040212
-0.035894
-0.031488
-0.028475
-0.026518
-0.026516
-0.024774
-0.017720
-0.008195
-0.000113
0.004587
0.008778
0.014646
0.020153
0.023750
0.028089
0.030698
0.026433
0.019550
0.016562
0.018463
0.020072
0.019601
0.017565
0.014525
0.010617
0.004661
-0.000837
-0.003469
-0.003643
-0.003564
-0.006170
-0.013103
-0.018719
-0.021865
-0.025390
-0.032827
-0.039916
-0.038509
-0.035951
-0.034405
-0.023901
-0.008124
0.006842
0.024407
0.038738
0.044994
0.044469
0.035411
0.023857
0.015451
0.008576
0.006206
0.003612
-0.000636
-0.000237
0.002344
0.000836
-0.007499
-0.015223
