0.000000
0.000000
-0.046184
-0.043135
-0.037686
-0.029880
-0.023958
-0.021114
-0.021887
-0.026935
-0.031777
-0.036798
-0.041966
-0.044561
-0.043645
-0.032634
-0.015541
-0.002227
0.007911
0.010999
0.007416
-0.000997
-0.009591
-0.014236
-0.013598
-0.003173
0.015822
0.029284
0.034899
0.042415
0.046132
0.046504
0.046796
0.046897
0.050450
0.056499
0.062366
0.063990
0.056383
0.045768
0.036031
0.029695
0.024817
0.013477
0.000862
-0.004179
-0.006936
-0.010585
-0.011730
-0.018511
-0.024245
-0.027922
-0.032013
-0.033854
-0.030327
-0.022690
-0.020604
-0.021884
-0.020088
-0.012187
-0.002910
0.003915
0.007996
0.010968
0.015150
0.015915
0.012535
0.007849
0.001129
-0.004554
-0.002111
0.008731
0.021082
0.028474
0.028545
0.025378
0.023816
0.025007
0.023732
0.028662
0.043801
0.056539
0.057015
0.045461
0.033990
0.024679
0.016406
0.007714
-0.002662
-0.008412
-0.009818
-0.008586
-0.007813
-0.013056
-0.020159
-0.024743
-0.023669
-0.014861
-0.005944
0.003391
0.007685
-0.000144
-0.010327
-0.013342
-0.014099
-0.020632
-0.031140
-0.042359
-0.046689
-0.043406
-0.037731
-0.029008
-0.023303
-0.023490
-0.027802
-0.033763
-0.038889
-0.040197
-0.041825
-0.045818
-0.044523
-0.041919
-0.039125
-0.038542
-0.037818
-0.033791
-0.027463
-0.019069
-0.012948
-0.009044
-0.007592
0.001628
0.018885
0.034402
0.044207
0.048023
0.050361
0.045404
0.033371
0.020386
0.013656
0.015106
0.018301
0.018031
0.011802
0.008775
0.013326
0.015771
0.013126
0.006883
-0.000647
-0.008129
-0.011663
-0.012089
-0.015611
-0.019673
-0.017133
-0.010846
-0.005741
-0.004163
-0.006938
-0.007913
-0.002851
0.001698
0.001111
0.001418
0.004234
0.003945
0.002573
0.004999
0.004766
0.002997
0.004632
0.007323
0.002443
-0.005588
-0.013772
-0.017106
-0.003588
0.008859
0.010082
0.008461
0.010723
0.015571
0.011770
0.012441
0.021955
0.020845
0.005988
-0.014811
-0.033975
-0.048974
-0.061771
-0.072899
-0.060642
-0.027788
-0.011838
-0.016112
-0.026934
-0.030547
-0.025992
-0.031659
-0.047790
-0.066643
-0.080275
-0.077877
-0.057139
-0.023329
0.006940
0.038384
0.074788
0.091510
0.085441
0.076235
0.073218
0.070346
0.059056
0.050969
0.049944
0.045928
0.034803
0.015747
-0.006767
-0.015283
-0.004942
0.011917
0.027872
0.037139
0.039285
0.038083
0.038398
0.038157
0.037526
0.044924
0.055075
0.057373
0.052461
0.046913
0.037353
0.027807
0.027784
0.025608
0.016082
-0.000098
-0.020769
-0.038961
-0.049682
-0.054020
-0.044402
-0.026838
-0.010756
-0.002511
-0.003057
-0.003340
-0.008094
-0.018651
-0.034837
-0.048752
-0.056603
-0.060424
-0.064103
-0.065979
-0.063093
-0.058030
-0.050043
-0.043385
-0.031611
-0.018685
-0.012458
-0.010481
-0.009052
-0.004217
0.004772
0.020338
0.034423
0.037528
0.034684
0.030809
0.030038
0.031588
0.025932
0.015654
0.007305
-0.001041
-0.009038
-0.013907
-0.017041
-0.023060
-0.029502
-0.027546
-0.020568
-0.014000
-0.008358
0.000129
0.011017
0.020144
0.027990
0.032877
0.036873
0.042273
0.044156
0.039786
0.041851
0.045701
0.042670
0.041447
0.040680
0.034735
0.025498
0.018657
0.018513
0.023511
0.028106
0.029958
0.028834
0.028878
0.029722
0.027031
0.017557
0.004963
-0.001551
-0.004562
-0.011424
-0.021265
-0.025208
-0.021231
-0.019550
-0.019658
-0.011038
0.001673
0.015483
0.030815
0.039338
0.031993
0.017449
0.004807
-0.008813
-0.022234
-0.031878
-0.037012
-0.035558
-0.029974
-0.024714
-0.018948
-0.013781
-0.009023
-0.002153
0.006097
0.011896
0.015002
0.018179
0.020132
0.015533
0.009803
0.005342
0.000769
-0.004076
-0.008653
-0.009735
-0.012710
-0.019038
-0.023921
-0.028374
-0.030104
-0.029286
-0.030567
-0.032278
-0.029634
-0.022688
-0.013592
-0.006668
-0.003506
-0.001658
-0.001578
-0.001693
-0.002773
-0.005619
-0.008929
-0.011794
-0.014105
-0.011680
-0.003650
0.002734
0.010610
0.019591
0.024556
0.031019
0.038046
0.040071
0.038243
0.032951
0.026919
0.021662
0.017425
0.015586
0.016299
0.016518
0.017475
0.021055
0.017547
0.007584
-0.002301
-0.012496
-0.023619
-0.028986
-0.026141
-0.020619
-0.016047
-0.012749
-0.008069
-0.001201
0.004283
0.005883
0.005112
-0.000517
-0.008475
-0.014515
-0.015714
-0.011667
-0.005943
-0.000286
0.004832
0.008848
0.012470
0.017102
0.020273
0.021373
0.020088
0.017134
0.012077
0.004092
-0.002524
-0.003843
0.001824
0.010652
0.017318
0.020920
0.024404
0.025121
0.017016
0.007921
0.004330
0.002480
0.004273
0.007298
0.005819
0.003736
-0.000027
-0.007366
-0.011176
-0.012742
-0.015624
-0.021369
-0.037269
-0.047020
-0.049558
-0.048683
-0.035155
-0.019858
-0.009123
0.000136
0.010404
0.017757
0.016884
0.015430
0.018827
0.021268
0.020104
0.012388
0.005774
0.004382
0.005952
0.003724
-0.002557
-0.005486
-0.001680
0.007103
0.011490
0.010971
0.011915
0.013130
0.011547
0.009782
0.007865
0.004345
0.001390
-0.002155
-0.011214
-0.021443
-0.028979
-0.034072
-0.037252
-0.039016
-0.035825
-0.029422
-0.017806
-0.002795
0.006078
0.008070
0.004682
-0.001647
-0.008579
-0.013747
-0.018153
-0.024705
-0.028927
-0.029352
-0.032317
-0.038808
-0.041774
-0.039399
-0.037237
-0.031514
-0.024698
-0.018930
-0.009329
-0.001043
-0.001313
-0.009784
-0.017869
-0.015902
-0.006559
0.003477
0.012612
0.021281
0.029650
0.032008
0.028425
0.021178
0.011948
0.004236
0.002865
0.005850
0.010206
0.014886
0.017033
0.018218
0.018804
0.019940
0.022010
0.023122
0.020570
0.016259
0.014303
0.011709
0.006748
0.001316
-0.000865
-0.001508
-0.006302
-0.010548
-0.008631
-0.002471
0.004997
0.012454
0.018804
0.023314
0.023647
0.018988
0.018625
0.022736
0.021965
0.017198
0.013102
0.009844
0.001643
-0.010686
-0.018862
-0.023617
-0.027035
-0.029917
-0.037229
-0.041439
-0.036023
-0.028711
-0.022652
-0.021067
-0.023237
-0.025452
-0.027441
-0.021477
-0.012405
-0.008051
-0.006985
-0.010061
-0.013618
-0.018455
-0.030481
-0.044144
-0.048662
-0.047991
-0.049591
-0.046054
-0.033957
-0.021916
-0.008571
0.002994
0.012290
0.019567
0.017458
0.014580
0.014140
0.016367
0.023272
0.027080
0.029952
0.034594
0.036180
0.035879
0.035521
0.033872
0.031502
0.025003
0.016507
0.011126
0.001526
-0.012139
-0.016362
-0.010916
-0.008634
-0.006591
0.006135
0.024914
0.039194
0.047169
0.049146
0.046382
0.038151
0.030322
0.027851
0.025153
0.025094
0.028640
0.030648
0.029633
0.029828
0.031158
0.030219
0.028228
0.020348
0.006094
-0.006493
-0.013132
-0.015358
-0.017051
-0.021190
-0.025208
-0.026317
-0.025487
-0.022688
-0.019798
-0.019668
-0.021190
-0.022881
-0.026708
-0.030682
-0.035508
-0.034617
-0.028336
-0.020642
-0.008727
-0.000502
0.002841
0.003173
0.001594
-0.000445
-0.002783
0.000596
0.009818
0.018015
0.021497
0.020124
0.018368
0.014834
0.010177
0.008572
0.006774
0.003956
0.003160
0.006230
0.012936
0.020142
0.024690
0.029873
0.033479
0.032194
0.032795
0.032920
0.031046
0.027981
0.023988
0.021667
0.015512
0.007933
0.001072
-0.005093
-0.007964
-0.010464
-0.016332
-0.025130
-0.030516
-0.028791
-0.024543
-0.018268
-0.008987
-0.001807
-0.002375
-0.006022
-0.010146
-0.016231
-0.023192
-0.030472
-0.032616
-0.029539
-0.027393
-0.031733
-0.035959
-0.035855
-0.035748
-0.037236
-0.039487
-0.037075
-0.029884
-0.025398
-0.024721
-0.023513
-0.022019
-0.022961
-0.023903
-0.022227
-0.018277
-0.014346
-0.012465
-0.009691
-0.008534
-0.006451
0.002866
0.012454
0.015553
0.014701
0.017355
0.023266
0.027934
0.031598
0.036295
0.036327
0.027232
0.017772
0.013260
0.014863
0.015814
0.013191
0.009678
0.002889
-0.005054
-0.014975
-0.023902
-0.027006
-0.028343
-0.028905
-0.029976
-0.034553
-0.035817
-0.033457
-0.032354
-0.034507
-0.035705
-0.028294
-0.020441
-0.017515
-0.009249
0.003791
0.016357
0.030107
0.042707
0.049932
0.049612
0.041941
0.032951
0.025398
0.017762
0.014453
0.011548
0.006836
0.007772
0.012144
0.011984
0.003018
-0.004658
