53,4908	;	53,6198	;	54,2277	;	53,3341	;	03/01/2008
54,0804	;	51,6849	;	54,3568	;	51,3164	;	04/01/2008
52,0351	;	50,7638	;	52,2379	;	49,4553	;	07/01/2008
51,5929	;	51,7769	;	52,6247	;	51,5469	;	08/01/2008
51,1415	;	51,2243	;	51,7679	;	50,1648	;	09/01/2008
51,5007	;	52,3391	;	52,5233	;	51,0401	;	10/01/2008
52,4221	;	51,6849	;	52,6985	;	51,648	;	11/01/2008
51,6849	;	51,5929	;	52,5141	;	51,1599	;	14/01/2008
51,0216	;	49,6582	;	51,4916	;	49,2987	;	15/01/2008
48,6448	;	47,364	;	49,6582	;	45,9544	;	16/01/2008
47,447	;	47,0324	;	49,3909	;	45,6044	;	17/01/2008
48,1654	;	47,5298	;	49,1054	;	45,9729	;	18/01/2008
44,2225	;	42,5826	;	45,0976	;	42,5826	;	21/01/2008
43,3932	;	43,8541	;	45,6044	;	41,9192	;	22/01/2008
43,0248	;	41,4585	;	43,4578	;	40,3991	;	23/01/2008
45,1436	;	46,1757	;	46,8942	;	43,9461	;	24/01/2008
45,1528	;	46,2954	;	46,2954	;	43,7525	;	28/01/2008
47,0877	;	47,0601	;	47,8707	;	46,0651	;	29/01/2008
46,8481	;	48,267	;	48,267	;	46,2491	;	30/01/2008
47,355	;	47,7511	;	47,9998	;	45,1528	;	31/01/2008
49,3909	;	50,5794	;	50,6716	;	48,8197	;	01/02/2008
48,9855	;	48,9302	;	50,3952	;	48,6538	;	06/02/2008
48,3314	;	48,2761	;	49,2251	;	47,364	;	07/02/2008
48,9212	;	49,2896	;	49,999	;	48,3866	;	08/02/2008
49,1975	;	51,1321	;	51,1783	;	49,1975	;	11/02/2008
52,0535	;	51,5099	;	53,2511	;	51,5099	;	12/02/2008
51,7863	;	52,3206	;	52,5049	;	51,0953	;	13/02/2008
52,7906	;	51,8786	;	52,9563	;	51,8693	;	14/02/2008
51,4916	;	50,8742	;	51,4916	;	50,0819	;	15/02/2008
54,3476	;	53,0578	;	54,3476	;	53,0025	;	18/02/2008
53,8961	;	53,3526	;	54,7253	;	53,2972	;	19/02/2008
52,7996	;	55,2781	;	55,2873	;	52,4589	;	20/02/2008
56,1902	;	55,0937	;	56,5127	;	54,4581	;	21/02/2008
55,5545	;	55,9229	;	55,9506	;	53,9788	;	22/02/2008
55,9137	;	55,9229	;	56,356	;	55,2781	;	25/02/2008
55,5545	;	55,9229	;	56,4297	;	55,0937	;	26/02/2008
55,6466	;	55,7479	;	56,6876	;	55,5084	;	27/02/2008
56,1534	;	57,5813	;	57,7196	;	56,1534	;	28/02/2008
56,5587	;	54,0436	;	57,0286	;	54,0436	;	29/02/2008
54,2185	;	53,7119	;	54,6793	;	52,7446	;	03/03/2008
53,5737	;	52,5694	;	54,1725	;	51,9431	;	04/03/2008
53,2511	;	54,1448	;	54,5871	;	53,0669	;	05/03/2008
53,8961	;	52,7262	;	54,4119	;	52,7262	;	06/03/2008
52,2379	;	51,6113	;	52,9749	;	51,2797	;	07/03/2008
51,3073	;	50,2109	;	51,5837	;	49,4553	;	10/03/2008
51,2243	;	52,2746	;	52,2746	;	50,5517	;	11/03/2008
52,3299	;	52,7906	;	53,7948	;	52,3114	;	12/03/2008
52,0442	;	53,0669	;	53,7579	;	51,1321	;	13/03/2008
54,1541	;	54,2647	;	54,2647	;	52,1917	;	14/03/2008
52,2379	;	50,9756	;	52,6155	;	50,2478	;	17/03/2008
52,3484	;	52,5879	;	52,6616	;	51,2243	;	18/03/2008
52,1457	;	48,9763	;	52,4773	;	48,9763	;	19/03/2008
48,6448	;	48,5802	;	49,6675	;	47,8155	;	20/03/2008
49,483	;	51,0862	;	51,7309	;	49,3818	;	24/03/2008
51,8232	;	52,5326	;	53,113	;	51,5007	;	25/03/2008
55,5821	;	54,8265	;	55,7756	;	54,3383	;	26/03/2008
55,4624	;	55,0477	;	56,1072	;	54,6147	;	27/03/2008
55,0937	;	55,0937	;	55,4531	;	54,1725	;	28/03/2008
54,7161	;	55,7388	;	56,1349	;	54,6608	;	31/03/2008
55,7388	;	56,8904	;	57,093	;	55,2781	;	01/04/2008
56,9455	;	56,2915	;	57,1392	;	55,665	;	02/04/2008
56,1072	;	57,0008	;	57,526	;	55,4808	;	03/04/2008
56,8444	;	57,5904	;	57,9774	;	56,4389	;	04/04/2008
58,0418	;	57,4984	;	59,9951	;	57,093	;	07/04/2008
57,0654	;	57,7656	;	58,8988	;	56,6968	;	08/04/2008
57,6735	;	56,7519	;	58,0418	;	56,1165	;	09/04/2008
56,5218	;	56,3928	;	56,6509	;	55,1859	;	10/04/2008
55,6751	;	55,7774	;	56,8815	;	55,6659	;	11/04/2008
55,573	;	55,0442	;	55,573	;	54,6824	;	14/04/2008
55,3968	;	56,3898	;	56,603	;	55,3968	;	15/04/2008
57,16	;	58,097	;	58,5981	;	56,8723	;	16/04/2008
57,7166	;	58,1341	;	58,6446	;	57,2156	;	17/04/2008
58,3661	;	58,6446	;	58,7373	;	57,4474	;	18/04/2008
59,8508	;	60,556	;	61,3356	;	59,2012	;	22/04/2008
60,8714	;	60,1291	;	60,9642	;	59,7487	;	23/04/2008
60,0364	;	57,763	;	60,5745	;	57,763	;	24/04/2008
56,9279	;	58,4589	;	58,7373	;	56,603	;	25/04/2008
58,7373	;	59,257	;	59,9436	;	58,496	;	28/04/2008
59,5724	;	57,8094	;	59,5724	;	57,8094	;	29/04/2008
57,8094	;	60,9085	;	61,2334	;	57,8094	;	30/04/2008
60,7695	;	60,686	;	61,6138	;	60,0735	;	02/05/2008
61,4376	;	61,7995	;	62,4025	;	60,9642	;	05/05/2008
61,5025	;	62,9315	;	63,0893	;	61,4004	;	06/05/2008
62,913	;	61,1962	;	63,2841	;	61,1407	;	07/05/2008
61,8923	;	61,9294	;	62,7552	;	61,7995	;	08/05/2008
61,6138	;	61,6231	;	62,1707	;	61,1684	;	09/05/2008
61,9014	;	62,4583	;	62,6438	;	61,1684	;	12/05/2008
62,8202	;	62,6346	;	63,1172	;	62,1149	;	13/05/2008
63,5625	;	62,4119	;	64,574	;	62,4119	;	14/05/2008
62,913	;	64,5832	;	64,7132	;	62,6346	;	15/05/2008
65,1398	;	66,8936	;	66,8936	;	65,1398	;	16/05/2008
67,0886	;	66,3463	;	67,4134	;	65,8822	;	19/05/2008
65,3255	;	66,3463	;	66,4948	;	64,3048	;	20/05/2008
66,3463	;	64,2121	;	66,4206	;	64,2121	;	21/05/2008
63,3769	;	63,3304	;	63,748	;	61,586	;	23/05/2008
63,2841	;	62,6346	;	63,915	;	62,6346	;	26/05/2008
62,9036	;	61,419	;	62,9036	;	60,6396	;	27/05/2008
61,7067	;	62,7831	;	62,7831	;	60,3148	;	28/05/2008
62,1707	;	59,8044	;	62,6346	;	59,8044	;	29/05/2008
60,3148	;	60,7881	;	61,6974	;	59,86	;	30/05/2008
60,3148	;	60,5837	;	61,7809	;	59,99	;	02/06/2008
60,6767	;	58,4218	;	60,8714	;	57,16	;	03/06/2008
57,8094	;	56,3618	;	57,9486	;	56,0092	;	04/06/2008
56,8815	;	58,3197	;	58,8673	;	56,4639	;	05/06/2008
58,9229	;	57,336	;	58,9229	;	56,4175	;	06/06/2008
57,5125	;	55,3968	;	57,5125	;	54,4224	;	09/06/2008
54,2833	;	54,1905	;	54,673	;	53,077	;	10/06/2008
53,8656	;	52,511	;	53,9121	;	52,3904	;	11/06/2008
53,2626	;	52,6037	;	53,9586	;	51,8707	;	12/06/2008
52,8915	;	52,6687	;	53,3554	;	51,9172	;	13/06/2008
52,4274	;	52,7059	;	53,179	;	51,2862	;	16/06/2008
53,6338	;	54,2648	;	54,7659	;	53,3462	;	17/06/2008
53,6802	;	53,9771	;	54,6545	;	53,3554	;	18/06/2008
54,4782	;	53,8656	;	54,4782	;	53,077	;	19/06/2008
53,3647	;	51,4437	;	53,6802	;	51,4437	;	20/06/2008
52,0562	;	52,4089	;	52,9099	;	51,8243	;	23/06/2008
52,1119	;	53,3462	;	54,144	;	51,8243	;	24/06/2008
53,541	;	54,4503	;	55,3039	;	53,0028	;	25/06/2008
53,4482	;	52,5202	;	54,1719	;	52,0562	;	26/06/2008
52,7336	;	52,1769	;	53,3647	;	51,9635	;	27/06/2008
52,5202	;	53,2626	;	53,6616	;	52,4832	;	30/06/2008
51,9542	;	51,0449	;	52,2604	;	50,1262	;	01/07/2008
51,0819	;	48,4281	;	51,7314	;	48,0199	;	02/07/2008
47,7879	;	47,2775	;	48,7159	;	46,8599	;	03/07/2008
46,8784	;	47,7879	;	48,3354	;	46,6743	;	04/07/2008
48,2518	;	47,8436	;	49,8014	;	47,4075	;	07/07/2008
47,6951	;	47,3238	;	48,2518	;	45,8392	;	08/07/2008
46,396	;	47,3238	;	47,8807	;	45,932	;	10/07/2008
47,3238	;	46,5537	;	47,9641	;	46,2755	;	11/07/2008
47,5094	;	47,3238	;	47,9736	;	47,0177	;	14/07/2008
46,4425	;	46,3125	;	46,8136	;	45,3011	;	15/07/2008
45,8392	;	45,6537	;	46,0712	;	45,0413	;	16/07/2008
43,9834	;	43,1854	;	44,3546	;	42,0626	;	17/07/2008
43,1483	;	42,6936	;	43,8536	;	42,48	;	18/07/2008
43,6679	;	44,2618	;	44,2618	;	43,1854	;	21/07/2008
43,6123	;	42,6008	;	43,7051	;	42,3224	;	22/07/2008
42,7863	;	42,5637	;	43,7235	;	42,2945	;	23/07/2008
42,3781	;	40,5778	;	43,0554	;	40,1046	;	24/07/2008
40,1789	;	40,3645	;	40,6521	;	38,3601	;	25/07/2008
41,3666	;	40,8192	;	41,7193	;	40,7263	;	28/07/2008
41,2924	;	41,8028	;	41,8491	;	41,1533	;	29/07/2008
42,3131	;	44,6329	;	44,67	;	42,3131	;	30/07/2008
44,7721	;	43,9277	;	45,0134	;	43,2411	;	31/07/2008
43,4267	;	41,1904	;	43,4267	;	40,5873	;	01/08/2008
40,6429	;	38,2211	;	40,6429	;	37,8685	;	04/08/2008
38,8614	;	38,6293	;	39,2881	;	37,5344	;	05/08/2008
39,5293	;	39,1582	;	39,9006	;	38,685	;	06/08/2008
39,8634	;	39,3439	;	39,9934	;	38,5087	;	07/08/2008
38,5087	;	38,685	;	39,2602	;	38,1932	;	08/08/2008
38,9726	;	37,2561	;	38,9726	;	36,7551	;	11/08/2008
37,1168	;	37,0426	;	37,9983	;	36,4858	;	12/08/2008
36,8384	;	38,7407	;	39,2046	;	36,6992	;	13/08/2008
39,2139	;	39,1582	;	39,9098	;	38,9262	;	14/08/2008
38,6943	;	38,4158	;	39,2046	;	37,9334	;	15/08/2008
38,6015	;	37,5622	;	39,0654	;	37,2189	;	18/08/2008
36,7456	;	38,1375	;	39,084	;	36,421	;	19/08/2008
39,2511	;	40,2346	;	40,55	;	39,2046	;	20/08/2008
40,4573	;	41,014	;	41,5987	;	40,4573	;	21/08/2008
41,042	;	40,3459	;	41,6171	;	39,7891	;	22/08/2008
40,4665	;	39,1211	;	40,6892	;	39,0562	;	25/08/2008
38,787	;	39,1582	;	39,7336	;	38,6572	;	26/08/2008
39,6686	;	40,4387	;	40,4387	;	39,1767	;	27/08/2008
40,9769	;	40,6429	;	41,2924	;	39,8449	;	28/08/2008
40,8285	;	40,3366	;	41,1068	;	40,0582	;	29/08/2008
39,8913	;	39,7057	;	39,9098	;	39,3902	;	01/09/2008
39,2046	;	38,787	;	39,455	;	38,4158	;	02/09/2008
39,4828	;	38,6015	;	40,55	;	38,0447	;	03/09/2008
38,9819	;	37,4323	;	39,1861	;	36,6157	;	04/09/2008
36,7085	;	37,8499	;	37,8499	;	35,9476	;	05/09/2008
39,0747	;	36,4765	;	39,381	;	36,3095	;	08/09/2008
36,0032	;	34,6672	;	36,3373	;	34,6672	;	09/09/2008
35,3072	;	36,6992	;	37,3488	;	34,5743	;	10/09/2008
36,0961	;	38,6015	;	38,6015	;	35,4095	;	11/09/2008
38,787	;	39,5852	;	40,1232	;	38,0447	;	12/09/2008
37,395	;	36,0961	;	38,6386	;	36,0682	;	15/09/2008
34,3794	;	37,0239	;	37,4973	;	34,0733	;	16/09/2008
36,6064	;	34,4259	;	36,8755	;	33,73	;	17/09/2008
35,4465	;	36,9312	;	37,4879	;	34,3331	;	18/09/2008
39,4366	;	39,9934	;	40,7821	;	38,258	;	19/09/2008
40,0397	;	38,8799	;	40,2717	;	38,8799	;	22/09/2008
38,1839	;	36,0312	;	38,6107	;	35,725	;	23/09/2008
36,8384	;	36,6527	;	37,1168	;	35,7806	;	24/09/2008
37,0703	;	37,9334	;	37,9334	;	36,5601	;	25/09/2008
36,0032	;	35,725	;	36,5601	;	34,9176	;	26/09/2008
34,1475	;	31,3637	;	34,3331	;	30,0833	;	29/09/2008
31,7348	;	33,9154	;	33,9154	;	31,5493	;	30/09/2008
33,8226	;	33,767	;	34,0176	;	31,7441	;	01/10/2008
33,3123	;	30,2039	;	33,3123	;	29,6934	;	02/10/2008
30,6214	;	30,3801	;	32,1989	;	29,4615	;	03/10/2008
27,6429	;	28,0697	;	28,8676	;	24,2651	;	06/10/2008
28,3015	;	26,9283	;	29,6006	;	26,3158	;	07/10/2008
25,425	;	26,9097	;	28,9882	;	24,5898	;	08/10/2008
27,8376	;	25,9261	;	28,8118	;	25,5178	;	09/10/2008
23,2907	;	26,2602	;	26,5386	;	22,8732	;	10/10/2008
28,4407	;	29,6934	;	29,6934	;	26,4271	;	13/10/2008
31,2244	;	29,2203	;	31,9855	;	27,3737	;	14/10/2008
26,8912	;	23,7918	;	27,188	;	23,1888	;	15/10/2008
24,1259	;	23,1915	;	24,4042	;	21,1843	;	16/10/2008
22,6676	;	24,011	;	25,4498	;	22,4865	;	17/10/2008
24,7733	;	27,2029	;	27,2029	;	24,5827	;	20/10/2008
26,4884	;	27,4792	;	28,5464	;	26,0119	;	21/10/2008
26,0119	;	25,9166	;	27,3364	;	25,2497	;	22/10/2008
25,0495	;	24,4397	;	26,3454	;	23,2487	;	23/10/2008
22,6867	;	23,2392	;	24,9734	;	22,5913	;	24/10/2008
22,8677	;	21,0573	;	23,2012	;	21,0573	;	27/10/2008
22,6295	;	23,9729	;	24,2016	;	21,305	;	28/10/2008
24,7733	;	24,7161	;	26,05	;	24,0586	;	29/10/2008
26,1072	;	26,4787	;	27,0887	;	25,6023	;	30/10/2008
25,4688	;	27,0504	;	27,1839	;	24,7733	;	31/10/2008
27,1172	;	27,6316	;	28,4607	;	26,3549	;	03/11/2008
28,7084	;	29,5754	;	30,1567	;	28,4797	;	04/11/2008
29,1086	;	27,0601	;	29,709	;	27,0601	;	05/11/2008
25,9166	;	26,2024	;	26,7933	;	24,8685	;	06/11/2008
26,5836	;	25,3926	;	26,8218	;	25,3926	;	07/11/2008
27,2507	;	26,5836	;	28,0796	;	26,1453	;	10/11/2008
25,8214	;	26,9172	;	27,4602	;	25,4402	;	11/11/2008
26,1263	;	25,164	;	26,7552	;	24,7733	;	12/11/2008
24,7733	;	26,0024	;	26,3931	;	24,0967	;	13/11/2008
26,4884	;	25,7737	;	26,6217	;	24,8685	;	14/11/2008
24,5446	;	25,4402	;	26,1358	;	24,535	;	17/11/2008
24,8209	;	24,3445	;	25,2782	;	23,8777	;	18/11/2008
23,9634	;	23,8205	;	24,9543	;	23,2297	;	19/11/2008
22,2769	;	21,7242	;	22,7248	;	21,4574	;	21/11/2008
22,9248	;	24,8781	;	25,145	;	22,9152	;	24/11/2008
24,8115	;	25,545	;	26,3835	;	24,2016	;	25/11/2008
25,1544	;	26,2882	;	26,4503	;	24,5731	;	26/11/2008
25,9644	;	25,7737	;	26,3454	;	25,5355	;	27/11/2008
25,869	;	26,231	;	26,8218	;	25,6023	;	28/11/2008
24,8209	;	24,2969	;	25,2115	;	24,0206	;	01/12/2008
24,7733	;	23,3918	;	24,7733	;	23,3536	;	02/12/2008
23,344	;	23,6966	;	23,7728	;	22,4579	;	03/12/2008
23,8205	;	22,9534	;	24,1159	;	22,9534	;	04/12/2008
22,3531	;	22,4389	;	22,7248	;	21,7338	;	05/12/2008
23,5918	;	25,2497	;	25,5831	;	23,5632	;	08/12/2008
25,2973	;	25,6023	;	26,0214	;	24,3445	;	09/12/2008
26,2692	;	27,3554	;	28,0796	;	25,9834	;	10/12/2008
27,4411	;	26,7837	;	28,6132	;	26,7837	;	11/12/2008
25,7165	;	26,8791	;	27,0601	;	25,364	;	12/12/2008
27,0695	;	27,0504	;	27,9651	;	26,8885	;	15/12/2008
27,9651	;	28,4893	;	28,4893	;	27,546	;	16/12/2008
28,4988	;	28,8704	;	29,5278	;	28,1081	;	17/12/2008
29,0133	;	27,4506	;	29,3849	;	27,0123	;	18/12/2008
27,1743	;	27,3364	;	28,1081	;	26,8218	;	19/12/2008
27,5364	;	25,6118	;	27,6222	;	25,383	;	22/12/2008
25,9644	;	24,6399	;	26,4407	;	24,6399	;	23/12/2008
24,7256	;	25,8214	;	25,8214	;	24,7256	;	26/12/2008
26,212	;	25,7642	;	26,5265	;	25,145	;	29/12/2008
26,1929	;	26,3835	;	26,4694	;	25,2688	;	30/12/2008
26,6884	;	29,0609	;	29,0609	;	26,5359	;	02/01/2009
28,5845	;	30,6426	;	31,6621	;	28,2986	;	05/01/2009
31,2047	;	31,4906	;	32,5387	;	30,776	;	06/01/2009
30,6808	;	29,5374	;	31,0618	;	29,5374	;	07/01/2009
29,3849	;	30,8521	;	30,8521	;	28,756	;	08/01/2009
30,4997	;	30,3473	;	31,5383	;	29,5468	;	09/01/2009
29,5374	;	27,9271	;	29,709	;	27,727	;	12/01/2009
27,5174	;	28,6798	;	29,4135	;	27,1553	;	13/01/2009
28,5178	;	27,3459	;	28,6798	;	26,7933	;	14/01/2009
27,4317	;	28,0604	;	28,3464	;	26,2882	;	15/01/2009
28,7751	;	28,5845	;	29,2039	;	27,7746	;	16/01/2009
28,8036	;	28,27	;	28,8609	;	27,9176	;	19/01/2009
27,8699	;	27,0219	;	28,5369	;	27,0219	;	20/01/2009
27,2507	;	27,8126	;	27,9365	;	27,0123	;	21/01/2009
28,0986	;	27,8509	;	28,3845	;	26,9172	;	22/01/2009
27,2029	;	28,8228	;	29,223	;	27,0123	;	23/01/2009
28,756	;	29,3658	;	30,0138	;	28,6798	;	26/01/2009
29,2419	;	30,595	;	31,0523	;	29,0609	;	27/01/2009
31,2524	;	32,3386	;	32,6721	;	31,1096	;	28/01/2009
31,7288	;	31,4716	;	32,0814	;	31,0142	;	29/01/2009
30,6902	;	30,9666	;	32,1004	;	30,6808	;	30/01/2009
30,3091	;	30,7855	;	31,6811	;	30,2615	;	02/02/2009
31,1761	;	32,31	;	32,3672	;	30,9761	;	03/02/2009
32,8722	;	33,7392	;	35,3781	;	32,7293	;	04/02/2009
33,9108	;	35,2066	;	35,5782	;	33,7202	;	05/02/2009
35,6353	;	36,9217	;	37,2074	;	35,3114	;	06/02/2009
36,8739	;	35,8259	;	37,8364	;	35,3495	;	09/02/2009
35,7783	;	34,7778	;	35,8926	;	34,2061	;	10/02/2009
35,016	;	33,8059	;	35,6258	;	33,3676	;	11/02/2009
32,9198	;	33,1675	;	34,2347	;	31,9193	;	12/02/2009
34,311	;	34,673	;	34,7302	;	33,6821	;	13/02/2009
34,2632	;	34,7874	;	34,7874	;	33,9297	;	16/02/2009
33,5869	;	32,5005	;	33,6344	;	32,4053	;	17/02/2009
32,9295	;	33,158	;	33,4438	;	31,8527	;	18/02/2009
33,7298	;	33,3676	;	34,2632	;	33,015	;	19/02/2009
31,3572	;	30,7093	;	31,7574	;	30,252	;	20/02/2009
28,8704	;	29,0609	;	29,6421	;	28,6893	;	25/02/2009
29,6612	;	29,0609	;	30,3473	;	29,0609	;	26/02/2009
28,5274	;	29,4135	;	29,6612	;	28,2796	;	27/02/2009
28,5369	;	27,7461	;	28,7751	;	27,546	;	02/03/2009
28,2225	;	28,2796	;	28,918	;	27,6794	;	03/03/2009
29,6326	;	31,1477	;	31,5764	;	29,6136	;	04/03/2009
29,8614	;	29,747	;	30,6236	;	29,2515	;	05/03/2009
30,3758	;	28,9657	;	30,795	;	28,2605	;	06/03/2009
28,4416	;	28,2986	;	29,261	;	28,1081	;	09/03/2009
29,1658	;	30,3948	;	30,5759	;	29,0609	;	10/03/2009
30,7093	;	30,6998	;	30,9571	;	30,1186	;	11/03/2009
30,5377	;	30,1662	;	30,5377	;	29,2324	;	12/03/2009
30,7283	;	29,3658	;	30,776	;	29,1277	;	13/03/2009
29,6326	;	29,2324	;	30,4044	;	29,0705	;	16/03/2009
29,2039	;	29,9661	;	29,9661	;	28,4607	;	17/03/2009
29,4421	;	29,6707	;	30,2424	;	28,4893	;	18/03/2009
30,2996	;	30,2996	;	30,8999	;	30,0518	;	19/03/2009
30,4615	;	29,8709	;	30,4806	;	29,7755	;	20/03/2009
30,5473	;	31,7479	;	32,0814	;	30,5473	;	23/03/2009
31,0999	;	30,595	;	31,3953	;	30,595	;	24/03/2009
31,0047	;	30,6808	;	31,6144	;	30,1186	;	25/03/2009
31,2047	;	31,5286	;	31,7955	;	30,9666	;	26/03/2009
30,6808	;	30,7283	;	31,0618	;	30,4234	;	27/03/2009
29,7851	;	28,9942	;	29,9947	;	28,756	;	30/03/2009
29,6326	;	29,5374	;	30,1758	;	28,9657	;	31/03/2009
28,9657	;	30,0138	;	30,0518	;	28,7845	;	01/04/2009
31,2428	;	31,9861	;	32,4435	;	31,0809	;	02/04/2009
31,5859	;	32,3481	;	32,491	;	31,4906	;	03/04/2009
31,9193	;	31,5002	;	31,9193	;	31,0428	;	06/04/2009
30,938	;	30,8141	;	31,4048	;	30,6617	;	07/04/2009
31,1096	;	31,0618	;	31,2524	;	30,5568	;	08/04/2009
31,9193	;	33,0628	;	33,1009	;	31,8621	;	09/04/2009
33,0628	;	33,0628	;	33,0628	;	33,0628	;	10/04/2009
32,7007	;	33,9204	;	34,4253	;	32,5196	;	13/04/2009
33,7964	;	33,9488	;	34,8731	;	33,6344	;	14/04/2009
33,6344	;	34,1966	;	34,3395	;	33,4915	;	15/04/2009
34,4717	;	34,4138	;	34,8585	;	33,969	;	16/04/2009
34,0657	;	34,1334	;	34,5298	;	33,8529	;	17/04/2009
33,4468	;	32,7603	;	33,5243	;	32,5572	;	20/04/2009
32,7796	;	33,147	;	33,9013	;	32,6733	;	22/04/2009
33,5049	;	34,085	;	34,23	;	33,4081	;	23/04/2009
34,3267	;	34,7232	;	35,1874	;	34,2204	;	24/04/2009
33,94	;	33,7563	;	34,4041	;	33,5049	;	27/04/2009
33,1181	;	33,1663	;	33,3598	;	32,7893	;	28/04/2009
33,8335	;	33,8529	;	34,1044	;	33,3695	;	29/04/2009
34,3267	;	34,8876	;	35,3131	;	34,2591	;	30/04/2009
36,4056	;	38,678	;	38,678	;	36,1349	;	04/05/2009
38,3879	;	38,3879	;	39,0648	;	37,8851	;	05/05/2009
38,678	;	38,678	;	39,3453	;	38,678	;	06/05/2009
39,1228	;	37,2276	;	39,1228	;	36,6861	;	07/05/2009
37,9045	;	37,7594	;	38,1946	;	36,8602	;	08/05/2009
37,0825	;	37,8754	;	38,4556	;	36,7345	;	11/05/2009
38,4266	;	36,8602	;	38,4266	;	36,3862	;	12/05/2009
35,6804	;	35,3904	;	35,9609	;	34,8779	;	13/05/2009
35,2454	;	35,6223	;	35,8255	;	35,0132	;	14/05/2009
35,4485	;	35,3904	;	35,8352	;	34,9649	;	15/05/2009
36,0189	;	37,711	;	37,7884	;	35,4871	;	18/05/2009
37,711	;	38,0012	;	38,8232	;	37,276	;	19/05/2009
38,533	;	38,1173	;	39,9738	;	38,0108	;	20/05/2009
37,2276	;	36,5701	;	37,5659	;	36,1157	;	21/05/2009
37,2567	;	36,5024	;	37,2567	;	36,338	;	22/05/2009
36,7442	;	36,8312	;	36,9858	;	36,5604	;	25/05/2009
36,425	;	37,595	;	37,7014	;	35,9995	;	26/05/2009
37,3533	;	36,5991	;	38,0399	;	36,5991	;	27/05/2009
37,1212	;	37,4984	;	37,5178	;	36,6861	;	28/05/2009
38,0012	;	36,7635	;	38,1946	;	36,5894	;	29/05/2009
37,711	;	38,5814	;	38,7264	;	37,6143	;	01/06/2009
38,3298	;	37,2663	;	38,3492	;	37,1309	;	02/06/2009
37,0342	;	35,7191	;	37,0342	;	35,4291	;	03/06/2009
35,8738	;	36,5314	;	36,6378	;	35,1002	;	04/06/2009
38,1656	;	36,9181	;	38,1656	;	36,6474	;	05/06/2009
36,338	;	37,1309	;	37,3726	;	35,8835	;	08/06/2009
37,3436	;	37,1406	;	37,6627	;	36,5991	;	09/06/2009
37,711	;	37,4693	;	37,9045	;	36,9375	;	10/06/2009
38,0012	;	37,2469	;	38,1462	;	36,8409	;	12/06/2009
36,6474	;	36,5121	;	36,8021	;	35,8738	;	15/06/2009
36,7442	;	35,8738	;	37,0438	;	35,8158	;	16/06/2009
35,6804	;	35,5934	;	35,9415	;	34,9745	;	17/06/2009
35,6804	;	35,3807	;	35,7289	;	35,0036	;	18/06/2009
35,7289	;	35,3421	;	35,7965	;	35,255	;	19/06/2009
34,9165	;	33,4275	;	34,9165	;	33,292	;	22/06/2009
33,6499	;	33,6982	;	33,9302	;	32,9924	;	23/06/2009
34,2011	;	32,9343	;	34,346	;	32,8957	;	24/06/2009
32,8764	;	34,0367	;	34,0367	;	32,4024	;	25/06/2009
33,8626	;	33,4566	;	34,1237	;	33,2342	;	26/06/2009
33,8239	;	33,7563	;	33,882	;	33,4178	;	29/06/2009
33,8916	;	33,3598	;	33,9593	;	32,9052	;	30/06/2009
33,5629	;	33,4855	;	34,2493	;	33,3598	;	01/07/2009
33,0696	;	33,2148	;	33,4855	;	32,6442	;	02/07/2009
33,4759	;	33,0503	;	33,4759	;	32,9439	;	03/07/2009
32,5379	;	32,4605	;	32,6248	;	31,977	;	06/07/2009
32,1221	;	30,836	;	32,3057	;	30,633	;	07/07/2009
31,0101	;	31,4839	;	31,6192	;	30,4976	;	08/07/2009
31,4839	;	31,4839	;	31,4839	;	31,4839	;	09/07/2009
31,426	;	31,426	;	31,426	;	30,9424	;	10/07/2009
31,5226	;	31,426	;	31,7064	;	30,5459	;	13/07/2009
31,7064	;	31,1551	;	31,8707	;	31,1358	;	14/07/2009
31,9094	;	33,5724	;	33,7948	;	31,9094	;	15/07/2009
33,3501	;	33,6305	;	33,9206	;	32,9537	;	16/07/2009
33,6499	;	33,6015	;	33,8626	;	33,2727	;	17/07/2009
33,9496	;	34,8876	;	35,0036	;	33,6209	;	20/07/2009
35,2067	;	35,2841	;	35,5161	;	34,5202	;	21/07/2009
34,6072	;	34,5684	;	35,2937	;	34,4621	;	22/07/2009
34,9552	;	35,2937	;	35,6998	;	34,5684	;	23/07/2009
35,197	;	35,5837	;	36,0093	;	35,197	;	24/07/2009
35,8738	;	35,8255	;	36,0963	;	35,3807	;	27/07/2009
35,4	;	35,7191	;	35,9706	;	35,1874	;	28/07/2009
35,1583	;	34,9552	;	35,2937	;	34,5202	;	29/07/2009
35,1776	;	35,3904	;	35,9803	;	35,1002	;	30/07/2009
35,0809	;	35,8255	;	35,99	;	35,0036	;	31/07/2009
36,309	;	36,8215	;	36,9375	;	36,309	;	03/08/2009
36,4443	;	36,7635	;	37,3726	;	36,3573	;	04/08/2009
36,7152	;	36,8215	;	37,0922	;	36,2124	;	05/08/2009
36,9955	;	36,309	;	37,1212	;	35,9028	;	06/08/2009
36,5507	;	36,6958	;	36,9858	;	36,1543	;	07/08/2009
36,4153	;	36,5991	;	36,5991	;	36,0963	;	10/08/2009
36,4347	;	35,6708	;	36,454	;	35,4871	;	11/08/2009
35,7289	;	35,9995	;	36,1639	;	35,4	;	12/08/2009
36,454	;	36,9277	;	36,9277	;	36,1639	;	13/08/2009
36,6474	;	37,2276	;	37,2276	;	36,2896	;	14/08/2009
36,2605	;	35,6804	;	36,2605	;	35,3711	;	17/08/2009
35,8738	;	35,4871	;	36,0189	;	35,3131	;	18/08/2009
34,9069	;	35,4679	;	35,4679	;	34,7232	;	19/08/2009
35,5161	;	35,7481	;	35,9222	;	35,4774	;	20/08/2009
36,0189	;	36,2605	;	36,3573	;	35,7869	;	21/08/2009
36,6764	;	36,6958	;	37,2276	;	36,6571	;	24/08/2009
36,9375	;	36,4347	;	37,1309	;	36,309	;	25/08/2009
36,454	;	36,338	;	36,5507	;	35,9222	;	26/08/2009
36,2703	;	36,1157	;	36,2703	;	35,5258	;	27/08/2009
36,4056	;	36,6378	;	36,8409	;	36,2124	;	28/08/2009
36,1639	;	35,4679	;	36,1639	;	34,9165	;	31/08/2009
35,2937	;	35,3517	;	36,0866	;	34,9359	;	01/09/2009
35,1874	;	34,8199	;	35,5837	;	34,8199	;	02/09/2009
35,197	;	35,2743	;	35,3904	;	34,9263	;	03/09/2009
35,3421	;	35,8738	;	35,9803	;	34,9842	;	04/09/2009
36,6087	;	37,0342	;	37,0342	;	36,4734	;	08/09/2009
36,9375	;	36,8891	;	37,0245	;	36,6958	;	09/09/2009
36,8409	;	37,5659	;	37,5659	;	36,6958	;	10/09/2009
37,711	;	37,1309	;	37,9721	;	37,0342	;	11/09/2009
36,7539	;	37,6143	;	37,6143	;	36,5991	;	14/09/2009
37,7594	;	38,1752	;	38,3685	;	37,3533	;	15/09/2009
38,4749	;	38,9197	;	39,1131	;	38,2912	;	16/09/2009
38,7167	;	38,4363	;	39,3162	;	38,4363	;	17/09/2009
38,446	;	38,6684	;	38,7747	;	38,1269	;	18/09/2009
38,3879	;	39,3356	;	39,3356	;	38,0979	;	21/09/2009
39,819	;	40,3896	;	40,7377	;	39,5483	;	22/09/2009
40,3121	;	39,9931	;	40,6313	;	39,9931	;	23/09/2009
40,2348	;	39,2969	;	40,283	;	38,9003	;	24/09/2009
38,9874	;	39,3453	;	39,4999	;	38,8618	;	25/09/2009
39,5193	;	40,0028	;	40,0125	;	39,2195	;	28/09/2009
39,9351	;	39,6449	;	40,0318	;	39,3936	;	29/09/2009
39,9931	;	39,8287	;	40,0801	;	39,2388	;	30/09/2009
39,4999	;	38,7264	;	39,7416	;	38,6297	;	01/10/2009
38,3106	;	39,6063	;	39,79	;	38,1075	;	02/10/2009
39,79	;	40,1286	;	40,2928	;	39,7029	;	05/10/2009
40,612	;	40,4959	;	40,8731	;	39,8771	;	06/10/2009
40,5345	;	41,4725	;	41,5595	;	40,3798	;	07/10/2009
42,1107	;	42,0624	;	42,6039	;	41,7141	;	08/10/2009
41,9174	;	42,275	;	42,4298	;	41,7045	;	09/10/2009
42,275	;	42,275	;	42,275	;	42,275	;	12/10/2009
42,3041	;	41,8689	;	42,3911	;	41,7141	;	13/10/2009
42,5942	;	43,8028	;	44,4797	;	42,3621	;	14/10/2009
43,7545	;	44,2767	;	44,4797	;	43,6675	;	15/10/2009
43,3892	;	44,2297	;	44,396	;	43,3012	;	16/10/2009
44,4449	;	45,5591	;	46,0381	;	44,2884	;	19/10/2009
44,7674	;	44,738	;	45,3929	;	43,7411	;	20/10/2009
44,8358	;	45,0703	;	46,5854	;	44,8358	;	21/10/2009
45,6374	;	45,8621	;	46,1358	;	45,1095	;	22/10/2009
46,3411	;	45,0703	;	46,5366	;	44,9726	;	23/10/2009
45,2464	;	45,3538	;	46,0283	;	44,8065	;	26/10/2009
45,6666	;	43,6433	;	45,7448	;	43,6433	;	27/10/2009
43,4282	;	41,7471	;	43,5945	;	41,1605	;	28/10/2009
43,3989	;	45,4516	;	45,5494	;	42,3237	;	29/10/2009
45,0606	;	43,7899	;	45,6569	;	42,9983	;	30/10/2009
43,2132	;	45,4516	;	45,4516	;	42,9884	;	03/11/2009
45,8719	;	45,8817	;	46,1749	;	45,3147	;	04/11/2009
45,4125	;	46,0771	;	46,1065	;	45,3636	;	05/11/2009
46,126	;	45,7839	;	46,1652	;	45,0606	;	06/11/2009
46,82	;	47,3577	;	47,3577	;	46,4876	;	09/11/2009
46,9177	;	46,8395	;	47,4162	;	46,3314	;	10/11/2009
47,4554	;	46,7516	;	47,563	;	46,429	;	11/11/2009
46,4193	;	45,0606	;	46,8689	;	44,9726	;	12/11/2009
45,4027	;	45,8426	;	46,429	;	44,8163	;	13/11/2009
46,7615	;	47,6704	;	47,954	;	46,4486	;	16/11/2009
47,3577	;	48,296	;	48,3351	;	47,2013	;	17/11/2009
48,6283	;	47,4652	;	48,8238	;	47,4652	;	18/11/2009
46,9667	;	47,5727	;	47,6508	;	46,6734	;	19/11/2009
47,5727	;	47,5727	;	47,5727	;	47,5727	;	20/11/2009
47,8953	;	48,0809	;	48,5306	;	47,602	;	23/11/2009
48,032	;	48,3547	;	48,3547	;	47,2599	;	24/11/2009
48,2863	;	49,1659	;	49,1659	;	48,2373	;	25/11/2009
48,296	;	47,6997	;	48,6381	;	47,5336	;	26/11/2009
47,4945	;	48,4817	;	48,5794	;	47,3381	;	27/11/2009
48,3058	;	47,9148	;	48,8629	;	47,9148	;	30/11/2009
48,4524	;	48,7749	;	49,3126	;	48,4524	;	01/12/2009
48,9411	;	48,384	;	49,0487	;	48,384	;	02/12/2009
48,8335	;	47,8463	;	48,9704	;	47,8463	;	03/12/2009
47,7584	;	46,9667	;	48,6283	;	46,7419	;	04/12/2009
47,3185	;	47,0448	;	47,4456	;	46,5561	;	07/12/2009
46,8298	;	46,6245	;	47,0448	;	46,1944	;	08/12/2009
46,82	;	47,1133	;	47,3577	;	46,4975	;	09/12/2009
47,641	;	47,8953	;	48,5306	;	47,602	;	10/12/2009
48,511	;	48,2863	;	48,7065	;	48,2471	;	11/12/2009
48,8726	;	49,1464	;	49,1464	;	48,4817	;	14/12/2009
48,7749	;	49,0878	;	49,2636	;	48,7261	;	15/12/2009
48,9803	;	48,8335	;	49,4103	;	48,8238	;	16/12/2009
48,7261	;	47,3185	;	48,7261	;	47,211	;	17/12/2009
47,8953	;	47,211	;	47,8953	;	46,6147	;	18/12/2009
47,6997	;	47,0546	;	47,8953	;	46,9764	;	21/12/2009
47,3087	;	47,9441	;	48,1396	;	47,1426	;	22/12/2009
48,2764	;	48,5893	;	48,9118	;	47,993	;	23/12/2009
48,9216	;	48,6772	;	49,1855	;	48,6772	;	28/12/2009
48,3937	;	48,5403	;	49,0193	;	48,3937	;	29/12/2009
48,1885	;	48,384	;	48,7456	;	47,8953	;	30/12/2009
49,0584	;	50,329	;	50,329	;	48,6772	;	04/01/2010
50,378	;	50,7983	;	51,3554	;	50,0847	;	05/01/2010
50,8275	;	51,8734	;	52,1668	;	50,6126	;	06/01/2010
51,3262	;	52,0886	;	52,3329	;	51,3163	;	07/01/2010
52,0983	;	52,5967	;	53,0171	;	51,805	;	08/01/2010
53,3689	;	52,4404	;	53,3689	;	52,1374	;	11/01/2010
51,6095	;	52,2938	;	52,2938	;	51,1208	;	12/01/2010
52,9779	;	52,9389	;	53,154	;	52,2155	;	13/01/2010
52,9584	;	52,9292	;	53,5645	;	52,4893	;	14/01/2010
52,5674	;	52,2448	;	52,7727	;	51,6585	;	15/01/2010
52,0983	;	52,9779	;	53,1246	;	52,0983	;	18/01/2010
52,3035	;	53,7111	;	53,7599	;	52,3035	;	19/01/2010
52,6945	;	52,2448	;	53,1833	;	51,805	;	20/01/2010
52,3915	;	50,4366	;	52,3915	;	50,1336	;	21/01/2010
50,1532	;	49,3712	;	50,3877	;	49,0584	;	22/01/2010
48,6283	;	48,3741	;	49,1365	;	47,993	;	26/01/2010
48,5208	;	47,7095	;	48,5208	;	47,0644	;	27/01/2010
48,1983	;	47,6801	;	48,7554	;	46,9373	;	28/01/2010
48,0223	;	47,8073	;	48,8238	;	47,4162	;	29/01/2010
48,2764	;	49,2539	;	49,4103	;	47,7975	;	01/02/2010
50,0163	;	49,2539	;	50,0359	;	48,9704	;	02/02/2010
49,3223	;	49,1464	;	49,4689	;	48,8335	;	03/02/2010
48,5012	;	46,4876	;	48,6772	;	46,2727	;	04/02/2010
46,0283	;	46,0966	;	46,3314	;	44,6696	;	05/02/2010
46,4975	;	46,429	;	47,602	;	46,1358	;	08/02/2010
47,1133	;	47,4065	;	48,0907	;	46,9177	;	09/02/2010
47,6508	;	47,4554	;	47,7975	;	46,5757	;	10/02/2010
46,9667	;	48,5697	;	48,6186	;	45,5982	;	11/02/2010
48,0418	;	48,2373	;	48,7261	;	47,602	;	12/02/2010
50,3095	;	50,1434	;	50,4366	;	49,508	;	17/02/2010
50,0554	;	50,9938	;	50,9938	;	49,5569	;	18/02/2010
50,4366	;	50,8275	;	51,375	;	50,3584	;	19/02/2010
51,1697	;	49,8502	;	51,3163	;	49,7915	;	22/02/2010
49,6155	;	49,0878	;	49,6742	;	48,423	;	23/02/2010
49,2539	;	49,2636	;	49,6546	;	48,8825	;	24/02/2010
48,5697	;	49,5569	;	49,8012	;	48,1102	;	25/02/2010
49,5666	;	49,3126	;	49,8306	;	48,9803	;	26/02/2010
49,6546	;	49,8208	;	50,1238	;	49,4103	;	01/03/2010
50,3193	;	50,8178	;	51,4629	;	50,0163	;	02/03/2010
51,2284	;	50,7103	;	51,805	;	50,7103	;	03/03/2010
51,0817	;	51,4141	;	51,5314	;	50,2412	;	04/03/2010
52,0494	;	53,0757	;	53,1833	;	51,9908	;	05/03/2010
53,1246	;	52,6848	;	53,4178	;	52,6848	;	08/03/2010
52,3426	;	53,0757	;	53,6622	;	52,2448	;	09/03/2010
53,3202	;	52,3915	;	53,3689	;	52,1178	;	10/03/2010
52,1472	;	51,7073	;	52,2938	;	51,3163	;	11/03/2010
52,1863	;	51,4141	;	52,2938	;	51,4141	;	12/03/2010
51,1697	;	51,7073	;	51,9419	;	51,1697	;	15/03/2010
52,1765	;	52,9975	;	53,2028	;	51,9712	;	16/03/2010
53,3689	;	53,0562	;	53,6134	;	52,6945	;	17/03/2010
53,0757	;	52,5382	;	53,408	;	52,2155	;	18/03/2010
52,7336	;	51,9712	;	52,8802	;	51,7563	;	19/03/2010
51,5998	;	52,6749	;	52,7826	;	51,1599	;	22/03/2010
53,8674	;	54,5419	;	54,9329	;	53,6231	;	23/03/2010
54,1118	;	54,4442	;	54,9231	;	54,1118	;	24/03/2010
54,9329	;	54,0532	;	55,5487	;	54,0532	;	25/03/2010
54,3953	;	54,5419	;	55,0599	;	54,1509	;	26/03/2010
55,1186	;	55,7638	;	55,9885	;	55,0698	;	29/03/2010
56,4479	;	56,1547	;	56,7706	;	55,7931	;	30/03/2010
55,6171	;	55,8615	;	56,3405	;	55,0307	;	31/03/2010
56,4871	;	56,4284	;	56,7412	;	56,008	;	01/04/2010
56,6924	;	56,272	;	56,878	;	56,0862	;	05/04/2010
56,0178	;	56,1938	;	56,7217	;	55,9104	;	06/04/2010
55,9593	;	56,7608	;	57,181	;	55,8909	;	07/04/2010
56,4772	;	58,0607	;	58,1097	;	56,321	;	08/04/2010
58,1292	;	57,9532	;	58,3833	;	57,5622	;	09/04/2010
58,0607	;	57,5525	;	58,5299	;	57,4254	;	12/04/2010
57,6697	;	58,0119	;	58,442	;	57,1908	;	13/04/2010
58,2172	;	58,5006	;	58,7547	;	58,0119	;	14/04/2010
58,4727	;	58,4235	;	58,9649	;	58,2759	;	15/04/2010
58,0789	;	57,6163	;	58,5613	;	56,9961	;	16/04/2010
56,9764	;	56,6024	;	58,581	;	56,0314	;	19/04/2010
57,0749	;	55,8149	;	57,0749	;	55,6475	;	20/04/2010
54,8108	;	56,0117	;	56,0117	;	53,0192	;	22/04/2010
55,805	;	55,5196	;	56,0117	;	54,9486	;	23/04/2010
55,6278	;	55,2932	;	56,0511	;	55,1258	;	26/04/2010
54,6533	;	52,4778	;	54,7714	;	52,4679	;	27/04/2010
53,1373	;	52,1234	;	53,1669	;	51,1981	;	28/04/2010
52,7633	;	53,5507	;	53,5507	;	52,527	;	29/04/2010
53,1767	;	52,2711	;	53,3539	;	51,9265	;	30/04/2010
52,212	;	50,9717	;	52,5763	;	50,765	;	03/05/2010
50,3515	;	48,5895	;	50,4007	;	48,5205	;	04/05/2010
48,2351	;	49,8003	;	50,3023	;	47,7626	;	05/05/2010
49,2195	;	49,0915	;	50,6468	;	46,4632	;	06/05/2010
49,5148	;	48,9242	;	49,9577	;	47,9102	;	07/05/2010
51,395	;	51,0012	;	51,7887	;	50,6665	;	10/05/2010
50,509	;	50,509	;	51,4343	;	50,0857	;	11/05/2010
50,883	;	50,3318	;	51,0308	;	50,1054	;	12/05/2010
50,4992	;	49,6033	;	50,4992	;	49,4163	;	13/05/2010
49,0127	;	48,1366	;	49,121	;	48,0382	;	14/05/2010
48,0284	;	47,3885	;	48,3335	;	46,5616	;	17/05/2010
48,0382	;	45,6757	;	48,176	;	45,6757	;	18/05/2010
45,3607	;	44,7897	;	45,7642	;	44,1105	;	19/05/2010
43,6182	;	43,1655	;	44,4058	;	43,1655	;	20/05/2010
43,5789	;	46,0694	;	46,3844	;	43,3131	;	21/05/2010
45,8725	;	45,5871	;	46,7585	;	45,5871	;	24/05/2010
44,327	;	45,9907	;	46,2959	;	43,6478	;	25/05/2010
46,6108	;	45,7445	;	48,2941	;	45,7445	;	26/05/2010
47,4476	;	48,6288	;	48,8552	;	47,29	;	27/05/2010
48,6288	;	48,1858	;	49,2392	;	47,7035	;	28/05/2010
48,5304	;	49,2195	;	49,3671	;	48,5304	;	31/05/2010
48,0579	;	48,1563	;	48,9143	;	48,0382	;	01/06/2010
48,0382	;	49,1702	;	49,6132	;	48,0382	;	02/06/2010
47,7232	;	46,8471	;	48,0087	;	46,1875	;	04/06/2010
46,975	;	45,3804	;	47,1523	;	45,2917	;	07/06/2010
45,7741	;	45,8627	;	46,3647	;	45,1834	;	08/06/2010
46,4139	;	46,03	;	47,4476	;	46,03	;	09/06/2010
46,66	;	46,8668	;	47,4673	;	46,66	;	10/06/2010
46,66	;	47,4377	;	47,7134	;	46,3647	;	11/06/2010
48,1858	;	47,4673	;	48,5796	;	47,2703	;	14/06/2010
47,8511	;	48,1464	;	48,4516	;	47,5558	;	15/06/2010
47,8905	;	47,546	;	48,9045	;	47,4968	;	16/06/2010
47,8807	;	46,7092	;	47,9397	;	46,2663	;	17/06/2010
46,8274	;	46,2663	;	46,9553	;	45,971	;	18/06/2010
47,7429	;	47,7134	;	48,3138	;	47,546	;	21/06/2010
47,8511	;	47,2506	;	48,1957	;	47,2506	;	22/06/2010
47,6641	;	47,8314	;	47,8413	;	47,0341	;	23/06/2010
47,6149	;	46,7585	;	47,7429	;	46,66	;	24/06/2010
46,9553	;	47,3294	;	47,4968	;	46,4632	;	25/06/2010
47,2506	;	46,4435	;	47,674	;	46,3056	;	28/06/2010
45,0457	;	44,1991	;	45,1736	;	43,8053	;	29/06/2010
44,1203	;	42,9686	;	44,3861	;	42,8209	;	30/06/2010
42,9292	;	43,1556	;	43,3229	;	42,1712	;	01/07/2010
43,3229	;	42,9391	;	43,6182	;	42,3287	;	02/07/2010
42,9194	;	42,3287	;	43,1556	;	41,8365	;	05/07/2010
43,51	;	42,8603	;	43,6576	;	42,2598	;	06/07/2010
42,8209	;	43,894	;	43,9234	;	42,4271	;	07/07/2010
44,2778	;	44,0416	;	45,0457	;	43,3623	;	08/07/2010
44,2975	;	43,3918	;	44,396	;	43,0571	;	12/07/2010
43,9135	;	43,4706	;	43,9431	;	43,1753	;	13/07/2010
43,6576	;	43,4805	;	43,6576	;	42,9391	;	14/07/2010
43,4017	;	43,1359	;	43,4017	;	42,6241	;	15/07/2010
42,8209	;	42,181	;	42,9883	;	42,181	;	16/07/2010
42,5256	;	43,3623	;	43,3623	;	42,4271	;	19/07/2010
43,2541	;	45,8134	;	45,9119	;	43,1655	;	20/07/2010
46,2762	;	46,0792	;	47,2605	;	45,7938	;	21/07/2010
46,8176	;	47,0538	;	47,6444	;	46,7092	;	22/07/2010
47,2408	;	47,418	;	47,7429	;	46,473	;	23/07/2010
47,4771	;	47,4377	;	48,0185	;	47,2015	;	26/07/2010
47,8413	;	47,2506	;	48,0284	;	46,8569	;	27/07/2010
47,0932	;	48,0874	;	48,0874	;	47,0538	;	28/07/2010
48,2351	;	47,6444	;	48,5304	;	47,5066	;	29/07/2010
47,3983	;	47,7921	;	48,4221	;	47,1523	;	30/07/2010
48,2351	;	49,7412	;	49,8987	;	48,2351	;	02/08/2010
49,6624	;	49,6821	;	50,1743	;	49,121	;	03/08/2010
50,0857	;	49,6427	;	50,1645	;	49,0225	;	04/08/2010
49,5148	;	49,8593	;	49,9676	;	49,3572	;	05/08/2010
49,4754	;	49,7904	;	50,0562	;	49,4163	;	06/08/2010
50,0266	;	49,9183	;	50,3515	;	49,7313	;	09/08/2010
49,2687	;	49,2195	;	49,5148	;	48,6584	;	10/08/2010
48,3828	;	47,5558	;	48,4417	;	47,5558	;	11/08/2010
47,103	;	47,9594	;	48,0973	;	47,0439	;	12/08/2010
47,92	;	48,0382	;	48,6288	;	47,8708	;	13/08/2010
48,0284	;	48,6682	;	49,0028	;	48,0284	;	16/08/2010
49,1013	;	49,2293	;	49,3671	;	48,5304	;	17/08/2010
49,2982	;	49,564	;	49,6821	;	48,7764	;	18/08/2010
49,436	;	49,0718	;	50,0956	;	49,0225	;	19/08/2010
49,1998	;	48,4713	;	49,2096	;	48,1957	;	20/08/2010
48,7568	;	47,0833	;	48,7764	;	46,9652	;	23/08/2010
46,3942	;	46,0694	;	46,6502	;	45,8725	;	24/08/2010
45,8725	;	45,656	;	46,0694	;	45,0949	;	25/08/2010
45,8725	;	45,144	;	46,4632	;	45,026	;	26/08/2010
45,6757	;	46,7092	;	46,7092	;	45,2524	;	27/08/2010
46,6108	;	45,4787	;	46,6108	;	45,3804	;	30/08/2010
45,4787	;	46,1482	;	46,286	;	45,4492	;	31/08/2010
46,7979	;	48,2843	;	48,4811	;	46,66	;	01/09/2010
48,2843	;	47,8216	;	48,3237	;	47,5755	;	02/09/2010
48,6781	;	47,6444	;	48,6781	;	47,5952	;	03/09/2010
48,107	;	47,2506	;	48,107	;	46,8963	;	06/09/2010
46,7585	;	46,4533	;	46,9258	;	46,2171	;	08/09/2010
46,7289	;	46,5616	;	47,0538	;	46,4041	;	09/09/2010
46,6108	;	46,1285	;	46,66	;	45,843	;	10/09/2010
46,8569	;	47,4476	;	47,546	;	46,6797	;	13/09/2010
47,4476	;	47,0538	;	47,7921	;	46,8274	;	14/09/2010
47,0144	;	47,3294	;	47,3294	;	46,5321	;	15/09/2010
47,2408	;	47,0243	;	47,2408	;	46,7683	;	16/09/2010
47,0046	;	46,3942	;	47,1227	;	46,3942	;	17/09/2010
46,7486	;	47,3491	;	47,3491	;	46,345	;	20/09/2010
47,3983	;	47,4968	;	47,8511	;	46,8766	;	21/09/2010
47,103	;	48,3532	;	49,0225	;	47,103	;	22/09/2010
47,989	;	48,3729	;	49,2687	;	47,989	;	23/09/2010
49,5148	;	50,0365	;	50,1054	;	49,3769	;	24/09/2010
50,1054	;	50,952	;	51,3852	;	49,938	;	27/09/2010
51,0898	;	51,3458	;	51,5525	;	50,45	;	28/09/2010
51,0406	;	51,3753	;	51,4835	;	50,8929	;	29/09/2010
51,582	;	51,4835	;	51,8675	;	50,9815	;	30/09/2010
51,7887	;	51,9758	;	52,1037	;	51,3655	;	01/10/2010
51,6017	;	52,0151	;	52,0151	;	51,4343	;	04/10/2010
52,2711	;	52,6746	;	52,8617	;	51,8379	;	05/10/2010
52,7239	;	52,8322	;	53,2554	;	52,4679	;	06/10/2010
53,1078	;	52,6451	;	53,1177	;	52,2908	;	07/10/2010
52,5664	;	52,4679	;	53,0487	;	52,3005	;	08/10/2010
52,5566	;	52,7633	;	52,9601	;	52,3005	;	11/10/2010
52,9207	;	52,714	;	53,0783	;	52,7042	;	13/10/2010
52,7534	;	52,9109	;	53,6787	;	52,6648	;	14/10/2010
53,4532	;	53,0652	;	53,6024	;	52,5182	;	15/10/2010
52,9857	;	54,2091	;	54,408	;	52,9658	;	18/10/2010
53,2244	;	52,916	;	53,9107	;	52,6176	;	19/10/2010
53,115	;	54,4876	;	54,6965	;	53,115	;	20/10/2010
54,7363	;	53,6123	;	54,975	;	53,0453	;	21/10/2010
53,7118	;	53,662	;	53,9604	;	52,6077	;	22/10/2010
53,9903	;	54,1096	;	54,5373	;	53,7615	;	25/10/2010
54,04	;	54,9054	;	55,1441	;	53,4034	;	26/10/2010
54,219	;	54,3583	;	54,9949	;	53,7317	;	27/10/2010
55,3032	;	53,3139	;	55,3331	;	53,304	;	28/10/2010
53,3636	;	53,3139	;	53,8311	;	52,9857	;	29/10/2010
53,7118	;	54,5075	;	54,5075	;	53,3139	;	01/11/2010
54,6666	;	53,9107	;	54,6965	;	53,5228	;	03/11/2010
54,4975	;	55,2933	;	55,5817	;	54,1892	;	04/11/2010
55,2038	;	55,4027	;	55,9498	;	54,8059	;	05/11/2010
55,0247	;	55,8006	;	56,2283	;	55,0247	;	08/11/2010
56,099	;	55,6016	;	56,8847	;	55,6016	;	09/11/2010
55,2734	;	55,5022	;	55,8702	;	54,6368	;	10/11/2010
55,4922	;	55,7409	;	56,0791	;	55,1142	;	11/11/2010
54,7064	;	54,7064	;	56,1984	;	54,229	;	12/11/2010
54,3981	;	53,6024	;	54,4578	;	52,9956	;	16/11/2010
53,8112	;	53,5228	;	54,1395	;	53,2841	;	17/11/2010
54,2588	;	54,9451	;	55,0247	;	54,0201	;	18/11/2010
54,3682	;	55,154	;	55,3729	;	54,1196	;	19/11/2010
54,6467	;	55,0048	;	55,3729	;	54,5572	;	22/11/2010
54,3782	;	53,6123	;	54,5373	;	53,4333	;	23/11/2010
54,1494	;	54,975	;	55,1938	;	53,9704	;	24/11/2010
54,9054	;	54,6269	;	55,2535	;	54,6269	;	25/11/2010
54,2091	;	53,8013	;	54,4379	;	53,7615	;	26/11/2010
53,6521	;	53,9206	;	54,2091	;	53,1846	;	29/11/2010
53,8112	;	53,2741	;	54,3086	;	53,2443	;	30/11/2010
54,2389	;	55,0048	;	55,2038	;	54,0798	;	01/12/2010
55,154	;	55,6016	;	56,099	;	54,9153	;	02/12/2010
55,5519	;	56,2979	;	56,3874	;	55,4027	;	03/12/2010
56,2879	;	56,5466	;	56,7355	;	56,2482	;	06/12/2010
57,0936	;	56,4172	;	57,3224	;	56,4172	;	07/12/2010
56,1387	;	55,164	;	56,3476	;	55,164	;	08/12/2010
55,2734	;	55,7707	;	56,089	;	55,2734	;	09/12/2010
56,1785	;	56,467	;	56,5068	;	55,7906	;	10/12/2010
56,7753	;	57,8794	;	58,1181	;	56,6858	;	13/12/2010
57,6506	;	57,3721	;	58,138	;	57,2627	;	14/12/2010
57,0737	;	56,4968	;	57,2428	;	56,4968	;	15/12/2010
56,6958	;	56,4471	;	57,0936	;	56,278	;	16/12/2010
56,5764	;	56,5963	;	56,7952	;	56,1089	;	17/12/2010
56,9743	;	56,1984	;	56,9942	;	56,1984	;	20/12/2010
56,5466	;	56,8847	;	57,2428	;	56,4968	;	21/12/2010
56,8549	;	56,7256	;	56,9245	;	56,3874	;	22/12/2010
56,7654	;	56,5466	;	56,9444	;	56,5366	;	23/12/2010
56,4471	;	54,9352	;	56,4471	;	54,9352	;	27/12/2010
55,1242	;	54,4478	;	55,2038	;	54,2489	;	28/12/2010
54,7064	;	54,8258	;	55,1043	;	54,4876	;	29/12/2010
55,1142	;	55,0347	;	55,711	;	54,8258	;	30/12/2010
55,9995	;	56,6659	;	57,1831	;	55,7309	;	03/01/2011
57,1931	;	57,8396	;	57,949	;	57,1732	;	04/01/2011
57,402	;	58,884	;	58,9536	;	57,392	;	05/01/2011
58,8343	;	58,1281	;	59,2222	;	58,1281	;	06/01/2011
58,2275	;	57,6904	;	58,3867	;	57,213	;	07/01/2011
57,3224	;	57,581	;	58,1281	;	57,1433	;	10/01/2011
58,1281	;	58,1877	;	58,6851	;	58,0385	;	11/01/2011
58,7547	;	59,7991	;	59,8787	;	58,6851	;	12/01/2011
59,8389	;	59,3813	;	60,4158	;	59,3813	;	13/01/2011
59,1824	;	59,64	;	59,8488	;	58,9138	;	14/01/2011
59,49	;	60,17	;	60,47	;	59,25	;	17/01/2011
60,46	;	60,92	;	61,22	;	60,08	;	18/01/2011
61,01	;	59,6	;	61,13	;	59,6	;	19/01/2011
59,34	;	58,6	;	59,6	;	58,02	;	20/01/2011
59,25	;	59	;	59,75	;	58,62	;	21/01/2011
59,2	;	59,4	;	59,8	;	58,7	;	24/01/2011
59,15	;	59,35	;	59,6	;	58,92	;	26/01/2011
59,57	;	58,76	;	59,61	;	58,58	;	27/01/2011
58,65	;	57,07	;	58,66	;	56,37	;	28/01/2011
57,23	;	57,08	;	57,63	;	56,86	;	31/01/2011
57,75	;	58,49	;	58,71	;	57,45	;	01/02/2011
58,49	;	57,4	;	59	;	57,13	;	02/02/2011
57,15	;	57,27	;	57,82	;	56,76	;	03/02/2011
57,16	;	56,34	;	57,63	;	55,9	;	04/02/2011
56,95	;	56,76	;	57,2	;	56,07	;	07/02/2011
56,42	;	56,31	;	56,89	;	56,03	;	08/02/2011
55,93	;	54,6	;	56,51	;	54,54	;	09/02/2011
54,41	;	55,31	;	55,88	;	54,41	;	10/02/2011
55,4	;	56,45	;	56,47	;	55,11	;	11/02/2011
56,45	;	57,55	;	57,89	;	56,45	;	14/02/2011
57,37	;	57,36	;	57,9	;	56,99	;	15/02/2011
57,41	;	57,91	;	58,19	;	57,25	;	16/02/2011
58,18	;	57,99	;	58,29	;	57,47	;	17/02/2011
57,68	;	57,4	;	58,02	;	57,12	;	18/02/2011
57,14	;	56,1	;	57,14	;	56,05	;	21/02/2011
55,92	;	54,98	;	56,59	;	54,85	;	22/02/2011
55,22	;	56	;	56,12	;	54,6	;	23/02/2011
55,99	;	55,51	;	56,5	;	55,11	;	24/02/2011
56,9	;	55,7	;	57,1	;	55,68	;	25/02/2011
55,94	;	56,3	;	56,34	;	55,69	;	28/02/2011
56,35	;	55,24	;	56,51	;	55,11	;	01/03/2011
55	;	56,18	;	56,24	;	54,82	;	02/03/2011
56,6	;	56,6	;	56,73	;	56,27	;	03/03/2011
56,35	;	55,65	;	56,53	;	55,25	;	04/03/2011
54,08	;	53,62	;	55	;	53,51	;	09/03/2011
52,96	;	52,1	;	52,96	;	51,73	;	10/03/2011
51,91	;	52,82	;	52,92	;	51,48	;	11/03/2011
