38,8484	;	38,3554	;	39,0948	;	38,3509	;	03/01/2008
38,3779	;	36,4735	;	38,6917	;	36,2494	;	04/01/2008
36,5005	;	35,4025	;	36,6081	;	35,228	;	07/01/2008
35,9808	;	37,3473	;	37,9119	;	35,9583	;	08/01/2008
37,2353	;	38,0508	;	38,0508	;	36,8545	;	09/01/2008
38,0776	;	37,6835	;	38,2972	;	36,9037	;	10/01/2008
37,2847	;	36,5453	;	37,7639	;	36,5453	;	11/01/2008
36,9276	;	36,4689	;	37,0579	;	36,1539	;	14/01/2008
35,9785	;	34,8631	;	36,1496	;	34,7192	;	15/01/2008
34,2922	;	33,5501	;	34,9443	;	32,8978	;	16/01/2008
33,5455	;	31,8636	;	33,9996	;	31,7107	;	17/01/2008
32,5562	;	32,2908	;	32,8978	;	31,099	;	18/01/2008
30,447	;	29,8937	;	30,6267	;	29,7723	;	21/01/2008
30,8064	;	32,8124	;	32,925	;	30,267	;	22/01/2008
32,1288	;	32,2504	;	32,4259	;	30,9012	;	23/01/2008
33,5049	;	34,5125	;	34,6068	;	32,8978	;	24/01/2008
33,7388	;	36,3699	;	36,3699	;	33,7344	;	28/01/2008
36,7206	;	36,3382	;	37,0579	;	35,8033	;	29/01/2008
35,8886	;	37,1613	;	37,1613	;	35,7761	;	30/01/2008
36,0236	;	36,1585	;	36,2034	;	35,2185	;	31/01/2008
37,0805	;	36,7432	;	37,1029	;	35,8886	;	01/02/2008
35,5064	;	35,4387	;	35,8346	;	35,259	;	06/02/2008
35,4027	;	36,5408	;	36,9232	;	35,2365	;	07/02/2008
36,563	;	36,7881	;	37,1928	;	36,4057	;	08/02/2008
37,1433	;	37,4042	;	37,7191	;	36,9139	;	11/02/2008
37,9574	;	37,4806	;	38,2857	;	37,4177	;	12/02/2008
37,6874	;	38,0293	;	38,2047	;	37,4221	;	13/02/2008
38,3621	;	37,5663	;	38,5061	;	37,4853	;	14/02/2008
37,2557	;	37,2377	;	37,5211	;	36,8692	;	15/02/2008
37,9125	;	38,2047	;	38,2092	;	37,5571	;	18/02/2008
38,4611	;	38,3621	;	38,8569	;	38,1419	;	19/02/2008
37,9169	;	38,4522	;	38,6725	;	37,9169	;	20/02/2008
38,8118	;	37,7821	;	38,8118	;	37,7551	;	21/02/2008
38,1373	;	37,9125	;	38,1912	;	37,0848	;	22/02/2008
37,7773	;	37,89	;	37,9529	;	37,3504	;	25/02/2008
37,6651	;	37,9574	;	38,4431	;	37,2784	;	26/02/2008
37,7773	;	38,5419	;	38,8255	;	37,5975	;	27/02/2008
38,6725	;	38,7445	;	38,8793	;	38,3396	;	28/02/2008
38,2227	;	36,6307	;	38,4522	;	36,6307	;	29/02/2008
36,7881	;	36,3834	;	37,1928	;	35,6637	;	03/03/2008
35,9022	;	35,3714	;	36,2034	;	34,9936	;	04/03/2008
35,8033	;	36,2484	;	36,5049	;	35,4883	;	05/03/2008
36,2034	;	35,5334	;	36,6307	;	35,5334	;	06/03/2008
35,1286	;	35,1511	;	35,7537	;	34,7644	;	07/03/2008
35,1556	;	34,4945	;	35,4794	;	34,4405	;	10/03/2008
35,4569	;	35,8481	;	35,8797	;	34,679	;	11/03/2008
35,9336	;	35,6727	;	36,2034	;	35,4794	;	12/03/2008
35,0791	;	35,205	;	35,3041	;	34,4045	;	13/03/2008
35,5288	;	34,5125	;	35,5739	;	34,1797	;	14/03/2008
33,3253	;	33,2038	;	33,7388	;	32,6775	;	17/03/2008
33,7388	;	33,7076	;	33,9774	;	33,1948	;	18/03/2008
33,6805	;	31,2114	;	34,0089	;	31,2114	;	19/03/2008
30,8922	;	31,2114	;	31,3912	;	30,3569	;	20/03/2008
31,4363	;	31,4813	;	32,2998	;	31,1889	;	24/03/2008
32,1558	;	33,1452	;	33,2801	;	31,7512	;	25/03/2008
33,3699	;	33,6848	;	33,9684	;	32,6775	;	26/03/2008
33,8379	;	32,8798	;	34,1032	;	32,6956	;	27/03/2008
32,9653	;	32,6551	;	33,2891	;	32,4931	;	28/03/2008
33,1004	;	33,2758	;	33,5006	;	32,4705	;	31/03/2008
33,7253	;	34,0716	;	34,0716	;	33,0644	;	01/04/2008
34,157	;	34,9758	;	35,2096	;	33,9549	;	02/04/2008
34,8319	;	35,394	;	36,0236	;	34,6384	;	03/04/2008
35,4841	;	35,5288	;	36,1043	;	35,3265	;	04/04/2008
35,8805	;	35,3937	;	36,3584	;	35,042	;	07/04/2008
35,1321	;	36,0655	;	36,0699	;	34,875	;	08/04/2008
35,8714	;	36,0879	;	36,4982	;	35,718	;	09/04/2008
36,151	;	36,2188	;	36,4306	;	35,6281	;	10/04/2008
35,8896	;	35,4162	;	36,0158	;	35,3125	;	11/04/2008
35,1681	;	37,4089	;	38,0988	;	34,7263	;	14/04/2008
37,2422	;	37,8462	;	38,1844	;	36,8545	;	15/04/2008
37,9049	;	37,6028	;	38,3242	;	37,0753	;	16/04/2008
37,2647	;	38,3694	;	38,3694	;	37,2017	;	17/04/2008
38,5496	;	38,4594	;	38,748	;	37,8327	;	18/04/2008
39,0007	;	38,8653	;	39,4245	;	38,6625	;	22/04/2008
38,9103	;	38,3332	;	39,2215	;	38,2116	;	23/04/2008
38,2792	;	37,5127	;	38,4506	;	37,2422	;	24/04/2008
37,8733	;	38,0087	;	38,2657	;	37,3909	;	25/04/2008
38,3964	;	38,4053	;	38,7391	;	38,0087	;	28/04/2008
38,3783	;	36,8814	;	38,3783	;	36,7191	;	29/04/2008
37,2871	;	38,0536	;	38,9554	;	36,5207	;	30/04/2008
39,8572	;	38,7751	;	39,8572	;	38,2792	;	02/05/2008
38,9554	;	39,5417	;	39,6768	;	38,6039	;	05/05/2008
39,3523	;	40,5786	;	40,5786	;	39,1359	;	06/05/2008
40,6687	;	40,4432	;	41,1197	;	40,0285	;	07/05/2008
40,5786	;	40,5786	;	40,9394	;	39,9473	;	08/05/2008
40,3533	;	41,1827	;	41,1827	;	39,9926	;	09/05/2008
41,2819	;	41,255	;	41,5256	;	40,5968	;	12/05/2008
42,5444	;	42,3371	;	42,5532	;	42,0214	;	13/05/2008
42,2016	;	41,7508	;	42,5626	;	41,6699	;	14/05/2008
41,9313	;	42,4813	;	42,4905	;	41,5525	;	15/05/2008
42,8601	;	43,4191	;	43,4642	;	42,6705	;	16/05/2008
43,5453	;	45,0874	;	45,1684	;	43,4282	;	19/05/2008
44,6272	;	46,5842	;	46,5842	;	44,4563	;	20/05/2008
47,4139	;	47,3506	;	48,4059	;	46,8458	;	21/05/2008
46,0882	;	45,5924	;	46,3497	;	45,1774	;	23/05/2008
45,9981	;	46,5029	;	46,7556	;	45,7638	;	26/05/2008
46,6024	;	44,997	;	46,6204	;	44,5912	;	27/05/2008
45,0874	;	45,98	;	45,9892	;	44,0954	;	28/05/2008
45,8448	;	44,4921	;	46,449	;	44,4921	;	29/05/2008
45,9621	;	44,1855	;	45,9621	;	44,1855	;	30/05/2008
44,0954	;	44,898	;	45,3307	;	43,5543	;	02/06/2008
44,8168	;	42,7877	;	44,8168	;	42,7159	;	03/06/2008
42,3821	;	40,8311	;	42,4271	;	40,4613	;	04/06/2008
41,4532	;	42,8871	;	42,8871	;	40,9123	;	05/06/2008
43,2386	;	42,9142	;	44,2758	;	42,3821	;	06/06/2008
43,2838	;	42,8147	;	43,374	;	42,1296	;	09/06/2008
42,2016	;	41,4804	;	42,6527	;	40,7679	;	10/06/2008
41,4804	;	40,9394	;	41,9943	;	40,9394	;	11/06/2008
41,2099	;	40,7408	;	41,7508	;	40,3983	;	12/06/2008
41,3811	;	41,3904	;	41,796	;	40,9934	;	13/06/2008
41,5165	;	41,3	;	42,0214	;	41,2099	;	16/06/2008
41,796	;	41,7058	;	42,0214	;	41,309	;	17/06/2008
41,3632	;	40,9394	;	41,5704	;	40,6146	;	18/06/2008
40,9484	;	39,5866	;	40,9843	;	39,4064	;	19/06/2008
39,5866	;	38,8923	;	39,9473	;	38,7751	;	20/06/2008
39,0455	;	39,5778	;	40,0375	;	38,9013	;	23/06/2008
39,3704	;	39,4695	;	40,308	;	39,271	;	24/06/2008
39,7761	;	40,5335	;	40,8491	;	38,9103	;	25/06/2008
39,6768	;	40,4885	;	40,7499	;	39,4514	;	26/06/2008
40,6598	;	40,8491	;	41,0295	;	40,0827	;	27/06/2008
41,2099	;	41,6699	;	42,0395	;	41,0475	;	30/06/2008
41,0295	;	41,5615	;	42,1746	;	40,9212	;	01/07/2008
41,787	;	39,6589	;	42,2376	;	39,4964	;	02/07/2008
39,9113	;	38,3694	;	40,308	;	38,1257	;	03/07/2008
38,2792	;	38,9554	;	39,2169	;	37,8733	;	04/07/2008
39,4874	;	37,8102	;	39,6498	;	37,7021	;	07/07/2008
37,5127	;	36,6199	;	37,8102	;	36,0699	;	08/07/2008
35,9707	;	36,1149	;	36,4756	;	35,1862	;	10/07/2008
36,2051	;	36,6109	;	37,2062	;	36,0608	;	11/07/2008
37,0617	;	36,8634	;	37,1429	;	36,7011	;	14/07/2008
36,5207	;	36,5658	;	36,9267	;	35,673	;	15/07/2008
36,9627	;	35,8626	;	36,9627	;	35,3575	;	16/07/2008
36,0608	;	34,0861	;	36,2322	;	33,8154	;	17/07/2008
34,2574	;	34,4467	;	34,9428	;	33,7252	;	18/07/2008
34,8976	;	34,9517	;	35,1501	;	34,3296	;	21/07/2008
34,4467	;	33,7523	;	34,7081	;	33,545	;	22/07/2008
33,7074	;	32,5531	;	33,9056	;	32,4988	;	23/07/2008
32,5531	;	31,1102	;	32,9137	;	30,9929	;	24/07/2008
31,0202	;	31,1102	;	31,4981	;	30,2896	;	25/07/2008
31,7144	;	31,4258	;	32,2644	;	31,4258	;	28/07/2008
31,7054	;	31,3808	;	32,1021	;	30,8757	;	29/07/2008
31,6513	;	32,9137	;	32,986	;	31,2997	;	30/07/2008
32,6432	;	32,3729	;	33,2566	;	32,0391	;	31/07/2008
32,2374	;	31,1192	;	32,5258	;	31,0021	;	01/08/2008
31,1102	;	29,6584	;	31,1555	;	29,3608	;	04/08/2008
30,0281	;	29,0363	;	30,1454	;	28,6754	;	05/08/2008
29,6495	;	30,0281	;	30,5512	;	29,2168	;	06/08/2008
30,6504	;	30,5331	;	31,4529	;	30,1094	;	07/08/2008
30,3438	;	30,2537	;	30,7945	;	29,5411	;	08/08/2008
30,479	;	29,487	;	30,7675	;	29,1714	;	11/08/2008
29,938	;	29,8207	;	30,479	;	29,5683	;	12/08/2008
29,1264	;	30,4339	;	31,0291	;	28,883	;	13/08/2008
30,8397	;	30,1542	;	30,8397	;	29,7668	;	14/08/2008
29,7486	;	29,4601	;	29,9832	;	29,1264	;	15/08/2008
29,5772	;	28,5672	;	29,884	;	28,4591	;	18/08/2008
27,9541	;	29,4241	;	29,938	;	27,7828	;	19/08/2008
29,9832	;	30,8486	;	31,0202	;	29,8118	;	20/08/2008
31,1102	;	31,9127	;	32,1923	;	31,1102	;	21/08/2008
31,9127	;	31,8227	;	32,3907	;	31,0742	;	22/08/2008
31,3808	;	30,488	;	31,7326	;	30,488	;	25/08/2008
30,4339	;	30,8309	;	31,2997	;	30,1814	;	26/08/2008
31,543	;	31,7415	;	31,904	;	31,2906	;	27/08/2008
32,3907	;	31,8768	;	32,4718	;	31,4348	;	28/08/2008
32,3276	;	31,471	;	32,4088	;	31,471	;	29/08/2008
31,3717	;	30,8486	;	31,3717	;	30,5783	;	01/09/2008
30,0372	;	30,0372	;	30,6143	;	29,6676	;	02/09/2008
30,0733	;	29,3969	;	30,2987	;	28,8559	;	03/09/2008
29,5772	;	28,36	;	29,7848	;	28,0443	;	04/09/2008
27,7376	;	28,7297	;	28,7297	;	27,2778	;	05/09/2008
29,7577	;	27,2868	;	29,938	;	27,2868	;	08/09/2008
26,836	;	25,5645	;	27,1156	;	25,5374	;	09/09/2008
26,3308	;	25,8622	;	26,3762	;	24,221	;	10/09/2008
26,1509	;	28,3148	;	28,3148	;	25,6999	;	11/09/2008
28,5582	;	29,7577	;	29,9021	;	28,1344	;	12/09/2008
27,5844	;	26,8721	;	28,5672	;	26,8721	;	15/09/2008
25,6999	;	28,2247	;	28,3329	;	25,1678	;	16/09/2008
28,0443	;	26,8721	;	28,6125	;	26,6917	;	17/09/2008
27,9541	;	29,0363	;	29,7396	;	27,1607	;	18/09/2008
31,2906	;	31,543	;	32,003	;	29,7577	;	19/09/2008
31,904	;	31,471	;	32,8056	;	31,2185	;	22/09/2008
31,1102	;	29,9832	;	31,7774	;	29,3608	;	23/09/2008
30,7495	;	31,1013	;	31,6064	;	30,5601	;	24/09/2008
31,7415	;	32,5079	;	32,535	;	31,4889	;	25/09/2008
31,471	;	31,9487	;	32,048	;	30,9661	;	26/09/2008
30,6593	;	29,5324	;	31,2636	;	27,0523	;	29/09/2008
29,8748	;	31,6513	;	31,6513	;	28,991	;	30/09/2008
31,561	;	31,471	;	31,8135	;	30,0281	;	01/10/2008
30,6143	;	28,9009	;	31,2005	;	28,2336	;	02/10/2008
29,5772	;	27,9541	;	30,6593	;	27,5934	;	03/10/2008
25,6008	;	27,0523	;	27,368	;	22,5438	;	06/10/2008
26,7818	;	25,5195	;	27,9092	;	24,6177	;	07/10/2008
24,0768	;	24,0768	;	26,1509	;	23,3464	;	08/10/2008
25,6097	;	23,3371	;	25,6999	;	23,0938	;	09/10/2008
20,749	;	21,6419	;	22,5888	;	20,65	;	10/10/2008
23,716	;	24,2568	;	24,2568	;	22,3815	;	13/10/2008
25,6097	;	24,6177	;	26,1509	;	23,743	;	14/10/2008
23,4453	;	21,6419	;	23,6259	;	20,659	;	15/10/2008
21,66	;	20,0188	;	21,8222	;	19,0358	;	16/10/2008
20,2352	;	20,7312	;	21,7411	;	19,3877	;	17/10/2008
21,2722	;	22,8953	;	23,0847	;	21,2001	;	20/10/2008
22,3451	;	22,5438	;	23,2741	;	21,7591	;	21/10/2008
21,2811	;	20,9207	;	21,9485	;	20,5689	;	22/10/2008
20,6318	;	20,4697	;	21,3624	;	19,6581	;	23/10/2008
18,7023	;	18,3956	;	19,8385	;	18,0441	;	24/10/2008
18,098	;	16,3307	;	18,1523	;	16,3307	;	27/10/2008
17,584	;	18,0801	;	18,0801	;	16,0511	;	28/10/2008
18,5039	;	19,2974	;	19,8294	;	18,1611	;	29/10/2008
20,1089	;	20,6049	;	20,7131	;	19,8385	;	30/10/2008
20,0639	;	21,0197	;	21,5428	;	19,7121	;	31/10/2008
21,3714	;	20,8666	;	21,5788	;	20,6049	;	03/11/2008
21,4615	;	22,6337	;	23,0215	;	21,2001	;	04/11/2008
22,5347	;	21,8673	;	23,1568	;	21,66	;	05/11/2008
21,1461	;	20,65	;	21,7772	;	20,0368	;	06/11/2008
21,1009	;	20,9746	;	21,624	;	20,4608	;	07/11/2008
22,1828	;	21,5968	;	22,5347	;	21,1549	;	10/11/2008
21,0108	;	21,5608	;	21,8222	;	20,686	;	11/11/2008
20,5598	;	18,594	;	20,8754	;	18,594	;	12/11/2008
18,6661	;	19,0268	;	19,4688	;	17,9179	;	13/11/2008
19,4688	;	18,7205	;	19,5859	;	18,2876	;	14/11/2008
18,0349	;	18,4408	;	18,7564	;	17,8635	;	17/11/2008
17,9446	;	17,3587	;	18,4408	;	17,1332	;	18/11/2008
17,3135	;	16,6823	;	17,7374	;	16,6823	;	19/11/2008
15,5731	;	15,2306	;	16,2134	;	15,1043	;	21/11/2008
16,2404	;	17,3406	;	17,4398	;	16,0962	;	24/11/2008
16,9978	;	17,4579	;	18,0169	;	16,7815	;	25/11/2008
17,0341	;	18,5039	;	18,7293	;	16,9619	;	26/11/2008
18,1882	;	17,9899	;	18,7293	;	17,9899	;	27/11/2008
17,8545	;	18,0888	;	18,5309	;	17,467	;	28/11/2008
17,3406	;	16,5921	;	17,5661	;	16,5921	;	01/12/2008
16,8627	;	16,5019	;	17,0973	;	16,3215	;	02/12/2008
16,5019	;	17,4129	;	17,5208	;	15,9789	;	03/12/2008
17,6743	;	16,7726	;	17,6743	;	16,7726	;	04/12/2008
16,4029	;	16,3758	;	16,5559	;	15,6452	;	05/12/2008
17,2684	;	18,2242	;	18,3054	;	17,1873	;	08/12/2008
18,2062	;	18,1342	;	18,8915	;	17,9808	;	09/12/2008
18,657	;	19,7844	;	19,9556	;	18,6211	;	10/12/2008
20,0188	;	20,136	;	21,173	;	19,8836	;	11/12/2008
19,117	;	20,3795	;	20,5327	;	19,0268	;	12/12/2008
20,8574	;	20,65	;	21,5968	;	20,3885	;	15/12/2008
21,3445	;	21,4615	;	21,5788	;	21,1188	;	16/12/2008
21,624	;	21,9576	;	22,3181	;	21,3263	;	17/12/2008
22,0929	;	21,1911	;	22,2642	;	20,9655	;	18/12/2008
20,7854	;	21,0558	;	21,3533	;	20,5869	;	19/12/2008
21,1911	;	19,9646	;	21,4706	;	19,9556	;	22/12/2008
20,0639	;	19,8385	;	20,3795	;	19,6942	;	23/12/2008
20,2712	;	20,5598	;	20,5598	;	20,0099	;	26/12/2008
21,4475	;	21,0459	;	21,4944	;	20,6532	;	29/12/2008
21,214	;	21,3449	;	21,5877	;	20,7842	;	30/12/2008
21,7467	;	22,9335	;	22,9615	;	21,6813	;	02/01/2009
22,784	;	23,4568	;	23,8308	;	22,4569	;	05/01/2009
23,84	;	23,784	;	24,1952	;	23,4194	;	06/01/2009
23,1764	;	22,8494	;	23,3539	;	22,5503	;	07/01/2009
22,7559	;	23,8308	;	23,8308	;	22,2793	;	08/01/2009
23,6438	;	23,7373	;	24,2794	;	23,4568	;	09/01/2009
23,1206	;	22,1952	;	23,3074	;	22,1578	;	12/01/2009
21,8215	;	22,3824	;	23,0548	;	21,6066	;	13/01/2009
22,1578	;	21,7747	;	22,6814	;	21,513	;	14/01/2009
21,8215	;	22,5223	;	22,5223	;	21,0459	;	15/01/2009
23,0924	;	22,6905	;	23,1298	;	22,2419	;	16/01/2009
22,7467	;	22,27	;	22,8588	;	22,1018	;	19/01/2009
22,1018	;	21,5504	;	22,5223	;	21,5504	;	20/01/2009
21,6906	;	22,6718	;	22,6718	;	21,6906	;	21/01/2009
22,8588	;	22,0925	;	22,943	;	21,7281	;	22/01/2009
21,4944	;	22,0459	;	22,5878	;	21,2423	;	23/01/2009
21,9618	;	22,2419	;	22,6998	;	21,7281	;	26/01/2009
22,2514	;	22,3353	;	22,5131	;	22,1113	;	27/01/2009
22,7933	;	23,5503	;	23,6904	;	22,7559	;	28/01/2009
23,2512	;	23,3913	;	23,5876	;	23,0924	;	29/01/2009
23,1764	;	23,3913	;	24,1017	;	23,1298	;	30/01/2009
22,943	;	23,0736	;	23,5316	;	22,9055	;	02/02/2009
23,2699	;	23,9054	;	23,9243	;	23,1764	;	03/02/2009
24,1765	;	24,0178	;	24,8215	;	23,8868	;	04/02/2009
23,9707	;	24,298	;	24,625	;	23,6344	;	05/02/2009
24,5784	;	25,326	;	25,5035	;	24,3541	;	06/02/2009
25,2418	;	25,597	;	26,3072	;	25,1392	;	09/02/2009
25,9801	;	25,0457	;	26,3072	;	24,9614	;	10/02/2009
25,2979	;	25,1109	;	25,8681	;	24,6718	;	11/02/2009
24,8587	;	24,952	;	25,4475	;	24,3726	;	12/02/2009
25,8212	;	25,7933	;	25,9614	;	25,2325	;	13/02/2009
25,6063	;	26,0923	;	26,0923	;	25,4194	;	16/02/2009
25,2325	;	24,6718	;	25,4194	;	24,6159	;	17/02/2009
24,9709	;	24,1952	;	25,1952	;	23,8586	;	18/02/2009
24,485	;	24,5784	;	24,8775	;	24,3447	;	19/02/2009
23,8773	;	24,0923	;	24,3726	;	23,5784	;	20/02/2009
23,6438	;	24,5314	;	25,0268	;	23,6438	;	25/02/2009
25,0457	;	24,7839	;	25,5127	;	24,7839	;	26/02/2009
24,298	;	24,6718	;	25,5503	;	24,0736	;	27/02/2009
24,2512	;	23,3822	;	24,5314	;	23,2699	;	02/03/2009
23,784	;	23,1764	;	23,8308	;	22,6625	;	03/03/2009
24,2046	;	24,6437	;	24,8775	;	23,9707	;	04/03/2009
24,111	;	24,298	;	24,9055	;	23,9427	;	05/03/2009
24,5409	;	23,9896	;	25,1296	;	23,2981	;	06/03/2009
23,5036	;	24,0178	;	24,6718	;	23,4663	;	09/03/2009
24,6437	;	25,2979	;	25,4194	;	24,4569	;	10/03/2009
25,5127	;	25,4286	;	25,7651	;	24,9149	;	11/03/2009
25,4943	;	25,7464	;	25,8399	;	25,0644	;	12/03/2009
26,0641	;	25,8868	;	26,1578	;	25,6531	;	13/03/2009
26,0363	;	25,41	;	26,1296	;	25,1672	;	16/03/2009
25,41	;	26,1485	;	26,2044	;	25,0457	;	17/03/2009
25,8118	;	26,4474	;	26,6997	;	25,4847	;	18/03/2009
26,8492	;	27,3352	;	27,5969	;	26,84	;	19/03/2009
27,3352	;	27,1952	;	28,2418	;	26,8866	;	20/03/2009
27,9615	;	28,8397	;	29,008	;	27,9615	;	23/03/2009
28,5502	;	28,3632	;	28,8118	;	28,0079	;	24/03/2009
28,4286	;	28,438	;	28,8493	;	27,737	;	25/03/2009
28,8306	;	28,3818	;	29,0172	;	28,1388	;	26/03/2009
27,8493	;	27,6624	;	27,896	;	27,3633	;	27/03/2009
26,9613	;	26,8958	;	27,0267	;	26,5035	;	30/03/2009
27,1952	;	26,681	;	27,2885	;	26,5597	;	31/03/2009
26,2604	;	27,4754	;	27,4754	;	26,1204	;	01/04/2009
28,2698	;	28,5035	;	28,8586	;	28,1855	;	02/04/2009
28,4101	;	28,4101	;	28,6247	;	27,9706	;	03/04/2009
28,1668	;	28,3071	;	28,3165	;	27,9426	;	06/04/2009
27,9426	;	28,0079	;	28,4286	;	27,9052	;	07/04/2009
28,0828	;	27,924	;	28,1668	;	27,5782	;	08/04/2009
28,8412	;	29,1627	;	29,2195	;	28,5765	;	09/04/2009
29,1627	;	29,1627	;	29,1627	;	29,1627	;	10/04/2009
28,8412	;	29,1155	;	29,3046	;	28,7182	;	13/04/2009
28,9358	;	28,8412	;	29,6166	;	28,6711	;	14/04/2009
28,794	;	28,3495	;	28,8318	;	27,8672	;	15/04/2009
28,5007	;	28,3684	;	28,6049	;	28,1604	;	16/04/2009
28,2645	;	27,9145	;	28,4631	;	27,9145	;	17/04/2009
27,4228	;	27,2338	;	27,593	;	26,9878	;	20/04/2009
27,2431	;	27,0539	;	27,5079	;	26,9122	;	22/04/2009
27,2525	;	27,6782	;	27,6782	;	27,1582	;	23/04/2009
28,0469	;	27,7159	;	28,0753	;	27,4984	;	24/04/2009
27,404	;	27,1296	;	27,4701	;	26,9691	;	27/04/2009
26,9027	;	27,2621	;	27,3378	;	26,6192	;	28/04/2009
27,6119	;	28,1226	;	28,2833	;	27,4984	;	29/04/2009
28,4441	;	27,9334	;	28,6236	;	27,8767	;	30/04/2009
28,6333	;	29,9097	;	29,9097	;	28,5103	;	04/05/2009
29,7868	;	30,3353	;	30,4961	;	29,6545	;	05/05/2009
30,619	;	30,7799	;	31,243	;	30,5339	;	06/05/2009
31,2052	;	30,2408	;	31,243	;	29,9758	;	07/05/2009
31,1959	;	31,2052	;	31,2052	;	30,4488	;	08/05/2009
30,5905	;	31,0823	;	31,158	;	30,3353	;	11/05/2009
31,5457	;	30,5905	;	31,5929	;	30,43	;	12/05/2009
29,7868	;	29,768	;	30,1463	;	29,6924	;	13/05/2009
29,7206	;	30,0137	;	30,1084	;	29,6071	;	14/05/2009
29,9287	;	29,5978	;	29,9381	;	29,3424	;	15/05/2009
29,6924	;	30,9311	;	30,9311	;	29,4653	;	18/05/2009
30,9311	;	30,9405	;	31,3377	;	30,6853	;	19/05/2009
31,1107	;	31,347	;	31,8199	;	31,1107	;	20/05/2009
30,9217	;	30,7324	;	31,0161	;	30,411	;	21/05/2009
31,0161	;	31,0823	;	31,4416	;	30,8177	;	22/05/2009
30,9972	;	31,158	;	31,4889	;	30,9972	;	25/05/2009
30,9217	;	31,9051	;	31,9051	;	30,8458	;	26/05/2009
31,9617	;	31,9051	;	32,5197	;	31,7821	;	27/05/2009
32,2453	;	32,7657	;	32,8127	;	32,075	;	28/05/2009
33,0964	;	32,5764	;	33,2857	;	32,2171	;	29/05/2009
33,3328	;	33,3236	;	33,4748	;	33,002	;	01/06/2009
32,9073	;	32,6712	;	33,3236	;	32,5764	;	02/06/2009
32,4345	;	31,347	;	32,4723	;	31,0633	;	03/06/2009
31,7253	;	32,2361	;	32,2926	;	31,2999	;	04/06/2009
32,9546	;	32,132	;	32,9736	;	31,9617	;	05/06/2009
31,7347	;	32,0374	;	32,3589	;	31,4889	;	08/06/2009
32,0467	;	31,6876	;	32,1982	;	31,5268	;	09/06/2009
32,0942	;	32,0374	;	32,2453	;	31,7253	;	10/06/2009
32,2926	;	32,1036	;	32,463	;	32,0374	;	12/06/2009
31,678	;	31,4889	;	31,839	;	31,0256	;	15/06/2009
31,8672	;	30,7799	;	31,8672	;	30,6946	;	16/06/2009
30,4866	;	30,3069	;	30,6568	;	30,0989	;	17/06/2009
30,4015	;	30,0327	;	30,5054	;	30,0042	;	18/06/2009
30,4204	;	30,2124	;	30,619	;	30,1652	;	19/06/2009
29,9758	;	29,1818	;	30,0232	;	28,9453	;	22/06/2009
29,3141	;	29,6924	;	29,6924	;	29,0965	;	23/06/2009
29,9758	;	29,3141	;	30,1366	;	29,2668	;	24/06/2009
29,1249	;	30,4961	;	30,4961	;	29,0777	;	25/06/2009
30,2595	;	30,4961	;	30,7799	;	30,1746	;	26/06/2009
30,827	;	31,2527	;	31,2716	;	30,7799	;	29/06/2009
31,3848	;	30,6853	;	31,5079	;	30,5811	;	30/06/2009
31,1201	;	30,0705	;	31,1959	;	30,0705	;	01/07/2009
29,6924	;	29,5409	;	29,7301	;	29,3235	;	02/07/2009
29,5978	;	29,3235	;	29,6449	;	29,2195	;	03/07/2009
28,9224	;	28,6837	;	29,0178	;	28,3114	;	06/07/2009
28,6744	;	28,0248	;	28,7411	;	27,9675	;	07/07/2009
27,6811	;	27,7959	;	28,3114	;	27,2132	;	08/07/2009
27,7959	;	27,7959	;	27,7959	;	27,7959	;	09/07/2009
27,9675	;	28,3305	;	28,3305	;	27,5953	;	10/07/2009
28,5501	;	28,4451	;	28,569	;	27,6429	;	13/07/2009
28,5405	;	28,254	;	28,8079	;	28,0536	;	14/07/2009
28,7887	;	29,3713	;	29,524	;	28,5978	;	15/07/2009
29,123	;	29,5525	;	29,9537	;	28,8842	;	16/07/2009
29,5525	;	30,0778	;	30,1922	;	29,4763	;	17/07/2009
30,5552	;	30,4598	;	30,6985	;	30,3834	;	20/07/2009
30,7939	;	30,3834	;	30,8893	;	30,1922	;	21/07/2009
30,1256	;	30,2591	;	30,5456	;	30,0778	;	22/07/2009
30,4598	;	30,9372	;	31,1951	;	30,1733	;	23/07/2009
30,8225	;	31,0327	;	31,1282	;	30,7272	;	24/07/2009
31,0805	;	30,9849	;	31,1855	;	30,5172	;	27/07/2009
30,5456	;	30,3166	;	30,7081	;	30,0587	;	28/07/2009
30,0778	;	29,5049	;	30,0778	;	29,4095	;	29/07/2009
30,03	;	29,8105	;	30,326	;	29,8105	;	30/07/2009
29,8105	;	30,0492	;	30,2878	;	29,7245	;	31/07/2009
30,5074	;	31,0422	;	31,0805	;	30,4598	;	03/08/2009
30,899	;	30,6699	;	31,3094	;	30,5743	;	04/08/2009
30,7939	;	30,8608	;	30,899	;	30,3547	;	05/08/2009
30,9659	;	30,4598	;	31,2045	;	30,3357	;	06/08/2009
30,7654	;	30,5552	;	30,9276	;	30,4216	;	07/08/2009
30,4598	;	30,6508	;	30,6985	;	30,3643	;	10/08/2009
30,4501	;	29,8105	;	30,5456	;	29,8105	;	11/08/2009
29,925	;	30,4501	;	30,4883	;	29,8964	;	12/08/2009
30,7175	;	31,023	;	31,023	;	30,5456	;	13/08/2009
31,0327	;	30,8893	;	31,1186	;	30,6317	;	14/08/2009
30,393	;	30,5552	;	30,5552	;	30,2115	;	17/08/2009
30,7463	;	30,8608	;	31,023	;	30,6985	;	18/08/2009
30,4598	;	31,3191	;	31,3383	;	30,3547	;	19/08/2009
31,4146	;	31,5578	;	31,6915	;	31,2809	;	20/08/2009
31,9399	;	32,1117	;	32,2261	;	31,9208	;	21/08/2009
32,2261	;	31,892	;	32,656	;	31,7011	;	24/08/2009
32,0353	;	31,7298	;	32,293	;	31,6915	;	25/08/2009
31,7011	;	31,6725	;	31,9588	;	31,4623	;	26/08/2009
31,6057	;	31,3765	;	31,6533	;	30,8893	;	27/08/2009
31,3955	;	31,0805	;	31,4528	;	30,7175	;	28/08/2009
30,7081	;	29,9632	;	30,7081	;	29,4572	;	31/08/2009
30,3166	;	30,1733	;	30,6221	;	29,9824	;	01/09/2009
30,2305	;	30,6985	;	31,109	;	30,2305	;	02/09/2009
31,0041	;	30,7367	;	31,2045	;	30,5743	;	03/09/2009
30,8418	;	31,0422	;	31,2045	;	30,4312	;	04/09/2009
31,5005	;	31,3955	;	31,6057	;	31,1378	;	08/09/2009
31,6533	;	31,5101	;	31,682	;	31,3859	;	09/09/2009
31,4241	;	31,8348	;	31,8635	;	31,3669	;	10/09/2009
31,892	;	31,6437	;	31,9876	;	31,5769	;	11/09/2009
31,4146	;	31,7392	;	31,8253	;	31,1855	;	14/09/2009
31,8824	;	31,892	;	32,0639	;	31,7487	;	15/09/2009
32,0162	;	32,7992	;	32,8277	;	31,9493	;	16/09/2009
32,6368	;	32,7514	;	33,2097	;	32,6082	;	17/09/2009
32,6941	;	33,0855	;	33,0855	;	32,6941	;	18/09/2009
32,8277	;	33,0379	;	33,2097	;	32,57	;	21/09/2009
33,3147	;	33,2576	;	33,4961	;	33,1715	;	22/09/2009
33,3052	;	32,7132	;	33,4007	;	32,7132	;	23/09/2009
32,8468	;	32,2741	;	32,9997	;	32,2261	;	24/09/2009
32,1976	;	32,57	;	32,7896	;	32,1785	;	25/09/2009
32,7036	;	33,3147	;	33,3625	;	32,6368	;	28/09/2009
33,4007	;	33,2001	;	33,4103	;	32,7896	;	29/09/2009
33,4771	;	33,4198	;	33,6013	;	33,0474	;	30/09/2009
33,2757	;	32,6995	;	33,5159	;	32,6803	;	01/10/2009
32,4404	;	32,8052	;	32,9204	;	32,2194	;	02/10/2009
32,9397	;	33,0835	;	33,1797	;	32,5556	;	05/10/2009
33,4871	;	33,122	;	33,5831	;	32,9589	;	06/10/2009
33,055	;	33,2855	;	33,4678	;	32,9397	;	07/10/2009
33,6118	;	34,044	;	34,092	;	33,3717	;	08/10/2009
33,9962	;	34,2265	;	34,3706	;	33,9095	;	09/10/2009
34,2265	;	34,2265	;	34,2265	;	34,2265	;	12/10/2009
34,4761	;	34,3994	;	34,5241	;	34,2361	;	13/10/2009
34,7643	;	34,7164	;	34,8891	;	34,5723	;	14/10/2009
34,6202	;	35,1484	;	35,1484	;	34,5818	;	15/10/2009
34,6202	;	34,9563	;	35,2925	;	34,5914	;	16/10/2009
35,1484	;	35,8783	;	36,003	;	35,0523	;	19/10/2009
35,0523	;	35,0523	;	35,5902	;	34,5914	;	20/10/2009
35,062	;	35,2444	;	36,2048	;	35,062	;	21/10/2009
35,5325	;	35,5325	;	35,8974	;	35,2348	;	22/10/2009
35,8685	;	35,0523	;	36,0704	;	35,0044	;	23/10/2009
35,1484	;	35,2444	;	35,7438	;	34,9852	;	26/10/2009
35,4462	;	34,5241	;	35,619	;	34,5241	;	27/10/2009
34,6202	;	32,882	;	34,8507	;	32,882	;	28/10/2009
33,8807	;	34,6298	;	34,6875	;	33,4487	;	29/10/2009
34,5723	;	33,6503	;	34,9468	;	33,1318	;	30/10/2009
33,3717	;	34,1401	;	34,505	;	33,1125	;	03/11/2009
34,6682	;	34,284	;	34,8123	;	34,1018	;	04/11/2009
34,2745	;	34,9563	;	34,9563	;	34,2071	;	05/11/2009
35,1388	;	34,6202	;	35,2828	;	34,4666	;	06/11/2009
35,2444	;	35,6094	;	35,6094	;	35,1004	;	09/11/2009
35,5231	;	35,9263	;	36,1088	;	35,3406	;	10/11/2009
36,3008	;	36,1088	;	36,493	;	36,0223	;	11/11/2009
36,0512	;	35,3885	;	36,3873	;	35,3406	;	12/11/2009
35,5998	;	35,6575	;	36,0127	;	35,3885	;	13/11/2009
36,1471	;	35,8974	;	36,3489	;	35,8301	;	16/11/2009
35,9936	;	36,8769	;	36,9538	;	35,7917	;	17/11/2009
37,1555	;	36,685	;	37,6454	;	36,685	;	18/11/2009
36,4064	;	36,973	;	37,3572	;	36,4064	;	19/11/2009
36,973	;	36,973	;	36,973	;	36,973	;	20/11/2009
37,3572	;	37,3092	;	37,6069	;	37,0692	;	23/11/2009
37,2228	;	37,5972	;	37,5972	;	36,8578	;	24/11/2009
37,7413	;	37,8854	;	38,0775	;	37,4533	;	25/11/2009
37,4052	;	36,9251	;	37,5398	;	36,9251	;	26/11/2009
36,685	;	37,3572	;	37,3956	;	36,5792	;	27/11/2009
37,3669	;	37,2612	;	37,6261	;	37,1938	;	30/11/2009
37,6934	;	38,2119	;	38,2695	;	37,5972	;	01/12/2009
38,1734	;	37,8469	;	38,4999	;	37,8469	;	02/12/2009
38,3175	;	37,7413	;	38,4041	;	37,7413	;	03/12/2009
37,6454	;	36,8769	;	38,2407	;	36,685	;	04/12/2009
37,242	;	36,8769	;	37,3476	;	36,6369	;	07/12/2009
36,6753	;	36,0991	;	36,685	;	36,0127	;	08/12/2009
36,493	;	36,0991	;	36,5602	;	35,7917	;	09/12/2009
36,3105	;	36,2623	;	36,493	;	35,9646	;	10/12/2009
36,5409	;	36,3008	;	36,7426	;	36,2528	;	11/12/2009
36,512	;	36,3969	;	36,589	;	36,3489	;	14/12/2009
36,2143	;	36,493	;	36,6466	;	36,1856	;	15/12/2009
36,5985	;	36,3584	;	36,9251	;	36,3489	;	16/12/2009
36,1567	;	35,4078	;	36,3008	;	35,4078	;	17/12/2009
35,619	;	35,1292	;	35,7246	;	35,0236	;	18/12/2009
35,5348	;	33,9897	;	35,5831	;	33,9897	;	21/12/2009
34,5016	;	35,0905	;	35,0905	;	34,376	;	22/12/2009
35,2451	;	35,4381	;	35,4962	;	34,9072	;	23/12/2009
35,641	;	35,4865	;	35,7279	;	35,3705	;	28/12/2009
35,6217	;	35,5348	;	35,67	;	35,3899	;	29/12/2009
35,3127	;	35,4286	;	35,4286	;	35,1003	;	30/12/2009
35,6795	;	36,0369	;	36,0369	;	35,554	;	04/01/2010
36,0948	;	35,7279	;	36,1431	;	35,5348	;	05/01/2010
35,5348	;	36,2107	;	36,2107	;	35,5348	;	06/01/2010
35,9886	;	35,8727	;	36,1624	;	35,7955	;	07/01/2010
35,8823	;	35,6795	;	36,1045	;	35,5927	;	08/01/2010
35,9308	;	35,5638	;	36,0562	;	35,361	;	11/01/2010
35,3319	;	35,1099	;	35,4189	;	34,801	;	12/01/2010
35,3031	;	35,0519	;	35,4767	;	34,6078	;	13/01/2010
35,0327	;	34,4436	;	35,2065	;	34,3373	;	14/01/2010
34,3471	;	34,5209	;	34,8587	;	34,2891	;	15/01/2010
34,6657	;	35,2933	;	35,4092	;	34,5401	;	18/01/2010
35,1968	;	35,1292	;	35,3899	;	34,9939	;	19/01/2010
34,8587	;	34,2312	;	34,9072	;	34,0478	;	20/01/2010
34,3567	;	33,1497	;	34,4726	;	33,111	;	21/01/2010
32,9373	;	33,5552	;	33,6036	;	32,889	;	22/01/2010
33,111	;	32,7345	;	33,1593	;	32,4931	;	26/01/2010
32,7345	;	32,9373	;	33,111	;	32,3579	;	27/01/2010
33,4103	;	33,4201	;	33,4973	;	32,7055	;	28/01/2010
33,5843	;	32,9951	;	33,845	;	32,7635	;	29/01/2010
33,111	;	33,1207	;	33,3041	;	32,7345	;	01/02/2010
33,3236	;	32,9276	;	33,4779	;	32,889	;	02/02/2010
32,8792	;	32,8697	;	33,0048	;	32,5703	;	03/02/2010
32,6764	;	31,1894	;	32,7731	;	31,0156	;	04/02/2010
30,7067	;	30,4362	;	31,1604	;	29,6639	;	05/02/2010
30,7067	;	30,6488	;	31,1508	;	30,3397	;	08/02/2010
31,0929	;	31,1315	;	31,5564	;	30,9963	;	09/02/2010
31,2184	;	31,5178	;	31,6047	;	30,6776	;	10/02/2010
31,7592	;	32,213	;	32,3192	;	31,6047	;	11/02/2010
31,8655	;	32,6378	;	32,8504	;	31,817	;	12/02/2010
33,2077	;	33,0724	;	33,3139	;	32,8599	;	17/02/2010
33,0628	;	33,4973	;	33,4973	;	32,6573	;	18/02/2010
33,2365	;	33,169	;	33,4587	;	32,9856	;	19/02/2010
33,3139	;	33,4587	;	33,6905	;	33,2269	;	22/02/2010
33,2269	;	33,0146	;	33,4587	;	32,8311	;	23/02/2010
33,111	;	32,7731	;	33,169	;	32,4834	;	24/02/2010
32,3289	;	33,1979	;	33,3139	;	32,1164	;	25/02/2010
33,4008	;	33,4201	;	33,5552	;	33,0338	;	26/02/2010
33,6229	;	33,7291	;	33,845	;	33,2365	;	01/03/2010
34,038	;	33,9125	;	34,2986	;	33,9125	;	02/03/2010
34,067	;	33,9416	;	34,5885	;	33,845	;	03/03/2010
34,1733	;	33,9897	;	34,2699	;	33,6132	;	04/03/2010
34,4629	;	34,5787	;	34,685	;	34,1829	;	05/03/2010
34,7044	;	34,4726	;	34,7526	;	34,1926	;	08/03/2010
34,2795	;	35,2451	;	35,5831	;	34,241	;	09/03/2010
35,612	;	35,7279	;	35,8823	;	35,3899	;	10/03/2010
35,6604	;	35,7761	;	36,1817	;	35,5444	;	11/03/2010
35,921	;	35,7858	;	36,1239	;	35,7858	;	12/03/2010
35,4962	;	35,5058	;	35,9499	;	35,2161	;	15/03/2010
35,6604	;	35,9308	;	35,9308	;	35,4381	;	16/03/2010
36,1431	;	35,8727	;	36,1914	;	35,6604	;	17/03/2010
35,8632	;	35,7472	;	36,1141	;	35,4962	;	18/03/2010
35,7279	;	34,9844	;	35,8148	;	34,9167	;	19/03/2010
34,3857	;	34,9939	;	35,1099	;	34,2795	;	22/03/2010
35,1292	;	34,5885	;	35,1678	;	34,4823	;	23/03/2010
34,5692	;	34,8491	;	35,3127	;	34,376	;	24/03/2010
35,081	;	33,9897	;	35,1775	;	33,9897	;	25/03/2010
34,1926	;	33,3139	;	34,3277	;	33,1207	;	26/03/2010
33,5456	;	33,7	;	33,9897	;	32,9469	;	29/03/2010
33,8836	;	33,6036	;	34,0864	;	33,565	;	30/03/2010
33,4103	;	34,1733	;	34,1733	;	33,3236	;	31/03/2010
34,4339	;	34,5209	;	34,6657	;	34,3277	;	01/04/2010
34,714	;	34,7719	;	35,0038	;	34,5885	;	05/04/2010
34,685	;	34,8395	;	35,1581	;	34,5981	;	06/04/2010
34,7044	;	34,5692	;	34,9939	;	34,3663	;	07/04/2010
34,3567	;	34,5787	;	34,6657	;	34,241	;	08/04/2010
34,5692	;	34,0187	;	34,8491	;	34,0187	;	09/04/2010
34,038	;	33,2077	;	34,2119	;	33,1014	;	12/04/2010
33,285	;	33,0146	;	33,4008	;	32,7345	;	13/04/2010
33,1207	;	33,0724	;	33,3041	;	32,8792	;	14/04/2010
33,1014	;	32,4447	;	33,2655	;	32,3869	;	15/04/2010
32,3483	;	31,817	;	32,4256	;	31,5951	;	16/04/2010
31,4791	;	32,3965	;	32,3965	;	31,3923	;	19/04/2010
32,6378	;	33,1207	;	33,1207	;	32,6378	;	20/04/2010
32,7345	;	32,6861	;	32,8697	;	32,2614	;	22/04/2010
32,657	;	33,0752	;	33,0752	;	32,6278	;	23/04/2010
33,1725	;	32,4039	;	33,2503	;	32,4039	;	26/04/2010
32,1705	;	31,227	;	32,1997	;	31,227	;	27/04/2010
31,4409	;	31,509	;	32,1024	;	31,0324	;	28/04/2010
31,9468	;	32,122	;	32,1997	;	31,6356	;	29/04/2010
31,9177	;	31,9078	;	32,297	;	31,6745	;	30/04/2010
31,6646	;	30,6432	;	31,7425	;	30,6043	;	03/05/2010
30,3514	;	29,6121	;	30,4195	;	29,0965	;	04/05/2010
29,184	;	29,3882	;	29,972	;	28,9506	;	05/05/2010
29,2716	;	28,9992	;	29,9429	;	27,5303	;	06/05/2010
29,1743	;	28,9408	;	29,4856	;	28,3475	;	07/05/2010
30,1568	;	29,33	;	30,2542	;	29,33	;	10/05/2010
29,009	;	28,8143	;	29,4564	;	28,795	;	11/05/2010
29,1354	;	29,0868	;	29,184	;	28,8629	;	12/05/2010
29,3786	;	29,184	;	29,5829	;	29,1354	;	13/05/2010
28,9797	;	29,2716	;	29,2813	;	28,5128	;	14/05/2010
29,3786	;	29,0381	;	29,5634	;	28,756	;	17/05/2010
29,3008	;	28,4253	;	29,3202	;	28,3766	;	18/05/2010
28,1237	;	27,7736	;	28,6685	;	27,7736	;	19/05/2010
27,2384	;	26,6839	;	27,3357	;	26,6839	;	20/05/2010
26,7326	;	26,8298	;	27,2871	;	26,3922	;	21/05/2010
26,8494	;	26,6044	;	27,2218	;	26,5555	;	24/05/2010
25,7715	;	26,0165	;	26,1831	;	25,4776	;	25/05/2010
26,4771	;	26,5065	;	26,869	;	26,095	;	26/05/2010
26,9474	;	27,2512	;	27,359	;	26,8494	;	27/05/2010
27,3002	;	27,6334	;	27,6334	;	27,1043	;	28/05/2010
27,6432	;	29,0052	;	29,0052	;	27,6432	;	31/05/2010
28,4172	;	28,0744	;	29,0934	;	27,9078	;	01/06/2010
28,0645	;	28,5153	;	28,7602	;	28,0645	;	02/06/2010
28,2899	;	28,6622	;	29,0837	;	28,1722	;	04/06/2010
28,8583	;	28,9268	;	29,4757	;	28,7407	;	07/06/2010
29,162	;	29,0641	;	29,4265	;	28,8485	;	08/06/2010
29,2992	;	28,9562	;	29,7696	;	28,9562	;	09/06/2010
29,3973	;	29,2992	;	29,6422	;	29,162	;	10/06/2010
29,0934	;	29,0249	;	29,2208	;	28,8288	;	11/06/2010
29,2992	;	28,4663	;	29,3384	;	28,4369	;	14/06/2010
28,5153	;	28,4172	;	28,6525	;	28,1528	;	15/06/2010
28,2703	;	29,0542	;	29,2012	;	28,2214	;	16/06/2010
29,1033	;	28,9268	;	29,2502	;	28,7309	;	17/06/2010
28,9073	;	28,8975	;	29,0641	;	28,6622	;	18/06/2010
29,113	;	28,8093	;	29,3678	;	28,7896	;	21/06/2010
28,7994	;	28,5252	;	29,0249	;	28,4272	;	22/06/2010
28,6133	;	27,9274	;	28,7407	;	27,7901	;	23/06/2010
27,8783	;	26,9377	;	27,8783	;	26,9377	;	24/06/2010
26,8005	;	27,3493	;	27,4864	;	26,7613	;	25/06/2010
27,359	;	26,869	;	27,4962	;	26,7907	;	28/06/2010
26,4575	;	26,2909	;	26,5555	;	26,1734	;	29/06/2010
26,4183	;	26,3203	;	26,9474	;	26,2811	;	30/06/2010
26,5653	;	25,9186	;	26,6632	;	25,7813	;	01/07/2010
26,1831	;	26,2321	;	26,4477	;	25,9871	;	02/07/2010
26,2419	;	26,0067	;	26,5065	;	26,0067	;	05/07/2010
26,4575	;	26,5065	;	26,7515	;	26,2223	;	06/07/2010
26,5065	;	26,8494	;	26,9671	;	26,2419	;	07/07/2010
26,9279	;	27,0258	;	27,0847	;	26,6632	;	08/07/2010
27,0651	;	26,6829	;	27,1826	;	26,6339	;	12/07/2010
26,8494	;	26,7515	;	26,9377	;	26,5261	;	13/07/2010
26,5065	;	26,7515	;	26,8494	;	26,3889	;	14/07/2010
26,7515	;	26,5653	;	26,7515	;	26,3301	;	15/07/2010
26,4967	;	26,3008	;	26,5458	;	26,1734	;	16/07/2010
26,3105	;	26,4085	;	26,5163	;	26,1439	;	19/07/2010
26,2321	;	27,0944	;	27,261	;	26,1734	;	20/07/2010
27,2708	;	26,9474	;	27,4864	;	26,8397	;	21/07/2010
27,2806	;	27,4178	;	27,7117	;	27,1238	;	22/07/2010
27,4276	;	27,2316	;	27,4864	;	27,0356	;	23/07/2010
27,2316	;	27,3394	;	27,4766	;	27,1435	;	26/07/2010
27,4374	;	27,4178	;	27,5942	;	27,3002	;	27/07/2010
27,3884	;	27,2414	;	27,4864	;	27,1729	;	28/07/2010
27,2806	;	27,1826	;	27,3884	;	27,0748	;	29/07/2010
27,1043	;	27,2904	;	27,3687	;	26,8985	;	30/07/2010
27,6063	;	28,0701	;	28,1886	;	27,5865	;	02/08/2010
28,0307	;	28,7018	;	29,1459	;	27,8333	;	03/08/2010
28,9781	;	28,9584	;	29,1559	;	28,6821	;	04/08/2010
28,8893	;	29,0473	;	29,0966	;	28,7215	;	05/08/2010
28,8203	;	28,7117	;	29,067	;	28,5637	;	06/08/2010
28,9683	;	28,455	;	28,9683	;	28,4255	;	09/08/2010
28,2478	;	28,0406	;	28,2478	;	27,8136	;	10/08/2010
27,6753	;	27,1424	;	27,7938	;	27,1424	;	11/08/2010
27,0239	;	27,172	;	27,4977	;	26,8462	;	12/08/2010
27,2904	;	27,3003	;	27,4582	;	27,1424	;	13/08/2010
27,251	;	27,251	;	27,4385	;	27,2312	;	16/08/2010
27,399	;	27,9319	;	28,1787	;	27,399	;	17/08/2010
27,9221	;	27,32	;	27,9813	;	27,251	;	18/08/2010
26,5601	;	26,4318	;	27,0338	;	26,3626	;	19/08/2010
26,4021	;	26,4318	;	26,7278	;	26,2146	;	20/08/2010
26,5699	;	26,3133	;	26,8364	;	26,3133	;	23/08/2010
26,1553	;	25,8	;	26,5008	;	25,8	;	24/08/2010
25,7309	;	25,7409	;	25,9481	;	25,1683	;	25/08/2010
26,3528	;	25,3658	;	26,3528	;	25,3658	;	26/08/2010
25,6126	;	26,2146	;	26,2442	;	25,2868	;	27/08/2010
26,0073	;	25,119	;	26,0863	;	25,119	;	30/08/2010
25,1881	;	25,7211	;	25,7211	;	25,1881	;	31/08/2010
25,958	;	26,6784	;	26,8364	;	25,8099	;	01/09/2010
26,5403	;	27,241	;	27,7839	;	26,3923	;	02/09/2010
27,9319	;	28,4255	;	28,5439	;	27,6853	;	03/09/2010
28,8005	;	28,7117	;	28,9091	;	28,2577	;	06/09/2010
27,9418	;	27,4681	;	28,1096	;	27,4286	;	08/09/2010
27,6853	;	27,241	;	27,7741	;	26,8364	;	09/09/2010
27,1424	;	27,1621	;	27,5766	;	27,0535	;	10/09/2010
27,3891	;	27,9319	;	27,9517	;	27,1917	;	13/09/2010
27,8234	;	26,5008	;	28,1984	;	26,5008	;	14/09/2010
25,6619	;	26,106	;	26,254	;	25,4151	;	15/09/2010
25,7704	;	26,0172	;	26,333	;	25,7112	;	16/09/2010
25,7902	;	26,0962	;	26,1948	;	25,7606	;	17/09/2010
26,0764	;	26,7476	;	27,0732	;	25,8592	;	20/09/2010
26,7673	;	26,0073	;	26,8956	;	26,0073	;	21/09/2010
25,7507	;	25,6421	;	26,0863	;	25,4842	;	22/09/2010
25,5829	;	26,4515	;	27,1029	;	25,5829	;	23/09/2010
26,6982	;	25,958	;	26,7377	;	25,958	;	24/09/2010
25,9975	;	26,1553	;	26,3429	;	25,7112	;	27/09/2010
26,412	;	26,3528	;	26,5403	;	26,106	;	28/09/2010
26,254	;	27,1424	;	27,1424	;	26,1948	;	29/09/2010
27,2904	;	26,9351	;	27,5865	;	26,866	;	30/09/2010
27,2213	;	27,1424	;	27,3398	;	26,9549	;	01/10/2010
27,1227	;	27,0239	;	27,4878	;	26,9944	;	04/10/2010
27,2312	;	26,6291	;	27,241	;	26,412	;	05/10/2010
26,4515	;	25,5237	;	26,5403	;	25,2572	;	06/10/2010
25,7112	;	24,971	;	25,7112	;	24,3196	;	07/10/2010
24,8822	;	25,6619	;	25,6619	;	24,5564	;	08/10/2010
25,7606	;	25,5138	;	25,8692	;	25,4448	;	11/10/2010
25,6816	;	25,3756	;	25,7507	;	25,2473	;	13/10/2010
25,3263	;	26,0962	;	26,0962	;	25,1091	;	14/10/2010
26,185	;	25,9481	;	26,2935	;	25,8395	;	15/10/2010
25,8099	;	26,0567	;	26,1553	;	25,6322	;	18/10/2010
25,6026	;	24,9512	;	25,7804	;	24,9512	;	19/10/2010
25,1388	;	24,665	;	25,2966	;	24,665	;	20/10/2010
24,7242	;	23,8458	;	24,9019	;	23,7865	;	21/10/2010
24,1419	;	23,8951	;	24,3886	;	23,5892	;	22/10/2010
24,132	;	24,2504	;	24,4676	;	24,0333	;	25/10/2010
24,2011	;	25,5138	;	25,9087	;	24,132	;	26/10/2010
25,3658	;	25,8494	;	26,6982	;	24,9117	;	27/10/2010
26,1455	;	25,9185	;	26,491	;	25,5336	;	28/10/2010
26,2442	;	25,5138	;	26,2442	;	25,5138	;	29/10/2010
25,7112	;	26,1455	;	26,3231	;	25,5928	;	01/11/2010
26,4928	;	26,7905	;	26,8996	;	26,2943	;	03/11/2010
27,1377	;	27,2866	;	27,4255	;	26,9988	;	04/11/2010
27,2072	;	27,0385	;	27,4354	;	27,0385	;	05/11/2010
26,8996	;	27,3163	;	27,366	;	26,8897	;	08/11/2010
27,4056	;	26,9095	;	27,5545	;	26,9095	;	09/11/2010
26,8996	;	26,9194	;	27,0385	;	26,6615	;	10/11/2010
26,8599	;	26,5126	;	26,8996	;	26,4432	;	11/11/2010
26,0364	;	25,6494	;	26,1852	;	25,6196	;	12/11/2010
25,6494	;	25,2029	;	25,7089	;	24,935	;	16/11/2010
25,2922	;	25,2525	;	25,4906	;	25,0838	;	17/11/2010
25,6494	;	25,699	;	25,8875	;	25,5105	;	18/11/2010
25,5005	;	25,5005	;	25,5502	;	25,2227	;	19/11/2010
25,441	;	24,8655	;	25,4708	;	24,7564	;	22/11/2010
24,4984	;	24,4587	;	24,7365	;	24,3297	;	23/11/2010
24,7068	;	25,0441	;	25,1731	;	24,5579	;	24/11/2010
25,1533	;	24,6571	;	25,1533	;	24,6571	;	25/11/2010
24,4686	;	24,4091	;	24,6373	;	24,2404	;	26/11/2010
24,3595	;	24,5083	;	24,7464	;	24,2702	;	29/11/2010
24,4984	;	24,3992	;	24,9052	;	24,3198	;	30/11/2010
24,8357	;	25,064	;	25,1433	;	24,7762	;	01/12/2010
25,2525	;	25,2029	;	25,4906	;	25,1036	;	02/12/2010
25,2525	;	25,5005	;	25,5005	;	25,0342	;	03/12/2010
25,5601	;	25,6593	;	25,8379	;	25,5105	;	06/12/2010
25,9967	;	25,1533	;	26,086	;	25,1533	;	07/12/2010
25,183	;	24,806	;	25,3021	;	24,806	;	08/12/2010
24,9747	;	25,2029	;	25,3021	;	24,8953	;	09/12/2010
25,4013	;	25,5005	;	25,5402	;	25,2525	;	10/12/2010
25,6891	;	25,7089	;	25,8875	;	25,6791	;	13/12/2010
25,6295	;	25,6295	;	25,8379	;	25,5204	;	14/12/2010
25,3914	;	25,1731	;	25,5105	;	25,1731	;	15/12/2010
25,3021	;	25,1533	;	25,4509	;	25,064	;	16/12/2010
25,0342	;	25,7387	;	25,7387	;	24,8457	;	17/12/2010
25,7387	;	25,3716	;	25,8577	;	25,3716	;	20/12/2010
25,6395	;	25,57	;	25,7288	;	25,5105	;	21/12/2010
25,56	;	25,72	;	25,72	;	25,47	;	22/12/2010
25,64	;	25,75	;	25,87	;	25,56	;	23/12/2010
25,56	;	26,05	;	26,09	;	25,52	;	27/12/2010
26,3	;	26,66	;	26,71	;	26,21	;	28/12/2010
26,78	;	26,97	;	27,17	;	26,78	;	29/12/2010
27,29	;	27,29	;	27,44	;	27,09	;	30/12/2010
27,5	;	27	;	27,58	;	26,91	;	03/01/2011
27,01	;	26,9	;	27,06	;	26,4	;	04/01/2011
26,68	;	27,22	;	27,35	;	26,58	;	05/01/2011
27,2	;	27,11	;	27,46	;	27,01	;	06/01/2011
27,02	;	26,73	;	27,18	;	26,73	;	07/01/2011
26,65	;	26,98	;	27,02	;	26,58	;	10/01/2011
27,1	;	27,15	;	27,4	;	27,07	;	11/01/2011
27,38	;	27,9	;	27,98	;	27,32	;	12/01/2011
28	;	27,31	;	28,12	;	27,31	;	13/01/2011
27,27	;	27,55	;	27,71	;	27,25	;	14/01/2011
27,42	;	27,45	;	27,77	;	27,36	;	17/01/2011
27,65	;	27,72	;	27,76	;	27,4	;	18/01/2011
27,8	;	27,3	;	27,95	;	27,25	;	19/01/2011
27,15	;	27,27	;	27,52	;	26,96	;	20/01/2011
27,41	;	27,05	;	27,51	;	27,05	;	21/01/2011
27,08	;	27	;	27,25	;	26,81	;	24/01/2011
27,09	;	26,83	;	27,33	;	26,71	;	26/01/2011
26,95	;	26,87	;	27,15	;	26,71	;	27/01/2011
27,05	;	26,67	;	27,08	;	26,25	;	28/01/2011
26,86	;	27,09	;	27,25	;	26,66	;	31/01/2011
27,3	;	27,64	;	27,72	;	27,11	;	01/02/2011
27,6	;	27,8	;	27,98	;	27,5	;	02/02/2011
27,76	;	28,03	;	28,12	;	27,7	;	03/02/2011
28,04	;	27,62	;	28,22	;	27,56	;	04/02/2011
27,8	;	27,22	;	27,87	;	27,11	;	07/02/2011
27,03	;	26,96	;	27,34	;	26,82	;	08/02/2011
26,86	;	26,18	;	26,97	;	26,11	;	09/02/2011
26,2	;	26,27	;	26,74	;	26,16	;	10/02/2011
26,45	;	26,4	;	26,7	;	26,3	;	11/02/2011
26,41	;	26,75	;	26,91	;	26,24	;	14/02/2011
26,67	;	26,97	;	27,32	;	26,63	;	15/02/2011
27,2	;	27,31	;	27,45	;	27,07	;	16/02/2011
27,4	;	27,25	;	27,44	;	27,04	;	17/02/2011
27,16	;	27,37	;	27,44	;	27,11	;	18/02/2011
27,47	;	27,4	;	27,65	;	27,25	;	21/02/2011
27,46	;	27,77	;	27,95	;	27,45	;	22/02/2011
27,91	;	28,71	;	28,9	;	27,8	;	23/02/2011
29,05	;	28,37	;	29,26	;	28,36	;	24/02/2011
28,41	;	28,6	;	28,75	;	28,15	;	25/02/2011
28,44	;	28,58	;	28,68	;	28,16	;	28/02/2011
28,5	;	28,29	;	28,79	;	28,19	;	01/03/2011
28,3	;	28,9	;	28,96	;	28,17	;	02/03/2011
28,92	;	28,96	;	28,97	;	28,6	;	03/03/2011
29	;	29,08	;	29,17	;	28,72	;	04/03/2011
28,83	;	28,55	;	28,87	;	28,52	;	09/03/2011
28,4	;	28,12	;	28,43	;	27,88	;	10/03/2011
27,95	;	28,17	;	28,4	;	27,67	;	11/03/2011
