23,8366	;	23,7073	;	24,1034	;	23,3034	;	03/01/2008
23,7073	;	23,4327	;	24,0224	;	23,0285	;	04/01/2008
23,4246	;	23,9903	;	24,418	;	23,158	;	07/01/2008
24,2327	;	24,4828	;	24,7413	;	23,9094	;	08/01/2008
24,1514	;	24,9189	;	24,9353	;	23,9094	;	09/01/2008
24,7252	;	25,6378	;	25,6378	;	24,2485	;	10/01/2008
24,8787	;	24,3293	;	25,0081	;	24,2891	;	11/01/2008
24,4586	;	24,2327	;	24,5715	;	23,9577	;	14/01/2008
23,9094	;	23,6752	;	24,1758	;	23,5861	;	15/01/2008
23,4246	;	23,667	;	23,9012	;	23,0208	;	16/01/2008
23,5459	;	23,4163	;	23,7638	;	23,1016	;	17/01/2008
23,5053	;	23,0614	;	23,5538	;	22,6975	;	18/01/2008
21,8092	;	21,8821	;	22,1323	;	21,4457	;	21/01/2008
21,6475	;	23,1823	;	23,5459	;	21,6071	;	22/01/2008
22,617	;	22,1323	;	22,617	;	21,3249	;	23/01/2008
23,0208	;	23,7881	;	24,1919	;	22,5521	;	24/01/2008
22,9079	;	23,5053	;	23,6346	;	22,827	;	28/01/2008
23,5861	;	23,9903	;	24,2327	;	23,5053	;	29/01/2008
23,6832	;	24,5555	;	24,5555	;	22,9805	;	30/01/2008
23,9497	;	23,6267	;	23,9903	;	23,2229	;	31/01/2008
23,9176	;	23,4246	;	24,2327	;	23,0451	;	01/02/2008
22,617	;	22,8996	;	23,1261	;	22,617	;	06/02/2008
22,6573	;	22,617	;	22,8512	;	22,4554	;	07/02/2008
22,8592	;	22,617	;	22,8917	;	22,5521	;	08/02/2008
22,7542	;	22,8189	;	23,0208	;	22,617	;	11/02/2008
22,9399	;	23,2229	;	24,16	;	22,9399	;	12/02/2008
23,3519	;	23,2309	;	23,7963	;	23,2309	;	13/02/2008
23,5861	;	22,8189	;	23,9094	;	22,7381	;	14/02/2008
22,8592	;	23,0614	;	23,5053	;	22,6975	;	15/02/2008
23,4246	;	23,9094	;	24,0547	;	23,263	;	18/02/2008
23,9983	;	24,273	;	24,4665	;	23,9983	;	19/02/2008
23,9094	;	24,9515	;	25,0158	;	23,5942	;	20/02/2008
25,1856	;	25,6057	;	25,6864	;	24,8948	;	21/02/2008
25,46	;	25,1611	;	25,5811	;	24,7331	;	22/02/2008
25,145	;	24,2327	;	25,145	;	24,2327	;	25/02/2008
22,625	;	23,0235	;	23,4976	;	22,625	;	26/02/2008
23,0235	;	22,8615	;	23,4524	;	22,7644	;	27/02/2008
22,902	;	22,7399	;	22,9829	;	22,6831	;	28/02/2008
22,6673	;	22,8778	;	22,8778	;	22,2543	;	29/02/2008
22,6831	;	22,4973	;	22,9989	;	22,4407	;	03/03/2008
22,619	;	22,0115	;	22,6996	;	21,9792	;	04/03/2008
22,3351	;	22,4487	;	22,6996	;	22,0924	;	05/03/2008
22,4973	;	22,0115	;	22,5699	;	21,8903	;	06/03/2008
21,8417	;	21,688	;	21,9792	;	21,2105	;	07/03/2008
21,5992	;	21,4452	;	21,9551	;	21,3077	;	10/03/2008
21,9714	;	21,5182	;	22,1252	;	21,0812	;	11/03/2008
21,7691	;	20,8547	;	21,777	;	20,7897	;	12/03/2008
20,5794	;	20,8787	;	21,0893	;	20,1994	;	13/03/2008
21,3482	;	21,4452	;	22,0037	;	20,7978	;	14/03/2008
20,8787	;	20,393	;	21,3077	;	20,393	;	17/03/2008
20,8951	;	20,8386	;	21,0405	;	20,5632	;	18/03/2008
20,9518	;	20,4337	;	21,1622	;	20,2721	;	19/03/2008
20,2315	;	20,1464	;	20,4578	;	19,8269	;	20/03/2008
20,5698	;	20,7571	;	21,3106	;	20,5046	;	24/03/2008
21,237	;	21,164	;	21,4815	;	20,9768	;	25/03/2008
21,164	;	20,7571	;	21,164	;	19,951	;	26/03/2008
20,8057	;	20,0244	;	20,9768	;	20,0244	;	27/03/2008
20,2684	;	19,0637	;	20,2931	;	19,0637	;	28/03/2008
19,0722	;	18,8114	;	19,1698	;	18,5676	;	31/03/2008
19,4952	;	20,0737	;	20,3336	;	19,2837	;	01/04/2008
20,4318	;	20,5536	;	20,7324	;	19,951	;	02/04/2008
20,2931	;	20,2684	;	20,6919	;	20,0326	;	03/04/2008
20,4802	;	20,0737	;	20,5455	;	19,9755	;	04/04/2008
20,3499	;	20,3092	;	20,6676	;	20,2443	;	07/04/2008
20,2604	;	20,4318	;	20,4802	;	20,0408	;	08/04/2008
20,2849	;	19,821	;	20,3419	;	19,821	;	09/04/2008
19,8858	;	19,1777	;	19,8858	;	19,0637	;	10/04/2008
19,2104	;	19,0474	;	19,3979	;	19,0474	;	11/04/2008
19,0558	;	18,4128	;	19,0558	;	18,3557	;	14/04/2008
18,5676	;	18,5348	;	18,8199	;	18,315	;	15/04/2008
18,8279	;	19,821	;	19,821	;	18,8199	;	16/04/2008
19,5361	;	20,635	;	20,635	;	19,365	;	17/04/2008
20,8873	;	20,6755	;	21,4489	;	20,4802	;	18/04/2008
20,8468	;	20,4318	;	21,0827	;	20,1302	;	22/04/2008
20,2684	;	19,9839	;	20,5131	;	19,9432	;	23/04/2008
20	;	20,6105	;	20,7082	;	19,7069	;	24/04/2008
20,7571	;	21,6523	;	21,7338	;	20,7571	;	25/04/2008
21,8315	;	21,7748	;	22,3037	;	21,75	;	28/04/2008
21,5711	;	21,4571	;	21,8152	;	21,164	;	29/04/2008
21,5873	;	23,5246	;	23,6551	;	21,5385	;	30/04/2008
24,8268	;	24,7702	;	25,234	;	24,0373	;	02/05/2008
24,7945	;	24,4202	;	24,8026	;	23,6873	;	05/05/2008
24,2571	;	23,5246	;	24,2571	;	23,3697	;	06/05/2008
23,5246	;	22,7838	;	23,9233	;	22,3527	;	07/05/2008
23,0362	;	23,4026	;	23,4351	;	22,9955	;	08/05/2008
23,0362	;	23,2394	;	23,4106	;	22,7106	;	09/05/2008
23,3212	;	23,5978	;	23,5978	;	22,8652	;	12/05/2008
23,7282	;	23,1176	;	23,8096	;	23,1176	;	13/05/2008
23,606	;	23,5441	;	23,7606	;	23,4026	;	14/05/2008
23,692	;	24,2006	;	24,6027	;	23,4213	;	15/05/2008
24,5288	;	24,5288	;	24,7749	;	24,3235	;	16/05/2008
24,6108	;	24,7338	;	25,0126	;	24,4879	;	19/05/2008
24,1185	;	24,6929	;	24,7665	;	23,9545	;	20/05/2008
24,4879	;	23,9135	;	24,5288	;	23,495	;	21/05/2008
23,7822	;	23,2406	;	24,2006	;	22,9783	;	23/05/2008
23,2735	;	23,2572	;	23,5441	;	23,2244	;	26/05/2008
23,249	;	23,8725	;	23,8725	;	23,1754	;	27/05/2008
24,0283	;	25,3081	;	25,3326	;	24,0201	;	28/05/2008
25,0209	;	25,4397	;	26,1284	;	24,5288	;	29/05/2008
25,6774	;	26,6946	;	26,8913	;	25,431	;	30/05/2008
26,1284	;	25,981	;	26,5468	;	25,3491	;	02/06/2008
25,8412	;	25,0209	;	26,0874	;	24,8077	;	03/06/2008
24,6108	;	24,7829	;	25,4146	;	24,4879	;	04/06/2008
25,1028	;	26,0874	;	26,0874	;	24,9552	;	05/06/2008
26,0466	;	25,3734	;	26,0546	;	24,9552	;	06/06/2008
25,3081	;	24,9801	;	25,431	;	24,4879	;	09/06/2008
24,4138	;	24,8569	;	24,8569	;	24,3648	;	10/06/2008
24,6516	;	24,3648	;	24,7829	;	24,2824	;	11/06/2008
24,3648	;	24,2909	;	24,9882	;	24,2909	;	12/06/2008
24,3648	;	23,6264	;	24,6108	;	23,6264	;	13/06/2008
23,7906	;	24,1185	;	24,34	;	23,4785	;	16/06/2008
24,5369	;	24,4057	;	24,7585	;	24,0693	;	17/06/2008
24,1677	;	23,3802	;	24,2006	;	23,3802	;	18/06/2008
23,495	;	23,3802	;	23,6427	;	23,2161	;	19/06/2008
23,2161	;	22,4861	;	23,5116	;	22,4861	;	20/06/2008
22,7401	;	22,1825	;	23,0521	;	21,9856	;	23/06/2008
22,2672	;	22,2424	;	22,6711	;	21,8796	;	24/06/2008
22,3747	;	23,3807	;	24,1727	;	22,1437	;	25/06/2008
22,9684	;	22,4814	;	23,4218	;	22,3086	;	26/06/2008
22,7457	;	22,0529	;	23,0673	;	21,7642	;	27/06/2008
22,4322	;	21,5664	;	22,4651	;	21,3686	;	30/06/2008
21,3521	;	20,3293	;	21,3521	;	20,2055	;	01/07/2008
20,5764	;	19,7931	;	20,7582	;	19,7931	;	02/07/2008
19,8015	;	19,4796	;	20,4199	;	19,4796	;	03/07/2008
19,5457	;	19,6281	;	20,0406	;	19,2984	;	04/07/2008
20,0406	;	19,0263	;	20,1228	;	19,0263	;	07/07/2008
19,092	;	19,9992	;	20,0322	;	18,9107	;	08/07/2008
19,3642	;	19,9581	;	20,4282	;	19,2159	;	10/07/2008
19,7931	;	19,6281	;	20,1725	;	19,5126	;	11/07/2008
20,1641	;	19,9168	;	20,4943	;	19,6694	;	14/07/2008
19,5953	;	20,1228	;	20,2961	;	19,092	;	15/07/2008
19,9664	;	20,9144	;	21,3353	;	19,9664	;	16/07/2008
21,1952	;	20,2961	;	21,6073	;	20,2961	;	17/07/2008
20,527	;	20,5764	;	21,228	;	20,2879	;	18/07/2008
20,9559	;	20,6344	;	21,1623	;	20,6344	;	21/07/2008
20,3704	;	19,7931	;	20,4447	;	19,7273	;	22/07/2008
19,9664	;	20,453	;	20,4943	;	19,8427	;	23/07/2008
20,5185	;	20,3951	;	20,6179	;	20,2055	;	24/07/2008
20,2055	;	19,9992	;	20,527	;	19,8919	;	25/07/2008
20,2302	;	19,0263	;	20,2302	;	19,0263	;	28/07/2008
19,2984	;	20,1228	;	20,1228	;	19,1911	;	29/07/2008
20,2467	;	20,8486	;	20,8651	;	20,2302	;	30/07/2008
20,7746	;	20,7004	;	21,4013	;	20,3871	;	31/07/2008
20,4943	;	19,6362	;	20,4943	;	19,6281	;	01/08/2008
19,7189	;	18,622	;	19,7519	;	18,5313	;	04/08/2008
19,3063	;	18,9686	;	19,5786	;	18,7046	;	05/08/2008
19,4055	;	19,9168	;	20,0406	;	19,0673	;	06/08/2008
19,7931	;	19,6281	;	19,9334	;	19,3063	;	07/08/2008
19,3063	;	19,2984	;	19,6694	;	19,0754	;	08/08/2008
19,389	;	18,6139	;	19,5539	;	18,5811	;	11/08/2008
18,8448	;	17,9788	;	18,9025	;	17,9375	;	12/08/2008
17,9788	;	17,4838	;	18,1272	;	17,451	;	13/08/2008
17,748	;	17,9788	;	17,9788	;	17,6487	;	14/08/2008
18,3088	;	18,3827	;	18,6302	;	18,1435	;	15/08/2008
18,4984	;	18,4984	;	18,9543	;	18,1168	;	18/08/2008
18,0754	;	18,4071	;	18,4733	;	17,8431	;	19/08/2008
18,6474	;	18,7803	;	18,9378	;	18,4984	;	20/08/2008
18,8714	;	19,319	;	19,319	;	18,5565	;	21/08/2008
19,319	;	19,4933	;	19,7669	;	19,228	;	22/08/2008
19,3937	;	18,8879	;	19,3937	;	18,7803	;	25/08/2008
18,7388	;	18,4071	;	18,9046	;	18,3408	;	26/08/2008
18,5813	;	19,4022	;	19,4022	;	18,3987	;	27/08/2008
19,6508	;	20,0652	;	20,074	;	19,5759	;	28/08/2008
20,14	;	19,7252	;	20,1646	;	19,4436	;	29/08/2008
19,7252	;	19,178	;	19,7252	;	19,1532	;	01/09/2008
19,4851	;	19,3522	;	19,6757	;	19,0539	;	02/09/2008
19,4271	;	19,1532	;	19,6341	;	18,863	;	03/09/2008
19,0705	;	18,5727	;	19,3771	;	18,316	;	04/09/2008
18,1333	;	18,6558	;	18,83	;	18,0837	;	05/09/2008
19,6676	;	18,1999	;	19,6676	;	18,1582	;	08/09/2008
17,9428	;	17,8186	;	18,6889	;	17,6942	;	09/09/2008
18,0091	;	18,4405	;	18,5315	;	17,8847	;	10/09/2008
17,9096	;	18,7388	;	18,7388	;	17,4619	;	11/09/2008
18,8962	;	18,6144	;	19,1947	;	18,4236	;	12/09/2008
17,3705	;	16,9643	;	17,9926	;	16,9146	;	15/09/2008
16,5167	;	18,1004	;	18,1004	;	15,9445	;	16/09/2008
17,7437	;	16,4999	;	17,7437	;	16,4916	;	17/09/2008
16,9146	;	17,4124	;	17,9926	;	16,3425	;	18/09/2008
18,83	;	19,0539	;	19,087	;	18,1582	;	19/09/2008
19,1119	;	18,2412	;	19,4436	;	18,2412	;	22/09/2008
18,0837	;	18,4819	;	18,863	;	18,0837	;	23/09/2008
18,7904	;	18,5401	;	19,0577	;	18,1224	;	24/09/2008
18,7487	;	19,0409	;	19,208	;	18,5401	;	25/09/2008
18,3646	;	18,9993	;	19,1161	;	18,2559	;	26/09/2008
18,3727	;	17,0952	;	18,6234	;	16,5356	;	29/09/2008
17,3291	;	18,9993	;	18,9993	;	17,3291	;	30/09/2008
18,9576	;	18,7904	;	19,0159	;	18,1224	;	01/10/2008
18,5818	;	16,9533	;	18,5818	;	16,7527	;	02/10/2008
17,4376	;	15,8675	;	17,7882	;	15,8675	;	03/10/2008
14,2809	;	14,7233	;	14,7233	;	13,1282	;	06/10/2008
14,4728	;	13,8632	;	15,0323	;	13,6294	;	07/10/2008
12,6105	;	13,2786	;	14,2056	;	12,527	;	08/10/2008
13,7881	;	12,2348	;	13,9299	;	12,2348	;	09/10/2008
10,6477	;	11,6918	;	12,7609	;	10,606	;	10/10/2008
12,9444	;	14,1139	;	14,4813	;	12,5439	;	13/10/2008
15,1994	;	15,024	;	15,8675	;	14,381	;	14/10/2008
14,1304	;	13,4538	;	14,548	;	12,6271	;	15/10/2008
13,5292	;	12,8193	;	13,7713	;	12,1174	;	16/10/2008
12,8614	;	12,6021	;	13,6042	;	12,4853	;	17/10/2008
13,1032	;	13,8632	;	13,8632	;	12,9611	;	20/10/2008
13,3623	;	13,6961	;	14,1221	;	13,2618	;	21/10/2008
12,6105	;	11,5916	;	12,8614	;	11,5916	;	22/10/2008
11,2826	;	10,9318	;	12,2765	;	10,606	;	23/10/2008
10,2721	;	10,6477	;	10,7732	;	9,6041	;	24/10/2008
10,4392	;	9,7712	;	10,4977	;	9,7712	;	27/10/2008
10,4392	;	11,0655	;	11,2074	;	9,888	;	28/10/2008
11,1909	;	11,6918	;	11,9006	;	11,0236	;	29/10/2008
11,9925	;	12,2428	;	12,6775	;	11,9925	;	30/10/2008
11,7752	;	12,335	;	12,4266	;	11,6083	;	31/10/2008
12,6105	;	11,959	;	12,6856	;	11,9006	;	03/11/2008
12,6105	;	13,8296	;	13,8296	;	12,2765	;	04/11/2008
13,9469	;	13,4039	;	13,9887	;	12,8861	;	05/11/2008
12,7776	;	12,527	;	12,8442	;	12,1094	;	06/11/2008
12,8944	;	12,7776	;	13,1867	;	12,5439	;	07/11/2008
13,3623	;	12,0342	;	13,3623	;	12,0007	;	10/11/2008
11,7752	;	11,8923	;	12,026	;	11,4163	;	11/11/2008
11,8756	;	11,0154	;	11,9841	;	10,9485	;	12/11/2008
11,3662	;	11,7752	;	11,9006	;	11,0236	;	13/11/2008
11,8884	;	11,7535	;	11,8884	;	11,4752	;	14/11/2008
11,4078	;	11,8884	;	12,1751	;	11,2643	;	17/11/2008
11,5511	;	11,2981	;	11,998	;	11,2981	;	18/11/2008
11,3067	;	11,2308	;	11,7366	;	11,2222	;	19/11/2008
10,708	;	9,6204	;	10,7922	;	9,2916	;	21/11/2008
10,2443	;	10,5392	;	10,5392	;	10,042	;	24/11/2008
10,3288	;	10,8597	;	11,197	;	10,1263	;	25/11/2008
10,6235	;	11,88	;	12,0991	;	10,5898	;	26/11/2008
11,8463	;	11,9306	;	12,0991	;	11,7197	;	27/11/2008
11,88	;	12,0568	;	12,2679	;	11,7197	;	28/11/2008
11,6607	;	12,0568	;	12,0568	;	11,4919	;	01/12/2008
12,1413	;	12,0149	;	12,5207	;	11,981	;	02/12/2008
12,0149	;	12,0568	;	12,2424	;	11,6523	;	03/12/2008
12,2679	;	12,3099	;	12,6892	;	11,9306	;	04/12/2008
12,0568	;	13,2794	;	13,3048	;	11,9389	;	05/12/2008
13,5577	;	14,477	;	14,7973	;	13,5495	;	08/12/2008
14,4599	;	14,2915	;	14,5527	;	13,7602	;	09/12/2008
14,3336	;	13,7434	;	14,8308	;	13,7434	;	10/12/2008
13,8274	;	13,1531	;	14,2491	;	13,1531	;	11/12/2008
12,6556	;	13,1952	;	13,1952	;	12,5543	;	12/12/2008
13,3217	;	12,5629	;	13,5747	;	12,5629	;	15/12/2008
13,0688	;	13,1952	;	13,3133	;	12,7486	;	16/12/2008
13,1531	;	12,8581	;	13,4398	;	12,6641	;	17/12/2008
13,0266	;	12,9424	;	13,2204	;	12,6472	;	18/12/2008
12,7063	;	12,8157	;	13,111	;	12,6892	;	19/12/2008
12,8835	;	12,6892	;	12,9424	;	12,5797	;	22/12/2008
12,7915	;	11,931	;	12,9704	;	11,931	;	23/12/2008
12,1439	;	11,931	;	12,1696	;	11,7688	;	26/12/2008
12,1013	;	11,931	;	12,1864	;	11,8969	;	29/12/2008
12,0673	;	12,5104	;	12,5104	;	11,9905	;	30/12/2008
12,5104	;	12,7829	;	12,996	;	12,4423	;	02/01/2009
12,7829	;	13,0219	;	13,2944	;	12,5019	;	05/01/2009
13,192	;	13,7376	;	13,8312	;	12,9365	;	06/01/2009
13,5414	;	13,4308	;	13,5927	;	13,1665	;	07/01/2009
13,2348	;	13,124	;	13,3711	;	12,8428	;	08/01/2009
13,6438	;	13,5331	;	14,0442	;	13,2006	;	09/01/2009
13,3372	;	13,4222	;	13,7205	;	13,2603	;	12/01/2009
13,209	;	12,8938	;	13,4222	;	12,8938	;	13/01/2009
12,9449	;	12,0246	;	12,9704	;	11,9734	;	14/01/2009
12,0926	;	12,7829	;	12,8002	;	11,8031	;	15/01/2009
13,0133	;	12,2716	;	13,1836	;	12,2716	;	16/01/2009
12,519	;	12,306	;	12,5446	;	12,2378	;	19/01/2009
12,2716	;	11,4622	;	12,519	;	11,4451	;	20/01/2009
11,7094	;	11,7178	;	11,8969	;	11,3343	;	21/01/2009
11,931	;	11,5474	;	11,931	;	11,2235	;	22/01/2009
11,3258	;	11,3343	;	11,6922	;	11,0616	;	23/01/2009
11,5048	;	12,0246	;	12,0757	;	11,4622	;	26/01/2009
11,931	;	12,2291	;	12,3569	;	11,8542	;	27/01/2009
12,6124	;	12,5362	;	12,7149	;	12,4507	;	28/01/2009
12,2632	;	12,0587	;	12,391	;	12,016	;	29/01/2009
12,0332	;	12,1013	;	12,2291	;	11,9734	;	30/01/2009
11,8457	;	11,7265	;	12,016	;	11,7094	;	02/02/2009
11,8457	;	12,0844	;	12,2463	;	11,7688	;	03/02/2009
12,1439	;	11,8969	;	12,3996	;	11,8457	;	04/02/2009
11,8969	;	12,2716	;	12,3314	;	11,8542	;	05/02/2009
12,3653	;	12,4253	;	12,4933	;	12,1696	;	06/02/2009
12,2378	;	12,1864	;	12,5019	;	12,1439	;	09/02/2009
12,2887	;	12,0502	;	12,5104	;	11,931	;	10/02/2009
12,1696	;	12,2122	;	12,3399	;	11,9988	;	11/02/2009
11,9734	;	11,8883	;	12,1864	;	11,8031	;	12/02/2009
12,2291	;	12,1271	;	12,2716	;	12,0844	;	13/02/2009
12,016	;	12,0502	;	12,1524	;	11,965	;	16/02/2009
11,8031	;	11,6326	;	11,9054	;	11,6326	;	17/02/2009
11,6412	;	11,5133	;	11,786	;	11,4707	;	18/02/2009
12,1099	;	11,7605	;	12,1183	;	11,7265	;	19/02/2009
11,5552	;	11,8862	;	11,9386	;	11,4331	;	20/02/2009
11,8252	;	12,1129	;	12,2349	;	11,6075	;	25/02/2009
12,296	;	12,2088	;	12,5049	;	12,1302	;	26/02/2009
11,9474	;	12,0693	;	12,1479	;	11,8688	;	27/02/2009
11,7817	;	11,4158	;	11,9908	;	11,3372	;	02/03/2009
11,5552	;	11,5726	;	11,8079	;	11,3285	;	03/03/2009
11,9386	;	12,0693	;	12,1479	;	11,7817	;	04/03/2009
11,7732	;	11,5986	;	11,9038	;	11,5204	;	05/03/2009
11,6335	;	11,8252	;	11,9908	;	11,5204	;	06/03/2009
11,59	;	11,7207	;	12,1041	;	11,5466	;	09/03/2009
11,8862	;	12,2262	;	12,2349	;	11,8602	;	10/03/2009
12,3307	;	12,3131	;	12,4616	;	12,1651	;	11/03/2009
12,2523	;	12,4616	;	12,6793	;	12,2088	;	12/03/2009
12,6531	;	12,7141	;	12,8271	;	12,4701	;	13/03/2009
12,8101	;	12,6793	;	12,9233	;	12,4789	;	16/03/2009
12,5922	;	13,0539	;	13,0539	;	12,5487	;	17/03/2009
12,8883	;	13,5158	;	13,6292	;	12,8883	;	18/03/2009
13,7249	;	13,7684	;	14,0387	;	13,6552	;	19/03/2009
13,6901	;	13,5072	;	13,8817	;	13,3764	;	20/03/2009
13,9603	;	14,4657	;	14,4657	;	13,7949	;	23/03/2009
14,32	;	14,0734	;	14,3992	;	13,9591	;	24/03/2009
14,0117	;	14,0909	;	14,6193	;	13,9851	;	25/03/2009
14,267	;	14,5577	;	14,725	;	14,1173	;	26/03/2009
14,2759	;	14,9717	;	14,9717	;	14,267	;	27/03/2009
14,5313	;	14,7074	;	14,8395	;	14,443	;	30/03/2009
14,8923	;	14,8571	;	15,2974	;	14,7867	;	31/03/2009
14,7074	;	15,6409	;	15,6763	;	14,7074	;	01/04/2009
15,8522	;	16,0548	;	16,5393	;	15,8522	;	02/04/2009
16,0638	;	16,821	;	16,821	;	16,0548	;	03/04/2009
16,7329	;	16,7329	;	17,0412	;	16,2132	;	06/04/2009
16,4863	;	16,6361	;	16,9882	;	16,2571	;	07/04/2009
16,1164	;	15,2798	;	16,4423	;	15,1392	;	08/04/2009
15,6322	;	14,8483	;	15,6322	;	14,5313	;	09/04/2009
14,8483	;	14,8483	;	14,8483	;	14,8483	;	10/04/2009
14,8658	;	14,8748	;	15,0419	;	14,5489	;	13/04/2009
14,9627	;	15,0861	;	15,4031	;	14,9101	;	14/04/2009
15,1479	;	15,412	;	15,412	;	15,0773	;	15/04/2009
15,6497	;	16,1605	;	16,1605	;	15,5	;	16/04/2009
16,1605	;	16,2132	;	16,319	;	16,0723	;	17/04/2009
15,7642	;	15,8522	;	16,1605	;	15,6849	;	20/04/2009
15,8522	;	15,6763	;	16,134	;	15,6763	;	22/04/2009
15,8611	;	16,3982	;	16,4689	;	15,8084	;	23/04/2009
16,4249	;	16,3806	;	16,7151	;	16,3806	;	24/04/2009
16,2665	;	15,9581	;	16,821	;	15,8872	;	27/04/2009
15,9581	;	16,1692	;	16,4249	;	15,9403	;	28/04/2009
16,4249	;	16,821	;	16,9003	;	16,4249	;	29/04/2009
17,0852	;	16,2571	;	17,1557	;	16,2571	;	30/04/2009
16,8124	;	17,032	;	17,0764	;	16,7329	;	04/05/2009
16,9092	;	17,2174	;	17,3671	;	16,9092	;	05/05/2009
17,3934	;	18,5471	;	18,9436	;	17,3934	;	06/05/2009
18,7147	;	17,6137	;	18,7585	;	17,6137	;	07/05/2009
18,4062	;	17,9042	;	18,4503	;	17,7457	;	08/05/2009
17,7017	;	17,9394	;	17,9925	;	17,4022	;	11/05/2009
18,054	;	17,5256	;	18,2388	;	17,4815	;	12/05/2009
17,1733	;	17,0412	;	17,3934	;	16,9268	;	13/05/2009
17,0146	;	17,7855	;	17,8073	;	16,5566	;	14/05/2009
17,8031	;	17,4581	;	17,821	;	17,4581	;	15/05/2009
17,6883	;	18,3602	;	18,5725	;	17,6883	;	18/05/2009
18,4841	;	18,6167	;	19,0502	;	18,1746	;	19/05/2009
18,6608	;	18,2631	;	19,1473	;	18,1302	;	20/05/2009
17,7855	;	17,9976	;	18,086	;	17,706	;	21/05/2009
18,2542	;	17,8651	;	18,3075	;	17,6439	;	22/05/2009
17,9801	;	17,8651	;	18,1125	;	17,821	;	25/05/2009
17,8826	;	18,6078	;	18,6608	;	17,7323	;	26/05/2009
18,6875	;	18,5725	;	19,0148	;	18,3692	;	27/05/2009
18,7583	;	19,0589	;	19,1649	;	18,6608	;	28/05/2009
19,1562	;	18,7143	;	19,3157	;	18,7143	;	29/05/2009
19,112	;	19,0766	;	19,2889	;	18,8909	;	01/06/2009
19,0059	;	19,5454	;	20,0228	;	18,767	;	02/06/2009
19,457	;	18,9086	;	19,6958	;	18,9086	;	03/06/2009
19,2182	;	19,7667	;	19,8373	;	18,6167	;	04/06/2009
19,9966	;	19,28	;	20,1643	;	19,0236	;	05/06/2009
19,1385	;	19,6248	;	19,7223	;	19,0766	;	08/06/2009
19,6337	;	19,3242	;	19,8108	;	19,2624	;	09/06/2009
19,5897	;	19,5013	;	19,6427	;	19,2094	;	10/06/2009
19,5454	;	19,5454	;	19,7223	;	19,2624	;	12/06/2009
19,3863	;	18,9263	;	19,5013	;	18,5815	;	15/06/2009
19,1473	;	18,5725	;	19,3863	;	18,5725	;	16/06/2009
18,3956	;	18,5285	;	18,5725	;	18,0331	;	17/06/2009
18,5725	;	18,1302	;	18,7143	;	18,1302	;	18/06/2009
18,3075	;	18,5725	;	19,1828	;	18,3075	;	19/06/2009
18,4401	;	18,0595	;	18,5725	;	17,9976	;	22/06/2009
18,1111	;	18,0754	;	18,3965	;	17,9862	;	23/06/2009
18,3431	;	17,888	;	18,4232	;	17,8434	;	24/06/2009
17,8612	;	19,0032	;	19,0032	;	17,8612	;	25/06/2009
19,0032	;	18,9139	;	19,1817	;	18,7177	;	26/06/2009
19,1461	;	19,021	;	19,262	;	18,8781	;	29/06/2009
19,0924	;	18,8961	;	19,2444	;	18,7446	;	30/06/2009
19,0032	;	19,0479	;	19,2444	;	18,9677	;	01/07/2009
18,7802	;	19,4493	;	19,5117	;	18,7802	;	02/07/2009
19,36	;	19,4493	;	19,5384	;	19,3333	;	03/07/2009
19,1638	;	19,5384	;	19,5384	;	19,0122	;	06/07/2009
19,3692	;	19,3424	;	19,4137	;	19,0924	;	07/07/2009
19,0656	;	18,7355	;	19,36	;	18,3521	;	08/07/2009
18,7355	;	18,7355	;	18,7355	;	18,7355	;	09/07/2009
18,7981	;	18,3789	;	18,9677	;	18,1734	;	10/07/2009
18,4859	;	18,3789	;	18,9677	;	18,0663	;	13/07/2009
18,5929	;	18,3789	;	18,5929	;	17,9416	;	14/07/2009
18,691	;	19,2174	;	19,4405	;	18,6729	;	15/07/2009
19,0924	;	19,2174	;	19,4672	;	18,9409	;	16/07/2009
19,1996	;	19,271	;	19,3333	;	19,0924	;	17/07/2009
19,36	;	19,5832	;	19,6546	;	19,2351	;	20/07/2009
19,717	;	19,8241	;	19,8686	;	19,5117	;	21/07/2009
19,5384	;	19,7527	;	20,1183	;	19,5384	;	22/07/2009
19,9042	;	20,2523	;	20,5109	;	19,7616	;	23/07/2009
20,163	;	20,6983	;	20,7875	;	20,1452	;	24/07/2009
20,6983	;	20,7875	;	20,868	;	20,3149	;	27/07/2009
20,4752	;	21,0107	;	21,0107	;	20,3862	;	28/07/2009
20,6539	;	20,6539	;	20,7075	;	20,2702	;	29/07/2009
20,9481	;	21,207	;	21,4745	;	20,9214	;	30/07/2009
21,1358	;	21,0909	;	21,4836	;	20,9481	;	31/07/2009
21,2248	;	21,4924	;	21,519	;	21,2157	;	03/08/2009
21,314	;	21,9206	;	21,9206	;	21,2783	;	04/08/2009
21,9206	;	22,6521	;	22,7504	;	21,8047	;	05/08/2009
22,5809	;	21,769	;	22,679	;	21,7511	;	06/08/2009
22,0098	;	21,8583	;	22,2686	;	21,8583	;	07/08/2009
21,9027	;	21,9477	;	21,9919	;	21,7155	;	10/08/2009
21,769	;	22,0366	;	22,0633	;	21,5548	;	11/08/2009
21,9383	;	22,1617	;	22,1883	;	21,769	;	12/08/2009
22,7504	;	22,6881	;	23,1964	;	22,3934	;	13/08/2009
22,8678	;	22,5713	;	22,8769	;	22,1938	;	14/08/2009
22,1218	;	21,9149	;	22,1488	;	21,8252	;	17/08/2009
21,7983	;	22,4274	;	22,5624	;	21,7983	;	18/08/2009
22,0769	;	22,7421	;	23,0116	;	22,023	;	19/08/2009
22,697	;	23,0477	;	23,1466	;	22,6071	;	20/08/2009
23,1736	;	23,0477	;	23,3353	;	22,8407	;	21/08/2009
23,0388	;	23,0566	;	23,3711	;	22,9127	;	24/08/2009
23,1644	;	23,2993	;	23,4162	;	23,0926	;	25/08/2009
23,2993	;	23,6409	;	23,6409	;	23,2186	;	26/08/2009
23,6499	;	23,8207	;	24,0812	;	23,0926	;	27/08/2009
23,9017	;	23,9286	;	24,18	;	23,7757	;	28/08/2009
23,6858	;	23,515	;	23,8028	;	23,515	;	31/08/2009
23,5332	;	23,1466	;	24,0456	;	23,1466	;	01/09/2009
23,2007	;	22,9307	;	23,578	;	22,9307	;	02/09/2009
23,0747	;	23,1736	;	23,1824	;	22,832	;	03/09/2009
23,3172	;	23,8654	;	24,0456	;	23,1824	;	04/09/2009
24,0007	;	24,2613	;	24,2613	;	24,0007	;	08/09/2009
24,2521	;	24,6656	;	24,7106	;	24,2521	;	09/09/2009
24,4948	;	24,8994	;	24,9982	;	24,3871	;	10/09/2009
24,9894	;	24,7825	;	25,3039	;	24,7825	;	11/09/2009
24,7375	;	25,3489	;	25,4297	;	24,7197	;	14/09/2009
25,3758	;	25,9241	;	25,9781	;	25,3758	;	15/09/2009
25,9781	;	26,2928	;	26,5625	;	25,9781	;	16/09/2009
26,2928	;	26,6074	;	27,3713	;	26,2028	;	17/09/2009
26,697	;	26,7961	;	26,8681	;	26,4815	;	18/09/2009
26,3917	;	26,5175	;	26,6881	;	26,2478	;	21/09/2009
26,7757	;	27,038	;	27,1918	;	26,6038	;	22/09/2009
27,0108	;	26,468	;	27,038	;	26,468	;	23/09/2009
26,5584	;	26,3231	;	26,9113	;	26,0701	;	24/09/2009
26,278	;	26,7033	;	26,7667	;	26,278	;	25/09/2009
26,7937	;	27,1374	;	27,2189	;	26,7033	;	28/09/2009
27,074	;	27,6531	;	27,6804	;	27,074	;	29/09/2009
27,8612	;	28,2501	;	29,037	;	27,7525	;	30/09/2009
28,0871	;	27,7255	;	28,5848	;	27,6804	;	01/10/2009
27,5172	;	27,4269	;	28,1144	;	27,1012	;	02/10/2009
27,7436	;	27,9065	;	27,9243	;	27,4269	;	05/10/2009
28,4942	;	27,5446	;	28,4942	;	27,1374	;	06/10/2009
27,5355	;	26,866	;	27,626	;	26,866	;	07/10/2009
27,2189	;	27,3636	;	27,445	;	27,1464	;	08/10/2009
27,3997	;	27,9337	;	27,9606	;	27,1737	;	09/10/2009
27,9337	;	27,9337	;	27,9337	;	27,9337	;	12/10/2009
27,9337	;	28,4038	;	28,4038	;	27,6804	;	13/10/2009
28,7926	;	29,3084	;	29,3084	;	28,6208	;	14/10/2009
28,9467	;	28,9918	;	29,2453	;	28,5485	;	15/10/2009
28,5304	;	28,2592	;	28,5485	;	28,0871	;	16/10/2009
28,268	;	28,3947	;	28,4942	;	27,9787	;	19/10/2009
27,5446	;	27,5264	;	27,8612	;	26,8028	;	20/10/2009
27,1825	;	27,5446	;	28,1325	;	27,1825	;	21/10/2009
27,8158	;	28,0871	;	28,3586	;	27,3997	;	22/10/2009
28,3495	;	27,4992	;	28,4399	;	27,3455	;	23/10/2009
27,608	;	27,2007	;	27,7255	;	27,038	;	26/10/2009
27,4721	;	26,3231	;	27,5535	;	26,3231	;	27/10/2009
26,3686	;	24,5143	;	26,5674	;	24,4417	;	28/10/2009
25,1474	;	26,3686	;	26,5494	;	24,8397	;	29/10/2009
26,685	;	25,5181	;	26,9022	;	25,0115	;	30/10/2009
25,5093	;	26,3052	;	26,5494	;	25,102	;	03/11/2009
26,6398	;	27,0923	;	27,1825	;	26,2689	;	04/11/2009
27,0469	;	27,0923	;	27,2732	;	26,685	;	05/11/2009
27,0652	;	26,8207	;	27,2007	;	26,4138	;	06/11/2009
27,2461	;	27,9514	;	27,9787	;	27,1825	;	09/11/2009
27,8973	;	28,2592	;	28,2592	;	27,6348	;	10/11/2009
28,2861	;	28,1505	;	28,7296	;	27,8339	;	11/11/2009
28,5757	;	28,1053	;	28,9467	;	28,0602	;	12/11/2009
28,4802	;	29,0613	;	29,0613	;	27,89	;	13/11/2009
29,0613	;	28,9709	;	29,116	;	28,7893	;	16/11/2009
28,8798	;	28,9709	;	29,0435	;	28,6256	;	17/11/2009
28,9525	;	28,0625	;	29,0613	;	28,0446	;	18/11/2009
27,8354	;	27,8354	;	28,0446	;	27,6176	;	19/11/2009
27,8354	;	27,8354	;	27,8354	;	27,8354	;	20/11/2009
28,2895	;	28,0446	;	28,4259	;	27,7901	;	23/11/2009
27,9446	;	27,9718	;	28,0988	;	27,2362	;	24/11/2009
27,89	;	27,9988	;	28,1079	;	27,8536	;	25/11/2009
27,554	;	27,4177	;	27,7629	;	27,1997	;	26/11/2009
27,2089	;	27,9535	;	27,9535	;	26,9909	;	27/11/2009
27,7447	;	28,0625	;	28,1805	;	27,3815	;	30/11/2009
28,1533	;	27,9082	;	28,326	;	27,9082	;	01/12/2009
28,1443	;	27,6085	;	28,2895	;	27,5812	;	02/12/2009
27,7901	;	27,6993	;	28,1443	;	27,663	;	03/12/2009
27,6812	;	27,5267	;	28,1079	;	27,4722	;	04/12/2009
27,654	;	28,2442	;	28,2805	;	27,5267	;	07/12/2009
27,9262	;	28,0625	;	28,117	;	27,6993	;	08/12/2009
28,0716	;	27,8536	;	28,4713	;	27,672	;	09/12/2009
28,0988	;	27,8717	;	28,1079	;	27,8446	;	10/12/2009
28,0625	;	27,9535	;	28,1988	;	27,8354	;	11/12/2009
28,1352	;	28,1533	;	28,2895	;	27,9262	;	14/12/2009
28,0898	;	28,1533	;	28,2895	;	27,9353	;	15/12/2009
28,2351	;	27,8354	;	28,4531	;	27,8354	;	16/12/2009
27,8354	;	26,7456	;	27,8446	;	26,6096	;	17/12/2009
26,9	;	26,882	;	27,1997	;	26,6276	;	18/12/2009
27,0816	;	26,5187	;	27,118	;	26,5095	;	21/12/2009
26,8809	;	26,4604	;	26,954	;	26,2866	;	22/12/2009
26,6157	;	26,5152	;	26,7894	;	26,2135	;	23/12/2009
26,7803	;	26,5152	;	26,7894	;	26,4148	;	28/12/2009
26,5518	;	26,4604	;	26,6888	;	26,3598	;	29/12/2009
26,3781	;	27,1458	;	27,1458	;	26,369	;	30/12/2009
27,2373	;	27,3287	;	27,4202	;	27,1458	;	04/01/2010
27,5114	;	27,0545	;	27,5114	;	26,6799	;	05/01/2010
26,954	;	27,0911	;	27,4202	;	26,8898	;	06/01/2010
26,9081	;	27,1	;	27,1549	;	26,8809	;	07/01/2010
27,1458	;	27,2555	;	27,2555	;	26,9356	;	08/01/2010
27,4019	;	27,4659	;	27,4839	;	27,0727	;	11/01/2010
27,2828	;	27,2373	;	27,8315	;	27,1641	;	12/01/2010
27,4202	;	27,5845	;	27,6758	;	26,963	;	13/01/2010
27,3653	;	27,1916	;	27,5024	;	27,0086	;	14/01/2010
27,1	;	26,7346	;	27,3743	;	26,5882	;	15/01/2010
26,963	;	26,7437	;	26,9994	;	26,7437	;	18/01/2010
26,6248	;	27,1916	;	27,2921	;	26,5335	;	19/01/2010
26,9721	;	26,3781	;	27,0727	;	25,4457	;	20/01/2010
26,506	;	25,9484	;	26,5335	;	25,4642	;	21/01/2010
25,5372	;	26,0857	;	26,2319	;	25,5372	;	22/01/2010
25,5922	;	25,3818	;	25,7747	;	25,144	;	26/01/2010
25,3269	;	25,1807	;	25,5922	;	24,8609	;	27/01/2010
25,5008	;	25,2263	;	25,5829	;	24,7966	;	28/01/2010
25,3269	;	25,6834	;	26,0125	;	25,2902	;	29/01/2010
25,9211	;	27,4202	;	27,4385	;	25,9119	;	01/02/2010
27,5752	;	27,9686	;	28,1055	;	27,2646	;	02/02/2010
27,621	;	27,2828	;	27,8771	;	27,1093	;	03/02/2010
27,0545	;	26,7803	;	27,0911	;	26,1406	;	04/02/2010
26,3781	;	25,5008	;	26,6888	;	24,9524	;	05/02/2010
25,3269	;	25,8204	;	25,9759	;	25,3269	;	08/02/2010
26,1406	;	27,1093	;	27,9686	;	26,1039	;	09/02/2010
27,4659	;	27,7856	;	27,7948	;	26,963	;	10/02/2010
27,5663	;	28,3523	;	28,4802	;	27,4202	;	11/02/2010
28,0507	;	27,8771	;	28,1237	;	27,3743	;	12/02/2010
28,2427	;	27,7675	;	28,4529	;	27,7675	;	17/02/2010
27,8132	;	28,0142	;	28,0782	;	27,6669	;	18/02/2010
27,7765	;	28,069	;	28,3157	;	27,5572	;	19/02/2010
28,1969	;	27,9686	;	28,2794	;	27,8771	;	22/02/2010
27,7034	;	27,5845	;	27,9227	;	27,4385	;	23/02/2010
27,5207	;	27,8315	;	27,8315	;	27,3743	;	24/02/2010
27,7142	;	27,8534	;	28,002	;	27,5007	;	25/02/2010
28,0957	;	28,0768	;	28,2843	;	27,5958	;	26/02/2010
28,1899	;	28,2939	;	28,3597	;	27,9165	;	01/03/2010
28,3314	;	27,9448	;	28,473	;	27,9448	;	02/03/2010
28,0203	;	27,7466	;	28,2466	;	27,5864	;	03/03/2010
27,8882	;	27,7279	;	27,9165	;	27,4449	;	04/03/2010
28,0106	;	28,1051	;	28,1994	;	27,8505	;	05/03/2010
28,2373	;	27,7089	;	28,2655	;	27,7089	;	08/03/2010
27,6241	;	28,1994	;	28,3597	;	27,6052	;	09/03/2010
28,2939	;	28,4824	;	28,5483	;	28,2466	;	10/03/2010
28,2939	;	28,4447	;	28,6238	;	28,1616	;	11/03/2010
28,6993	;	28,1994	;	28,7464	;	28,1994	;	12/03/2010
28,1522	;	28,3031	;	28,4447	;	28,0674	;	15/03/2010
28,3031	;	28,5295	;	28,6427	;	28,2843	;	16/03/2010
28,6711	;	28,3785	;	28,8314	;	28,1712	;	17/03/2010
28,2748	;	28,1428	;	28,3881	;	27,9165	;	18/03/2010
28,1145	;	27,8221	;	28,2373	;	27,7185	;	19/03/2010
27,7089	;	27,9448	;	28,2748	;	27,5581	;	22/03/2010
28,0106	;	27,8221	;	28,058	;	27,7089	;	23/03/2010
27,5486	;	27,8143	;	28,0297	;	27,5486	;	24/03/2010
28,0802	;	27,9188	;	28,2321	;	27,8333	;	25/03/2010
27,8998	;	28,0611	;	28,2702	;	27,8712	;	26/03/2010
28,1656	;	28,2511	;	28,3936	;	28,1087	;	29/03/2010
28,346	;	28,2132	;	28,4125	;	28,1752	;	30/03/2010
27,9757	;	28,346	;	28,346	;	27,9757	;	31/03/2010
28,3556	;	28,2986	;	28,5644	;	28,0137	;	01/04/2010
28,3936	;	28,4886	;	28,574	;	28,289	;	05/04/2010
28,2606	;	28,5266	;	28,5835	;	28,2606	;	06/04/2010
28,3556	;	28,4789	;	28,669	;	28,2416	;	07/04/2010
28,2416	;	29,2198	;	29,3051	;	28,2132	;	08/04/2010
29,2578	;	29,4381	;	29,5332	;	28,9824	;	09/04/2010
29,3432	;	29,5332	;	29,7231	;	29,324	;	12/04/2010
29,5332	;	29,2957	;	29,6186	;	29,0679	;	13/04/2010
28,8684	;	29,0107	;	29,1343	;	28,441	;	14/04/2010
28,7354	;	29,3432	;	29,4191	;	28,7354	;	15/04/2010
29,0679	;	28,9633	;	29,3432	;	28,8208	;	16/04/2010
28,9443	;	28,631	;	29,1532	;	28,4789	;	19/04/2010
28,7354	;	28,4315	;	28,8684	;	28,3082	;	20/04/2010
28,2511	;	28,1752	;	28,2797	;	27,8237	;	22/04/2010
28,0328	;	28,346	;	28,4219	;	27,9091	;	23/04/2010
28,4789	;	28,3175	;	28,6215	;	28,1467	;	26/04/2010
28,1562	;	27,3964	;	28,3082	;	27,3489	;	27/04/2010
27,7573	;	27,9569	;	28,0043	;	27,4344	;	28/04/2010
27,9376	;	28,4886	;	28,6215	;	27,8618	;	29/04/2010
28,3651	;	28,4789	;	28,8684	;	28,1182	;	30/04/2010
28,2511	;	28,0231	;	28,5075	;	28,0231	;	03/05/2010
27,8712	;	26,6463	;	27,9283	;	26,5987	;	04/05/2010
26,5894	;	26,8076	;	27,3299	;	26,3994	;	05/05/2010
26,7696	;	26,3994	;	26,9693	;	25,5352	;	06/05/2010
26,5038	;	26,2285	;	26,5894	;	25,051	;	07/05/2010
27,0927	;	27,0641	;	27,4439	;	26,8455	;	10/05/2010
26,6747	;	26,4942	;	27,0547	;	26,4469	;	11/05/2010
26,6841	;	26,4563	;	26,7982	;	26,257	;	12/05/2010
26,7508	;	26,1241	;	26,8551	;	26,1241	;	13/05/2010
26,0575	;	25,3073	;	26,105	;	25,3073	;	14/05/2010
25,3167	;	25,8296	;	25,8296	;	25,0698	;	17/05/2010
26,1146	;	25,5352	;	26,3424	;	25,222	;	18/05/2010
25,2313	;	24,652	;	25,3073	;	24,1202	;	19/05/2010
24,2153	;	24,0253	;	24,3671	;	23,7593	;	20/05/2010
23,9304	;	24,861	;	24,88	;	23,788	;	21/05/2010
24,8638	;	24,6387	;	25,1409	;	24,424	;	24/05/2010
24,0894	;	24,5905	;	24,5905	;	23,8195	;	25/05/2010
24,812	;	24,8602	;	25,4096	;	24,3592	;	26/05/2010
25,1011	;	25,4865	;	25,7949	;	25,053	;	27/05/2010
25,3903	;	24,947	;	25,3999	;	24,7544	;	28/05/2010
25,053	;	25,0338	;	25,1686	;	24,8892	;	31/05/2010
24,764	;	24,735	;	25,6696	;	24,6772	;	01/06/2010
24,812	;	25,7371	;	26,0551	;	24,812	;	02/06/2010
25,5251	;	25,8528	;	25,9202	;	25,2264	;	04/06/2010
25,9202	;	25,4385	;	26,1419	;	25,2553	;	07/06/2010
25,5829	;	25,5829	;	25,8528	;	25,3613	;	08/06/2010
25,7275	;	25,2939	;	25,8432	;	25,2071	;	09/06/2010
25,3903	;	25,7852	;	25,9299	;	25,3903	;	10/06/2010
25,5829	;	25,9202	;	26,0357	;	25,4385	;	11/06/2010
26,1129	;	26,4983	;	26,6332	;	25,9299	;	14/06/2010
26,4983	;	26,2286	;	26,6332	;	26,1033	;	15/06/2010
26,0551	;	26,3924	;	26,7103	;	26,0165	;	16/06/2010
26,4888	;	26,2479	;	26,7199	;	26,2381	;	17/06/2010
26,2958	;	26,2286	;	26,4983	;	26,0743	;	18/06/2010
26,4116	;	27,1631	;	27,2307	;	26,4116	;	21/06/2010
27,0958	;	27,221	;	27,7028	;	27,0283	;	22/06/2010
27,1728	;	26,7006	;	27,4137	;	26,4502	;	23/06/2010
26,6526	;	26,3731	;	26,9993	;	26,084	;	24/06/2010
26,2958	;	26,1129	;	26,6622	;	26,0647	;	25/06/2010
26,1997	;	25,631	;	26,3056	;	25,631	;	28/06/2010
25,1494	;	24,5711	;	25,2939	;	24,4749	;	29/06/2010
24,764	;	23,7522	;	25,1494	;	23,7039	;	30/06/2010
24,812	;	25,2071	;	25,7371	;	24,3977	;	01/07/2010
25,0433	;	25,5347	;	25,8142	;	24,812	;	02/07/2010
25,3421	;	25,3421	;	25,7756	;	25,1975	;	05/07/2010
25,766	;	25,9685	;	25,9685	;	25,5347	;	06/07/2010
25,8913	;	26,7393	;	26,9222	;	25,6794	;	07/07/2010
26,5946	;	26,6815	;	27,1245	;	26,4502	;	08/07/2010
26,4502	;	26,7779	;	27,327	;	26,4502	;	12/07/2010
26,8836	;	27,404	;	27,6162	;	26,8451	;	13/07/2010
27,3656	;	27,2595	;	27,5005	;	26,7683	;	14/07/2010
27,1728	;	27,6835	;	27,6835	;	26,8934	;	15/07/2010
27,5582	;	26,8934	;	27,6451	;	26,537	;	16/07/2010
26,9897	;	27,1728	;	27,2692	;	26,7683	;	19/07/2010
26,9126	;	27,0765	;	27,327	;	26,7393	;	20/07/2010
27,1245	;	27,2307	;	27,3753	;	26,9993	;	21/07/2010
27,4619	;	28,0209	;	28,2328	;	27,3656	;	22/07/2010
27,9438	;	28,4062	;	28,4062	;	27,7991	;	23/07/2010
28,0882	;	27,9919	;	28,541	;	27,7219	;	26/07/2010
28,2231	;	27,6548	;	28,2809	;	27,433	;	27/07/2010
27,7799	;	28,8109	;	28,8109	;	27,404	;	28/07/2010
28,7532	;	28,8109	;	29,1	;	28,4834	;	29/07/2010
28,6182	;	29,4276	;	29,601	;	28,3387	;	30/07/2010
29,389	;	29,3505	;	29,842	;	29,2446	;	02/08/2010
29,1	;	28,5219	;	29,3216	;	28,5219	;	03/08/2010
28,6278	;	28,2328	;	28,7532	;	28,1364	;	04/08/2010
28,0978	;	28,9073	;	28,9073	;	27,9725	;	05/08/2010
28,7146	;	29,2349	;	29,2349	;	28,5796	;	06/08/2010
29,1481	;	29,5818	;	29,9672	;	29,1481	;	09/08/2010
29,2927	;	29,2059	;	29,5432	;	29,0712	;	10/08/2010
28,8205	;	28,6182	;	28,9844	;	28,4255	;	11/08/2010
28,4255	;	29,2446	;	29,2446	;	28,1846	;	12/08/2010
29,0422	;	29,3313	;	29,5722	;	29,0036	;	13/08/2010
29,5625	;	29,1964	;	29,8708	;	28,9844	;	16/08/2010
29,312	;	29,0518	;	29,312	;	28,8494	;	17/08/2010
29,0229	;	28,8302	;	29,0326	;	28,6664	;	18/08/2010
28,617	;	28,326	;	29,0535	;	28,2484	;	19/08/2010
28,1512	;	28,7432	;	28,8109	;	28,1512	;	20/08/2010
28,7236	;	28,5199	;	28,8013	;	28,3453	;	23/08/2010
28,1901	;	28,1222	;	28,2677	;	27,7051	;	24/08/2010
27,8893	;	28,1222	;	28,1804	;	27,7341	;	25/08/2010
28,1804	;	27,3559	;	28,1997	;	27,1521	;	26/08/2010
27,3074	;	27,4043	;	27,4043	;	26,9679	;	27/08/2010
27,5499	;	26,8611	;	27,5499	;	26,5992	;	30/08/2010
26,8611	;	27,6276	;	27,6276	;	26,7933	;	31/08/2010
27,7439	;	28,5685	;	28,5685	;	27,6467	;	01/09/2010
28,5199	;	28,0835	;	28,5296	;	27,9475	;	02/09/2010
28,355	;	27,6371	;	28,3938	;	27,511	;	03/09/2010
27,6082	;	27,3849	;	27,6954	;	27,2298	;	06/09/2010
27,3559	;	27,414	;	27,6082	;	27,1618	;	08/09/2010
27,5984	;	27,4237	;	27,6276	;	27,3462	;	09/09/2010
27,3462	;	27,1618	;	27,5402	;	27,0745	;	10/09/2010
27,5499	;	28,132	;	28,1415	;	27,3171	;	13/09/2010
28,132	;	28,4715	;	28,6267	;	28,0447	;	14/09/2010
28,326	;	28,7236	;	28,7722	;	28,2774	;	15/09/2010
28,5006	;	28,617	;	28,714	;	28,3938	;	16/09/2010
28,5394	;	28,2871	;	28,5878	;	28,1707	;	17/09/2010
28,2871	;	28,8981	;	28,8981	;	28,2871	;	20/09/2010
28,8206	;	29,1019	;	29,1019	;	28,6654	;	21/09/2010
28,9177	;	29,4901	;	29,5095	;	28,9177	;	22/09/2010
29,388	;	30,258	;	30,4926	;	29,388	;	23/09/2010
30,1701	;	29,6225	;	30,5709	;	29,5346	;	24/09/2010
29,7692	;	30,2091	;	30,4047	;	29,3195	;	27/09/2010
30,3558	;	30,3069	;	30,5317	;	29,867	;	28/09/2010
30,2775	;	30,8739	;	31,0206	;	30,2189	;	29/09/2010
30,8935	;	31,4116	;	31,4116	;	30,649	;	30/09/2010
31,4801	;	31,9884	;	32,0667	;	31,1672	;	01/10/2010
31,7734	;	32,1547	;	32,3111	;	31,6658	;	04/10/2010
32,0861	;	32,4283	;	32,5554	;	32,0177	;	05/10/2010
32,2035	;	32,3111	;	32,4088	;	31,92	;	06/10/2010
32,1645	;	31,8809	;	32,3111	;	31,6854	;	07/10/2010
31,6951	;	32,5066	;	32,7021	;	31,6951	;	08/10/2010
32,5066	;	32,6532	;	32,7999	;	32,047	;	11/10/2010
32,8488	;	34,0709	;	34,1978	;	32,8194	;	13/10/2010
33,9144	;	33,5625	;	34,1197	;	32,9662	;	14/10/2010
33,3866	;	34,0218	;	34,0218	;	33,1224	;	15/10/2010
33,7287	;	33,7287	;	33,8067	;	33,3571	;	18/10/2010
33,0638	;	33,1518	;	33,5722	;	32,5751	;	19/10/2010
33,0443	;	33,6308	;	33,7091	;	32,8585	;	20/10/2010
33,4451	;	32,7705	;	34,012	;	32,5946	;	21/10/2010
33,0149	;	32,8194	;	33,0638	;	32,6433	;	22/10/2010
32,9856	;	32,9954	;	33,2397	;	32,7119	;	25/10/2010
32,6727	;	33,3375	;	33,5526	;	32,5848	;	26/10/2010
33,2397	;	33,0932	;	33,2495	;	32,6825	;	27/10/2010
33,1616	;	32,6043	;	33,3767	;	32,6043	;	28/10/2010
32,6532	;	32,36	;	32,9172	;	32,0764	;	29/10/2010
32,4968	;	32,927	;	33,3669	;	32,3893	;	01/11/2010
33,2397	;	33,3474	;	33,8264	;	33,1518	;	03/11/2010
33,4842	;	34,1978	;	34,1978	;	33,4842	;	04/11/2010
33,5429	;	34,0512	;	34,061	;	33,5429	;	05/11/2010
33,5526	;	33,8947	;	33,8947	;	33,4354	;	08/11/2010
33,6308	;	33,0835	;	33,7776	;	32,9759	;	09/11/2010
32,9172	;	33,0541	;	33,4842	;	32,7999	;	10/11/2010
32,8585	;	32,9662	;	33,0247	;	32,4381	;	11/11/2010
32,6532	;	33,0932	;	33,4158	;	32,4968	;	12/11/2010
33,3474	;	33,1421	;	33,6602	;	32,6727	;	16/11/2010
33,0051	;	33,0443	;	33,5234	;	32,7999	;	17/11/2010
33,3571	;	33,4745	;	33,6993	;	33,2495	;	18/11/2010
33,1715	;	33,5332	;	33,5332	;	32,7999	;	19/11/2010
33,2397	;	33,0443	;	33,3083	;	32,5848	;	22/11/2010
32,5436	;	31,6896	;	32,6417	;	31,2772	;	23/11/2010
32,0528	;	32,1215	;	32,5633	;	31,9251	;	24/11/2010
32,2393	;	32,2982	;	32,6026	;	31,9153	;	25/11/2010
31,9546	;	32,308	;	32,6124	;	31,8073	;	26/11/2010
32,0528	;	32,5633	;	32,6417	;	31,9546	;	29/11/2010
32,308	;	32,2982	;	32,3964	;	31,8663	;	30/11/2010
32,5534	;	33,1523	;	33,2897	;	32,3964	;	01/12/2010
33,2799	;	32,8774	;	33,6137	;	32,8774	;	02/12/2010
32,4945	;	32,0037	;	32,5436	;	31,827	;	03/12/2010
32,0037	;	31,3655	;	32,043	;	31,3655	;	06/12/2010
31,6503	;	31,2969	;	31,8859	;	31,2969	;	07/12/2010
31,2674	;	30,8354	;	31,4146	;	30,6292	;	08/12/2010
30,8747	;	30,4329	;	31,0711	;	29,9912	;	09/12/2010
30,5409	;	30,2857	;	30,6882	;	29,6966	;	10/12/2010
30,4427	;	30,6097	;	30,806	;	29,9715	;	13/12/2010
30,5409	;	30,5901	;	30,7471	;	30,3151	;	14/12/2010
30,3839	;	30,482	;	30,6292	;	30,2464	;	15/12/2010
30,4918	;	30,1875	;	30,7766	;	30,0403	;	16/12/2010
29,9912	;	30,0599	;	30,3839	;	29,8145	;	17/12/2010
30,1188	;	29,5004	;	30,1581	;	29,4611	;	20/12/2010
29,7064	;	29,9912	;	30,266	;	29,5494	;	21/12/2010
29,9421	;	30,3348	;	30,3544	;	29,7163	;	22/12/2010
30,3642	;	30,7105	;	31,0271	;	30,2257	;	23/12/2010
30,572	;	30,5225	;	30,7204	;	30,285	;	27/12/2010
30,5126	;	30,4631	;	30,6115	;	29,9783	;	28/12/2010
30,4235	;	30,6709	;	30,8688	;	30,2257	;	29/12/2010
30,8292	;	31,0864	;	31,0864	;	30,6016	;	30/12/2010
31,1656	;	31,0666	;	31,4624	;	31,0469	;	03/01/2011
31,1656	;	31,1953	;	31,4525	;	30,8094	;	04/01/2011
31,0666	;	31,6405	;	31,7493	;	30,9875	;	05/01/2011
31,5119	;	31,3635	;	31,7988	;	31,1557	;	06/01/2011
31,2151	;	30,6214	;	31,3536	;	30,384	;	07/01/2011
30,2949	;	30,6709	;	30,6709	;	30,0971	;	10/01/2011
30,8688	;	31,037	;	31,1359	;	30,7995	;	11/01/2011
31,314	;	31,5811	;	31,6504	;	31,2348	;	12/01/2011
31,6603	;	31,2645	;	31,6603	;	31,1656	;	13/01/2011
31,0864	;	31,4327	;	31,4327	;	30,849	;	14/01/2011
31,1953	;	31,0666	;	31,2645	;	30,8193	;	17/01/2011
31,2348	;	31,2151	;	31,2546	;	30,9083	;	18/01/2011
31,1656	;	30,7698	;	31,3338	;	30,5819	;	19/01/2011
30,5027	;	30,5621	;	30,5621	;	30,1267	;	20/01/2011
30,473	;	30,4235	;	30,7599	;	30,3147	;	21/01/2011
30,4532	;	30,7006	;	30,8094	;	30,4334	;	24/01/2011
30,661	;	30,6709	;	31,126	;	30,5225	;	26/01/2011
30,7896	;	30,6709	;	30,9083	;	29,8596	;	27/01/2011
30,6709	;	30,0377	;	30,7402	;	29,2957	;	28/01/2011
30,1663	;	29,4441	;	30,2949	;	29,3748	;	31/01/2011
29,6518	;	29,5826	;	29,9981	;	29,454	;	01/02/2011
29,6815	;	29,266	;	29,919	;	29,2264	;	02/02/2011
29,355	;	28,9494	;	29,4243	;	28,9494	;	03/02/2011
28,89	;	27,8017	;	29,0384	;	27,7324	;	04/02/2011
28,049	;	27,9798	;	28,0985	;	27,7027	;	07/02/2011
27,9402	;	28,4943	;	29,1868	;	27,9006	;	08/02/2011
28,4349	;	27,7819	;	28,5932	;	27,6335	;	09/02/2011
27,8314	;	27,9402	;	28,1974	;	27,7522	;	10/02/2011
27,96	;	29,266	;	29,3748	;	27,8512	;	11/02/2011
29,0582	;	29,454	;	29,5826	;	28,9296	;	14/02/2011
29,2858	;	30,0773	;	30,2751	;	28,9692	;	15/02/2011
30,1762	;	31,0963	;	31,2645	;	30,0476	;	16/02/2011
31,4624	;	30,8985	;	31,6603	;	30,572	;	17/02/2011
30,6709	;	30,8094	;	30,8886	;	30,3741	;	18/02/2011
30,6709	;	30,3345	;	30,7599	;	30,2257	;	21/02/2011
30,11	;	29,35	;	30,25	;	29,12	;	22/02/2011
29,33	;	29,4	;	29,5	;	28,77	;	23/02/2011
29,7	;	29,3	;	29,95	;	29,09	;	24/02/2011
29,59	;	29,17	;	29,74	;	28,74	;	25/02/2011
29,25	;	29,75	;	29,8	;	29,02	;	28/02/2011
29,81	;	28,95	;	29,9	;	28,91	;	01/03/2011
28,95	;	29,18	;	29,79	;	28,8	;	02/03/2011
29,4	;	29,54	;	29,75	;	29,28	;	03/03/2011
29,34	;	29,62	;	29,82	;	29,32	;	04/03/2011
29,39	;	28,85	;	29,39	;	28,72	;	09/03/2011
28,51	;	28,01	;	28,55	;	27,8	;	10/03/2011
28	;	28,18	;	28,36	;	27,75	;	11/03/2011
