23,5161	;	23,8851	;	23,9737	;	23,5161	;	03/01/2008
24,0623	;	23,1766	;	24,1509	;	23,0732	;	04/01/2008
23,0613	;	22,0546	;	23,4422	;	22,0546	;	07/01/2008
22,5565	;	22,837	;	23,209	;	22,5565	;	08/01/2008
22,7012	;	23,5397	;	23,5397	;	22,3794	;	09/01/2008
23,6194	;	23,0289	;	23,6194	;	22,8223	;	10/01/2008
22,7012	;	22,4592	;	23,8851	;	22,4592	;	11/01/2008
22,7337	;	23,7375	;	23,7877	;	22,6422	;	14/01/2008
23,4718	;	23,3271	;	23,8526	;	23,1589	;	15/01/2008
22,7514	;	23,457	;	23,4689	;	22,651	;	16/01/2008
23,5013	;	22,3204	;	23,7671	;	22,3204	;	17/01/2008
22,7927	;	23,8556	;	23,8556	;	22,468	;	18/01/2008
22,1432	;	21,907	;	22,716	;	21,5852	;	21/01/2008
21,7446	;	22,4385	;	22,8518	;	21,5704	;	22/01/2008
22,2319	;	20,9918	;	22,2319	;	20,7055	;	23/01/2008
22,0191	;	22,4385	;	22,6687	;	21,5527	;	24/01/2008
21,845	;	22,8813	;	23,0113	;	21,7594	;	28/01/2008
23,15	;	23,8112	;	24,1096	;	23,0319	;	29/01/2008
23,6194	;	24,3575	;	24,3575	;	23,4128	;	30/01/2008
24,0535	;	24,3575	;	24,3575	;	23,4098	;	31/01/2008
24,6232	;	25,9666	;	25,9962	;	24,6232	;	01/02/2008
25,0956	;	26,2471	;	27,3749	;	24,9923	;	06/02/2008
25,9371	;	27,3985	;	27,7381	;	25,7953	;	07/02/2008
27,4015	;	27,1475	;	28,0185	;	26,7608	;	08/02/2008
27,3099	;	27,2509	;	27,4871	;	26,318	;	11/02/2008
27,5756	;	27,6052	;	27,7528	;	27,1919	;	12/02/2008
27,6082	;	27,679	;	27,8709	;	27,2361	;	13/02/2008
27,7381	;	27,2804	;	27,8414	;	27,0767	;	14/02/2008
27,1032	;	27,5756	;	27,5756	;	26,87	;	15/02/2008
28,048	;	27,4723	;	28,4909	;	27,4723	;	18/02/2008
27,8709	;	27,5461	;	28,048	;	27,4871	;	19/02/2008
27,4575	;	28,9484	;	28,9632	;	27,2361	;	20/02/2008
29,5242	;	30,5518	;	30,8233	;	29,4535	;	21/02/2008
30,7052	;	30,9149	;	31,2958	;	30,0409	;	22/02/2008
30,6905	;	31,1481	;	31,1481	;	30,3096	;	25/02/2008
30,6315	;	30,9562	;	31,1481	;	30,2505	;	26/02/2008
30,6137	;	30,0262	;	30,9356	;	29,5833	;	27/02/2008
29,964	;	29,725	;	29,964	;	29,2881	;	28/02/2008
29,3825	;	28,9338	;	29,5213	;	28,9338	;	29/02/2008
29,0725	;	30,41	;	30,469	;	28,8748	;	03/03/2008
30,3774	;	30,7495	;	30,9768	;	29,8491	;	04/03/2008
30,7968	;	30,5577	;	31,1481	;	30,54	;	05/03/2008
30,41	;	30,1768	;	30,7495	;	30,1354	;	06/03/2008
30,0852	;	29,6128	;	30,0852	;	29,3175	;	07/03/2008
29,6867	;	28,1218	;	29,8934	;	28,1218	;	10/03/2008
29,229	;	29,6424	;	29,6424	;	29,0815	;	11/03/2008
29,8491	;	30,2624	;	30,4985	;	29,5657	;	12/03/2008
29,5242	;	30,5871	;	30,5871	;	29,0518	;	13/03/2008
30,6167	;	31,0005	;	31,0891	;	29,79	;	14/03/2008
29,9375	;	29,7605	;	30,0262	;	29,4239	;	17/03/2008
30,41	;	30,9384	;	30,9384	;	29,7014	;	18/03/2008
30,7644	;	30,1117	;	31,3253	;	29,8639	;	19/03/2008
29,6719	;	29,5538	;	29,9613	;	28,2282	;	20/03/2008
29,8048	;	29,0815	;	30,0852	;	28,7271	;	24/03/2008
30,0527	;	30,2181	;	30,2624	;	29,4504	;	25/03/2008
30,3835	;	29,9524	;	30,3835	;	29,5862	;	26/03/2008
30,5466	;	29,7688	;	30,5466	;	29,3904	;	27/03/2008
29,7956	;	29,742	;	29,8315	;	29,5125	;	28/03/2008
29,742	;	29,3248	;	29,8016	;	29,152	;	31/03/2008
29,7123	;	30,4722	;	30,4931	;	29,4083	;	01/04/2008
30,4751	;	30,5288	;	30,9937	;	30,1741	;	02/04/2008
30,3975	;	31,2471	;	31,2916	;	29,9208	;	03/04/2008
31,1873	;	32,1559	;	32,3883	;	30,7553	;	04/04/2008
32,4837	;	31,9026	;	32,8712	;	31,4406	;	07/04/2008
31,7387	;	32,4241	;	32,5135	;	31,4108	;	08/04/2008
32,3347	;	31,8639	;	32,6923	;	31,7686	;	09/04/2008
31,8281	;	31,9444	;	31,9444	;	31,0413	;	10/04/2008
31,2947	;	31,2916	;	31,6761	;	31,1754	;	11/04/2008
31,092	;	30,782	;	31,3364	;	30,6063	;	14/04/2008
30,9191	;	31,5092	;	31,5092	;	30,9043	;	15/04/2008
32,6328	;	33,5268	;	33,5268	;	32,3408	;	16/04/2008
33,0799	;	32,4688	;	33,3748	;	32,4241	;	17/04/2008
33,1095	;	32,1263	;	33,199	;	31,7417	;	18/04/2008
32,5314	;	33,0799	;	33,1692	;	32,141	;	22/04/2008
33,056	;	33,1959	;	33,2854	;	32,752	;	23/04/2008
33,1364	;	33,3779	;	33,3807	;	32,6178	;	24/04/2008
33,1484	;	33,9591	;	33,9591	;	33,1394	;	25/04/2008
33,9591	;	34,3912	;	34,3912	;	33,9591	;	28/04/2008
34,3881	;	32,8861	;	34,3881	;	32,746	;	29/04/2008
33,5268	;	36,2805	;	36,2805	;	33,3702	;	30/04/2008
37,4159	;	35,9407	;	38,1312	;	35,6948	;	02/05/2008
36,2089	;	36,0302	;	36,799	;	35,6994	;	05/05/2008
36,0749	;	36,9913	;	37,0135	;	35,896	;	06/05/2008
37,1075	;	36,9019	;	37,93	;	36,8393	;	07/05/2008
37,0761	;	37,5277	;	37,9478	;	37,0761	;	08/05/2008
37,2817	;	38,3994	;	38,4217	;	37,0761	;	09/05/2008
38,681	;	39,0475	;	39,0475	;	38,0507	;	12/05/2008
39,1593	;	38,8912	;	39,4722	;	37,6349	;	13/05/2008
39,0252	;	38,8955	;	39,3382	;	38,8955	;	14/05/2008
39,0252	;	40,0086	;	40,2099	;	39,0252	;	15/05/2008
40,6702	;	41,6626	;	41,7253	;	40,5898	;	16/05/2008
41,7521	;	42,2884	;	42,8249	;	41,3989	;	19/05/2008
41,7923	;	41,2335	;	41,7923	;	40,6926	;	20/05/2008
41,2514	;	39,6957	;	41,2558	;	39,5214	;	21/05/2008
39,5124	;	39,6509	;	40,4512	;	39,3426	;	23/05/2008
39,7181	;	39,8968	;	40,5898	;	39,7181	;	26/05/2008
39,2935	;	39,1147	;	39,4275	;	38,5112	;	27/05/2008
39,5616	;	40,0086	;	40,0086	;	38,7704	;	28/05/2008
40,1651	;	39,11	;	40,2321	;	38,8419	;	29/05/2008
39,736	;	39,1147	;	39,8343	;	38,0239	;	30/05/2008
38,6676	;	38,8912	;	39,2711	;	38,4441	;	02/06/2008
39,0028	;	38,4441	;	39,2711	;	37,854	;	03/06/2008
38,2205	;	36,9465	;	38,2205	;	36,8839	;	04/06/2008
37,55	;	38,4217	;	38,7569	;	37,55	;	05/06/2008
38,4217	;	38,7794	;	39,2711	;	37,5947	;	06/06/2008
39,0699	;	38,4887	;	39,4633	;	37,9478	;	09/06/2008
37,5947	;	37,7735	;	37,997	;	37,1075	;	10/06/2008
37,863	;	37,2817	;	38,2205	;	36,7052	;	11/06/2008
37,4159	;	37,55	;	38,1714	;	36,8347	;	12/06/2008
37,5947	;	37,2505	;	37,9881	;	36,8527	;	13/06/2008
37,3712	;	36,969	;	37,8003	;	36,8884	;	16/06/2008
37,4382	;	38,8464	;	38,9805	;	37,4382	;	17/06/2008
38,6676	;	37,7735	;	39,0699	;	37,7735	;	18/06/2008
37,997	;	38,1312	;	38,3547	;	37,7646	;	19/06/2008
37,997	;	36,1061	;	38,301	;	36,1061	;	20/06/2008
36,656	;	35,0153	;	37,0806	;	34,8678	;	23/06/2008
34,8678	;	34,4253	;	35,1764	;	34,1884	;	24/06/2008
34,7785	;	36,2536	;	36,4324	;	34,6443	;	25/06/2008
35,5385	;	35,3595	;	35,7173	;	35,0691	;	26/06/2008
35,4088	;	35,6278	;	35,8066	;	35,1853	;	27/06/2008
35,6725	;	35,3149	;	36,1195	;	35,2479	;	30/06/2008
34,394	;	33,7056	;	34,8454	;	33,4867	;	01/07/2008
34,1973	;	32,141	;	34,3091	;	31,5688	;	02/07/2008
32,0964	;	30,487	;	32,5433	;	30,3217	;	03/07/2008
30,2188	;	29,9506	;	30,3975	;	29,5036	;	04/07/2008
30,7553	;	31,2916	;	31,8281	;	30,2188	;	07/07/2008
31,0592	;	31,1397	;	31,4571	;	29,7718	;	08/07/2008
30,8447	;	32,8607	;	32,8607	;	30,0401	;	10/07/2008
32,4093	;	33,0307	;	33,7725	;	32,1858	;	11/07/2008
33,9291	;	33,0799	;	34,1973	;	33,0351	;	14/07/2008
32,4093	;	32,8831	;	33,2452	;	31,5197	;	15/07/2008
32,6328	;	33,5715	;	33,795	;	32,5746	;	16/07/2008
33,9738	;	32,0918	;	33,9738	;	31,6538	;	17/07/2008
32,2975	;	31,7298	;	32,7669	;	31,4258	;	18/07/2008
32,1007	;	32,7221	;	32,7221	;	32,0069	;	21/07/2008
32,2751	;	31,5823	;	32,6059	;	31,0681	;	22/07/2008
31,7432	;	31,171	;	32,0515	;	30,6213	;	23/07/2008
31,0234	;	29,0789	;	31,171	;	29,0789	;	24/07/2008
28,9672	;	27,9614	;	28,9672	;	27,8273	;	25/07/2008
28,4755	;	28,1402	;	28,7794	;	27,9704	;	28/07/2008
28,7214	;	29,1907	;	29,298	;	28,5469	;	29/07/2008
29,9997	;	31,6493	;	31,7387	;	29,9997	;	30/07/2008
31,5062	;	30,8447	;	31,9667	;	30,3127	;	31/07/2008
30,5094	;	29,1683	;	30,8224	;	29,1504	;	01/08/2008
28,8733	;	27,2237	;	28,8733	;	27,1879	;	04/08/2008
27,72	;	27,4919	;	28,1178	;	26,8215	;	05/08/2008
28,4307	;	27,3579	;	28,471	;	27,2685	;	06/08/2008
27,3132	;	27,3355	;	27,9389	;	26,8258	;	07/08/2008
26,9556	;	26,8616	;	27,4027	;	26,5309	;	08/08/2008
27,1835	;	25,7709	;	27,2641	;	25,525	;	11/08/2008
25,6145	;	24,9888	;	25,7888	;	24,8993	;	12/08/2008
24,8098	;	25,1719	;	25,4535	;	24,5908	;	13/08/2008
25,6592	;	25,0333	;	26,0123	;	24,7249	;	14/08/2008
24,8769	;	24,0946	;	24,944	;	23,7414	;	15/08/2008
24,1839	;	23,5582	;	24,6758	;	23,2944	;	18/08/2008
23,0128	;	23,5314	;	24,2287	;	22,825	;	19/08/2008
24,3047	;	25,0787	;	25,1585	;	24,0544	;	20/08/2008
25,407	;	25,9316	;	25,9955	;	24,9737	;	21/08/2008
25,7948	;	25,5439	;	26,3695	;	25,0924	;	22/08/2008
25,5439	;	25,0878	;	25,5895	;	24,8415	;	25/08/2008
25,0376	;	24,7	;	25,4481	;	24,4035	;	26/08/2008
25,179	;	25,3158	;	25,4801	;	24,7138	;	27/08/2008
25,9545	;	25,7674	;	26,114	;	25,4527	;	28/08/2008
26,0229	;	26,0913	;	26,5246	;	25,7674	;	29/08/2008
25,9999	;	25,9545	;	26,1598	;	25,5439	;	01/09/2008
25,1334	;	24,3123	;	25,594	;	24,2667	;	02/09/2008
24,4309	;	23,3452	;	24,6316	;	23,0123	;	03/09/2008
23,2403	;	22,0087	;	23,4	;	21,8035	;	04/09/2008
21,3017	;	21,8948	;	22,0955	;	21,1056	;	05/09/2008
22,7888	;	21,5754	;	22,8983	;	21,3246	;	08/09/2008
21,1513	;	19,7053	;	21,5754	;	19,6141	;	09/09/2008
19,9334	;	20,1159	;	20,4808	;	18,9983	;	10/09/2008
19,3861	;	20,3484	;	20,7864	;	19,3404	;	11/09/2008
20,394	;	20,9825	;	21,1194	;	20,0701	;	12/09/2008
19,8422	;	19,4818	;	20,3302	;	19,2994	;	15/09/2008
18,7017	;	19,2081	;	19,2947	;	18,1589	;	16/09/2008
18,9527	;	17,3288	;	18,9527	;	17,3288	;	17/09/2008
17,5614	;	18,1545	;	18,4737	;	16,4941	;	18/09/2008
20,5264	;	21,4387	;	21,4842	;	19,646	;	19/09/2008
21,6531	;	21,393	;	22,3235	;	21,0281	;	22/09/2008
20,9825	;	20,1386	;	21,6485	;	19,9334	;	23/09/2008
20,5766	;	19,7783	;	20,6952	;	19,7099	;	24/09/2008
20,1432	;	21,0281	;	21,0281	;	20,0748	;	25/09/2008
20,2755	;	20,832	;	20,8457	;	19,76	;	26/09/2008
19,8877	;	17,7576	;	20,1295	;	17,0141	;	29/09/2008
18,2457	;	18,4783	;	18,6015	;	17,7439	;	30/09/2008
18,5696	;	18,0266	;	18,6562	;	17,6572	;	01/10/2008
17,9036	;	16,3755	;	17,9446	;	15,7506	;	02/10/2008
16,7313	;	15,6457	;	17,1965	;	15,527	;	03/10/2008
13,7298	;	13,9123	;	13,9123	;	12,325	;	06/10/2008
13,6842	;	13,1734	;	14,3	;	12,772	;	07/10/2008
12,179	;	12,0877	;	13,0001	;	12,0877	;	08/10/2008
12,772	;	12,179	;	12,9362	;	11,9053	;	09/10/2008
11,18	;	12,3158	;	12,3615	;	10,6738	;	10/10/2008
13,3558	;	13,9123	;	13,9123	;	12,6352	;	13/10/2008
14,8246	;	14,3228	;	15,2579	;	13,8714	;	14/10/2008
13,479	;	12,2428	;	13,7664	;	12,179	;	15/10/2008
12,3386	;	12,4298	;	13,1778	;	11,1298	;	16/10/2008
12,2839	;	12,544	;	13,4516	;	12,0422	;	17/10/2008
12,7036	;	13,6842	;	13,6842	;	12,7036	;	20/10/2008
13,3649	;	13,5109	;	14,0036	;	13,0594	;	21/10/2008
12,6579	;	11,7685	;	13,0867	;	11,7685	;	22/10/2008
11,472	;	11,5495	;	12,2018	;	11,1116	;	23/10/2008
10,7877	;	10,9018	;	11,0843	;	9,9712	;	24/10/2008
10,4913	;	10,3772	;	10,7375	;	10,2175	;	27/10/2008
10,9474	;	12,0742	;	12,0742	;	10,5004	;	28/10/2008
12,3615	;	12,772	;	13,0867	;	12,1973	;	29/10/2008
13,2965	;	13,6842	;	13,7983	;	13,1232	;	30/10/2008
13,4106	;	12,772	;	13,4471	;	12,5484	;	31/10/2008
12,9498	;	12,6215	;	13,0001	;	12,4344	;	03/11/2008
12,9088	;	13,0912	;	13,4333	;	12,6717	;	04/11/2008
12,6761	;	11,9372	;	12,8586	;	11,7913	;	05/11/2008
11,4036	;	11,1754	;	11,6544	;	10,8561	;	06/11/2008
11,5313	;	10,952	;	11,6088	;	10,952	;	07/11/2008
11,7274	;	11,0523	;	11,8049	;	10,879	;	10/11/2008
10,6738	;	11,0614	;	11,1298	;	10,514	;	11/11/2008
10,7192	;	10,0352	;	10,879	;	9,9439	;	12/11/2008
10,0352	;	10,4319	;	10,4319	;	9,4877	;	13/11/2008
10,4913	;	9,9439	;	10,628	;	9,807	;	14/11/2008
9,5334	;	9,8709	;	10,067	;	9,3645	;	17/11/2008
9,5561	;	9,7387	;	10,2266	;	9,5334	;	18/11/2008
9,7387	;	9,1821	;	9,8846	;	9,0362	;	19/11/2008
8,9175	;	8,7351	;	9,0271	;	8,507	;	21/11/2008
9,1228	;	9,9668	;	9,994	;	9,0408	;	24/11/2008
9,8253	;	10,2404	;	10,6054	;	9,6703	;	25/11/2008
10,0807	;	10,7148	;	10,7877	;	10,0123	;	26/11/2008
10,6054	;	10,628	;	10,879	;	10,4913	;	27/11/2008
10,5369	;	10,66	;	10,8699	;	10,3545	;	28/11/2008
10,2222	;	10,3088	;	10,6418	;	10,1309	;	01/12/2008
10,4183	;	10,1629	;	10,6098	;	10,1263	;	02/12/2008
10,1036	;	10,2404	;	10,2404	;	9,8572	;	03/12/2008
10,441	;	10,3088	;	10,5231	;	10,1263	;	04/12/2008
10,1218	;	10,1263	;	10,1263	;	9,7705	;	05/12/2008
10,6647	;	11,6863	;	11,6863	;	10,6647	;	08/12/2008
11,6772	;	11,9509	;	12,3386	;	11,4947	;	09/12/2008
12,3113	;	12,4526	;	13,1279	;	12,3067	;	10/12/2008
12,5895	;	12,4983	;	12,9863	;	12,2474	;	11/12/2008
11,6544	;	12,5393	;	12,7628	;	11,6544	;	12/12/2008
12,6808	;	12,2245	;	12,8495	;	12,2245	;	15/12/2008
12,4298	;	12,991	;	13,0001	;	12,3843	;	16/12/2008
12,9409	;	13,0001	;	13,26	;	12,5895	;	17/12/2008
13,0456	;	13,0456	;	13,5429	;	12,9316	;	18/12/2008
12,8632	;	13,0229	;	13,0229	;	12,6944	;	19/12/2008
12,9271	;	12,3067	;	13,0912	;	11,9737	;	22/12/2008
12,1881	;	11,472	;	12,3889	;	11,431	;	23/12/2008
11,6362	;	11,586	;	11,6636	;	11,2484	;	26/12/2008
11,8369	;	12,2885	;	12,2885	;	11,8232	;	29/12/2008
12,3621	;	12,4655	;	12,4795	;	12,0942	;	30/12/2008
12,7522	;	13,4948	;	13,6736	;	12,6112	;	02/01/2009
13,3491	;	14,3832	;	14,5149	;	13,1423	;	05/01/2009
14,7076	;	14,6512	;	14,75	;	14,3363	;	06/01/2009
14,2423	;	14,1246	;	14,5149	;	13,8192	;	07/01/2009
13,871	;	14,7076	;	14,8016	;	13,6359	;	08/01/2009
14,6606	;	14,4349	;	14,9474	;	14,3832	;	09/01/2009
14,1012	;	13,8427	;	14,1952	;	13,7676	;	12/01/2009
13,5842	;	13,7863	;	14,0635	;	13,4902	;	13/01/2009
13,6405	;	13,18	;	13,7158	;	12,9872	;	14/01/2009
13,2975	;	13,6547	;	13,7534	;	12,7428	;	15/01/2009
13,8662	;	14,073	;	14,1482	;	13,4996	;	16/01/2009
14,2893	;	13,9838	;	14,2893	;	13,6782	;	19/01/2009
13,6453	;	13,3022	;	14,1059	;	13,1941	;	20/01/2009
13,509	;	13,8192	;	13,8897	;	13,1941	;	21/01/2009
14,0072	;	13,8756	;	14,1152	;	13,5371	;	22/01/2009
13,5371	;	13,3022	;	13,7253	;	13,2035	;	23/01/2009
13,4009	;	12,9167	;	13,4714	;	12,7898	;	26/01/2009
12,8697	;	12,9684	;	13,1941	;	12,8604	;	27/01/2009
13,3585	;	13,6688	;	13,7253	;	13,3022	;	28/01/2009
13,6265	;	13,7253	;	13,9602	;	13,3491	;	29/01/2009
13,6077	;	13,5653	;	13,9602	;	13,4573	;	30/01/2009
13,3068	;	13,2129	;	13,7253	;	13,1094	;	02/02/2009
13,2317	;	13,3068	;	13,4197	;	13,0766	;	03/02/2009
13,4526	;	14,0072	;	14,2235	;	13,4526	;	04/02/2009
13,9085	;	14,5195	;	14,67	;	13,6923	;	05/02/2009
14,8486	;	15,046	;	15,3938	;	14,7687	;	06/02/2009
14,9942	;	14,3597	;	15,2717	;	14,3127	;	09/02/2009
14,4584	;	13,8662	;	14,4584	;	13,7393	;	10/02/2009
13,8427	;	13,476	;	14,0778	;	13,2082	;	11/02/2009
13,2458	;	13,2552	;	13,4431	;	13,0437	;	12/02/2009
13,6077	;	13,6782	;	13,8427	;	13,3634	;	13/02/2009
13,6077	;	13,509	;	13,6782	;	13,3022	;	16/02/2009
13,0624	;	12,9026	;	13,2035	;	12,8555	;	17/02/2009
13,1141	;	13,0671	;	13,1847	;	12,5736	;	18/02/2009
13,4431	;	13,0484	;	13,5371	;	13,02	;	19/02/2009
12,5501	;	12,6911	;	12,9261	;	12,4795	;	20/02/2009
12,127	;	12,3198	;	12,7945	;	11,986	;	25/02/2009
12,597	;	12,3105	;	12,597	;	12,1599	;	26/02/2009
12,0331	;	12,1881	;	12,3996	;	11,9156	;	27/02/2009
11,9296	;	11,516	;	11,9625	;	11,3844	;	02/03/2009
11,6617	;	11,5629	;	11,7698	;	11,1635	;	03/03/2009
11,8451	;	12,503	;	12,6018	;	11,8263	;	04/03/2009
11,7511	;	11,7322	;	11,9485	;	11,6428	;	05/03/2009
11,9897	;	11,6539	;	12,0376	;	11,4621	;	06/03/2009
11,4573	;	11,1599	;	11,582	;	11,1599	;	09/03/2009
11,4046	;	11,8553	;	11,8697	;	11,299	;	10/03/2009
11,9705	;	11,7978	;	12,0088	;	11,4813	;	11/03/2009
11,7018	;	11,7595	;	11,8217	;	11,4621	;	12/03/2009
11,9416	;	11,7498	;	11,98	;	11,4813	;	13/03/2009
11,7978	;	11,3182	;	11,8553	;	11,3182	;	16/03/2009
11,3182	;	11,1743	;	11,4046	;	10,968	;	17/03/2009
11,0544	;	11,2702	;	11,3757	;	10,8866	;	18/03/2009
11,4621	;	11,9897	;	12,0471	;	11,2702	;	19/03/2009
12,0185	;	12,3541	;	12,6035	;	11,9465	;	20/03/2009
12,7089	;	13,1119	;	13,1551	;	12,6227	;	23/03/2009
12,9009	;	12,9489	;	13,3085	;	12,757	;	24/03/2009
13,0688	;	13,3325	;	13,4763	;	13,0688	;	25/03/2009
13,5771	;	14,2581	;	14,2678	;	13,3948	;	26/03/2009
13,9799	;	14,3635	;	14,5026	;	13,812	;	27/03/2009
13,8936	;	13,5004	;	14,0806	;	13,4476	;	30/03/2009
13,86	;	14,1477	;	14,2678	;	13,5914	;	31/03/2009
13,8361	;	14,3827	;	14,3827	;	13,6778	;	01/04/2009
14,8479	;	15,2748	;	15,4091	;	14,776	;	02/04/2009
15,2508	;	15,2556	;	15,4091	;	15,011	;	03/04/2009
15,1069	;	15,059	;	15,1501	;	14,6418	;	06/04/2009
14,8143	;	14,8143	;	15,1646	;	14,6513	;	07/04/2009
14,8672	;	14,9631	;	15,011	;	14,7952	;	08/04/2009
15,3132	;	15,2028	;	15,3899	;	15,1166	;	09/04/2009
15,2028	;	15,2028	;	15,2028	;	15,2028	;	10/04/2009
15,1884	;	15,1069	;	15,3803	;	15,011	;	13/04/2009
15,1262	;	14,7712	;	15,5098	;	14,7712	;	14/04/2009
14,7712	;	15,011	;	15,011	;	14,6321	;	15/04/2009
15,3132	;	15,9702	;	16,0661	;	15,1214	;	16/04/2009
16,0661	;	16,6464	;	16,7279	;	15,927	;	17/04/2009
16,3107	;	15,8359	;	16,4497	;	15,6824	;	20/04/2009
16,0565	;	16,0709	;	16,4642	;	15,7065	;	22/04/2009
16,3299	;	16,2819	;	16,4497	;	15,8167	;	23/04/2009
16,2819	;	16,1907	;	16,4738	;	16,1907	;	24/04/2009
15,8791	;	15,2892	;	16,0901	;	15,2268	;	27/04/2009
15,011	;	15,0351	;	15,2892	;	14,8193	;	28/04/2009
15,2988	;	15,2748	;	15,3803	;	15,1214	;	29/04/2009
15,4426	;	15,4426	;	15,6441	;	15,318	;	30/04/2009
15,9223	;	16,397	;	16,4593	;	15,8263	;	04/05/2009
16,397	;	16,3586	;	16,6513	;	16,2099	;	05/05/2009
16,4738	;	16,5984	;	16,8813	;	16,1764	;	06/05/2009
16,7854	;	16,2771	;	16,8813	;	16,0181	;	07/05/2009
16,6513	;	16,7854	;	16,7854	;	16,2099	;	08/05/2009
16,5457	;	17,217	;	17,265	;	16,3778	;	11/05/2009
17,265	;	16,6655	;	17,3994	;	16,4977	;	12/05/2009
16,2819	;	16,0229	;	16,3634	;	15,8263	;	13/05/2009
15,3947	;	15,3947	;	15,6344	;	15,246	;	14/05/2009
15,433	;	15,3228	;	15,5386	;	15,2604	;	15/05/2009
15,529	;	16,2099	;	16,2099	;	15,4907	;	18/05/2009
16,3059	;	16,8813	;	17,3417	;	16,0757	;	19/05/2009
17,0829	;	17,1308	;	17,5384	;	16,9054	;	20/05/2009
16,7327	;	16,632	;	16,8096	;	16,3299	;	21/05/2009
16,9054	;	16,6177	;	16,9629	;	16,584	;	22/05/2009
16,632	;	16,9581	;	16,9725	;	16,5984	;	25/05/2009
16,6655	;	17,15	;	17,2842	;	16,4977	;	26/05/2009
17,15	;	17,1836	;	17,7447	;	16,9869	;	27/05/2009
17,4042	;	17,8166	;	17,8166	;	17,1259	;	28/05/2009
18,138	;	18,9436	;	18,9436	;	17,8885	;	29/05/2009
19,2073	;	19,5478	;	19,6822	;	19,2073	;	01/06/2009
19,1833	;	19,7494	;	20,1905	;	19,0923	;	02/06/2009
19,4711	;	18,8716	;	19,4711	;	18,5455	;	03/06/2009
19,1019	;	19,0395	;	19,1306	;	18,3442	;	04/06/2009
19,5814	;	19,3513	;	19,6869	;	19,0491	;	05/06/2009
19,1787	;	19,8789	;	19,9507	;	18,838	;	08/06/2009
19,9507	;	19,6151	;	20,0946	;	19,2793	;	09/06/2009
20,0706	;	19,6725	;	20,0706	;	19,4327	;	10/06/2009
19,1833	;	19,9988	;	20,0467	;	19,1594	;	12/06/2009
19,7588	;	19,3033	;	19,7588	;	18,9484	;	15/06/2009
19,5191	;	18,6271	;	19,5191	;	18,6271	;	16/06/2009
18,488	;	18,5983	;	18,6126	;	18,0948	;	17/06/2009
18,8477	;	18,6318	;	18,9436	;	18,416	;	18/06/2009
18,8238	;	18,7709	;	19,0395	;	18,699	;	19/06/2009
18,4592	;	17,9173	;	18,4832	;	17,6727	;	22/06/2009
17,8885	;	18,2962	;	18,4448	;	17,6055	;	23/06/2009
18,464	;	18,608	;	19,0395	;	18,4592	;	24/06/2009
18,1043	;	19,6631	;	19,6631	;	18,1043	;	25/06/2009
19,4231	;	19,8309	;	20,085	;	19,3752	;	26/06/2009
20,085	;	20,5742	;	20,6462	;	19,8356	;	29/06/2009
20,7612	;	19,9556	;	20,8332	;	19,9556	;	30/06/2009
20,0898	;	20,4783	;	20,6653	;	20,0467	;	01/07/2009
20,0467	;	19,8069	;	20,1954	;	19,6247	;	02/07/2009
19,8069	;	19,5336	;	19,922	;	19,4711	;	03/07/2009
19,3033	;	19,6582	;	19,6582	;	18,9964	;	06/07/2009
19,5286	;	19,0683	;	19,7444	;	19,0683	;	07/07/2009
19,145	;	18,7758	;	19,5958	;	18,6558	;	08/07/2009
18,7758	;	18,7758	;	18,7758	;	18,7758	;	09/07/2009
18,6558	;	18,0276	;	18,8765	;	18,0276	;	10/07/2009
18,1043	;	17,03	;	18,2243	;	16,9054	;	13/07/2009
17,1643	;	16,9581	;	17,3561	;	16,7951	;	14/07/2009
17,4664	;	17,7639	;	17,8645	;	17,3658	;	15/07/2009
17,7351	;	18,2243	;	18,6558	;	17,6247	;	16/07/2009
18,2769	;	18,464	;	18,7038	;	18,0372	;	17/07/2009
18,8045	;	18,9579	;	19,0875	;	18,7086	;	20/07/2009
19,1354	;	19,6486	;	19,6486	;	18,8477	;	21/07/2009
19,2745	;	19,9076	;	20,1714	;	19,0923	;	22/07/2009
19,778	;	20,6221	;	20,814	;	19,5911	;	23/07/2009
20,4543	;	20,085	;	20,814	;	20,0083	;	24/07/2009
20,1666	;	20,0659	;	20,2817	;	19,8116	;	27/07/2009
19,8069	;	20,6221	;	20,6221	;	19,783	;	28/07/2009
20,3584	;	20,3344	;	20,4495	;	20,0227	;	29/07/2009
20,6317	;	21,0682	;	21,0873	;	20,3967	;	30/07/2009
21,001	;	21,236	;	21,3319	;	20,7708	;	31/07/2009
21,5814	;	21,8451	;	22,0322	;	21,5573	;	03/08/2009
21,6722	;	21,6239	;	22,1153	;	21,4313	;	04/08/2009
21,6673	;	21,6722	;	22,0188	;	21,2435	;	05/08/2009
21,8214	;	21,7925	;	22,1008	;	21,3736	;	06/08/2009
22,1393	;	22,3127	;	22,3463	;	21,7974	;	07/08/2009
22,0092	;	22,6161	;	22,7028	;	21,9996	;	10/08/2009
22,5969	;	22,5969	;	22,8762	;	22,3946	;	11/08/2009
22,5969	;	23,3626	;	23,666	;	22,5872	;	12/08/2009
23,6467	;	24,1283	;	24,1283	;	23,5312	;	13/08/2009
24,0705	;	23,4108	;	24,1429	;	23,4059	;	14/08/2009
22,6305	;	22,5776	;	22,775	;	22,4187	;	17/08/2009
22,6546	;	22,2019	;	22,8522	;	22,1539	;	18/08/2009
21,9611	;	22,0092	;	22,3224	;	21,8021	;	19/08/2009
22,1875	;	22,5631	;	22,7799	;	22,1057	;	20/08/2009
23,064	;	23,2614	;	23,3095	;	23,064	;	21/08/2009
23,4059	;	22,8088	;	23,5986	;	22,7895	;	24/08/2009
22,9196	;	22,4668	;	23,1651	;	22,3705	;	25/08/2009
22,515	;	22,1875	;	22,6065	;	22,0334	;	26/08/2009
22,2837	;	22,1539	;	22,3127	;	21,8407	;	27/08/2009
22,2742	;	21,9226	;	22,4668	;	21,8455	;	28/08/2009
21,6722	;	21,3351	;	21,6722	;	21,2869	;	31/08/2009
21,2628	;	21,0221	;	21,8985	;	20,9546	;	01/09/2009
20,9497	;	20,7089	;	21,0221	;	20,7089	;	02/09/2009
20,9497	;	20,839	;	21,051	;	20,6175	;	03/09/2009
20,9256	;	21,1906	;	21,3205	;	20,8534	;	04/09/2009
21,5277	;	22,0719	;	22,1489	;	21,4988	;	08/09/2009
22,1971	;	21,7925	;	22,2693	;	21,571	;	09/09/2009
21,6239	;	21,7685	;	22,0238	;	21,5807	;	10/09/2009
21,8744	;	21,5758	;	22,0478	;	21,5758	;	11/09/2009
21,4073	;	21,6433	;	21,6433	;	21,2147	;	14/09/2009
21,677	;	21,7878	;	21,8601	;	21,494	;	15/09/2009
21,8648	;	22,6305	;	22,7221	;	21,8648	;	16/09/2009
22,5872	;	22,5198	;	23,0688	;	22,4427	;	17/09/2009
22,4908	;	22,6354	;	22,7702	;	22,4427	;	18/09/2009
22,4861	;	22,6642	;	22,9003	;	22,1875	;	21/09/2009
23,04	;	22,9339	;	23,2133	;	22,8617	;	22/09/2009
22,958	;	22,5872	;	23,0207	;	22,5391	;	23/09/2009
22,7318	;	22,4475	;	22,8762	;	22,4427	;	24/09/2009
22,3849	;	22,5872	;	22,7268	;	22,1779	;	25/09/2009
22,6835	;	22,7125	;	22,9821	;	22,5438	;	28/09/2009
22,7318	;	22,5969	;	22,9243	;	22,5727	;	29/09/2009
22,828	;	22,4957	;	22,8714	;	22,4475	;	30/09/2009
22,6835	;	22,0768	;	22,6835	;	21,9371	;	01/10/2009
21,8118	;	22,2983	;	22,7895	;	21,73	;	02/10/2009
22,3513	;	22,6354	;	22,751	;	22,3127	;	05/10/2009
22,7991	;	22,5391	;	22,8954	;	22,3463	;	06/10/2009
22,6354	;	22,8762	;	22,9676	;	22,5438	;	07/10/2009
23,117	;	23,5505	;	23,5552	;	22,905	;	08/10/2009
23,5745	;	23,9308	;	23,9405	;	23,483	;	09/10/2009
23,9308	;	23,9308	;	23,9308	;	23,9308	;	12/10/2009
24,0032	;	24,2054	;	24,215	;	23,7623	;	13/10/2009
24,3692	;	25,4287	;	25,4287	;	24,3692	;	14/10/2009
25,2312	;	25,6213	;	25,6696	;	25,0434	;	15/10/2009
25,2361	;	25,2361	;	25,2746	;	24,8748	;	16/10/2009
25,2601	;	26,1029	;	26,2956	;	25,2601	;	19/10/2009
25,3661	;	25,1157	;	25,7417	;	24,4654	;	20/10/2009
24,9952	;	25,1446	;	26,074	;	24,8026	;	21/10/2009
25,5249	;	25,0386	;	25,6453	;	24,345	;	22/10/2009
25,2842	;	24,5667	;	25,5972	;	24,4413	;	23/10/2009
24,4751	;	24,61	;	24,8989	;	24,1765	;	26/10/2009
24,5618	;	23,5263	;	24,7496	;	23,4782	;	27/10/2009
23,2614	;	22,0092	;	23,3771	;	21,7444	;	28/10/2009
22,6258	;	22,6642	;	22,9243	;	22,3705	;	29/10/2009
22,8425	;	22,1539	;	23,3095	;	21,677	;	30/10/2009
21,7637	;	22,1104	;	22,5391	;	21,3784	;	03/11/2009
22,462	;	22,3463	;	22,9484	;	22,0574	;	04/11/2009
22,3416	;	22,5872	;	22,7075	;	22,1634	;	05/11/2009
22,8714	;	23,0207	;	23,117	;	22,5005	;	06/11/2009
23,6226	;	23,7816	;	23,8393	;	23,4542	;	09/11/2009
23,7479	;	24,0078	;	24,0802	;	23,483	;	10/11/2009
24,292	;	24,0321	;	24,4125	;	23,6323	;	11/11/2009
23,8393	;	23,117	;	24,1187	;	22,7799	;	12/11/2009
23,2133	;	23,5986	;	23,7913	;	22,9243	;	13/11/2009
24,0321	;	24,1765	;	24,4558	;	23,8442	;	16/11/2009
24,2728	;	24,1765	;	24,3162	;	23,7913	;	17/11/2009
24,4174	;	24,0657	;	24,5136	;	23,7913	;	18/11/2009
23,743	;	23,8008	;	23,8346	;	23,4396	;	19/11/2009
23,8008	;	23,8008	;	23,8008	;	23,8008	;	20/11/2009
24,0802	;	23,743	;	24,2488	;	23,5456	;	23/11/2009
23,743	;	24,215	;	24,215	;	23,2614	;	24/11/2009
24,4463	;	24,8026	;	24,8508	;	24,0561	;	25/11/2009
24,321	;	24,321	;	24,61	;	24,1525	;	26/11/2009
24,0321	;	24,2969	;	24,4413	;	23,8875	;	27/11/2009
24,2728	;	24,6581	;	24,8508	;	24,1765	;	30/11/2009
24,9038	;	24,8316	;	25,1396	;	24,7592	;	01/12/2009
24,8989	;	24,8748	;	25,0434	;	24,6677	;	02/12/2009
25,0242	;	24,7545	;	25,1541	;	24,5714	;	03/12/2009
24,5618	;	24,6341	;	25,3805	;	24,4896	;	04/12/2009
24,6341	;	25,029	;	25,1879	;	24,6051	;	07/12/2009
24,8026	;	24,2246	;	24,8266	;	24,1139	;	08/12/2009
24,3739	;	23,8393	;	24,4174	;	23,6226	;	09/12/2009
23,9839	;	23,9165	;	24,0513	;	23,5986	;	10/12/2009
24,0802	;	24,3306	;	24,3643	;	24,0802	;	11/12/2009
24,5618	;	24,2728	;	24,6822	;	24,2295	;	14/12/2009
24,1525	;	24,2535	;	24,427	;	23,8201	;	15/12/2009
24,3788	;	23,7816	;	24,4029	;	23,7237	;	16/12/2009
23,6709	;	23,5505	;	23,7094	;	22,8762	;	17/12/2009
23,5023	;	23,0447	;	23,7383	;	22,9003	;	18/12/2009
23,3385	;	22,4908	;	23,4974	;	22,4908	;	21/12/2009
22,804	;	23,141	;	23,3529	;	22,5295	;	22/12/2009
23,43	;	23,2663	;	23,43	;	22,9484	;	23/12/2009
23,3192	;	23,5023	;	23,589	;	23,3192	;	28/12/2009
23,5505	;	23,9646	;	24,0705	;	23,5505	;	29/12/2009
23,8935	;	24,1033	;	24,1033	;	23,6836	;	30/12/2009
24,157	;	24,889	;	25,0745	;	24,1082	;	04/01/2010
25,011	;	24,9622	;	25,1282	;	24,6743	;	05/01/2010
24,8744	;	24,9379	;	25,1037	;	24,6792	;	06/01/2010
24,7378	;	25,1721	;	25,1721	;	24,4595	;	07/01/2010
25,1721	;	24,8158	;	25,1818	;	24,7427	;	08/01/2010
25,0696	;	24,8842	;	25,2795	;	24,728	;	11/01/2010
24,4742	;	24,2057	;	24,5914	;	24,0594	;	12/01/2010
24,5425	;	24,2546	;	24,6939	;	23,8398	;	13/01/2010
24,1863	;	24,3912	;	24,44	;	24,0594	;	14/01/2010
23,913	;	24,5475	;	24,6646	;	23,913	;	15/01/2010
24,6353	;	24,4498	;	24,8451	;	24,4059	;	18/01/2010
24,2303	;	24,6939	;	24,9329	;	24,2303	;	19/01/2010
24,4059	;	23,7617	;	24,6158	;	23,6397	;	20/01/2010
23,8642	;	22,5953	;	23,9618	;	22,3855	;	21/01/2010
22,5466	;	22,693	;	23,2249	;	22,405	;	22/01/2010
22,5076	;	22,7125	;	23,2054	;	22,4978	;	26/01/2010
22,8394	;	23,1809	;	23,3763	;	22,815	;	27/01/2010
23,8642	;	23,7421	;	23,8642	;	23,2347	;	28/01/2010
24,0546	;	24,2057	;	24,5231	;	24,0106	;	29/01/2010
24,3034	;	24,6011	;	24,7865	;	23,8154	;	01/02/2010
24,7963	;	24,6889	;	24,8403	;	24,1668	;	02/02/2010
24,5573	;	24,4986	;	24,7134	;	24,3278	;	03/02/2010
24,2936	;	23,547	;	24,3619	;	23,3566	;	04/02/2010
23,137	;	23,2785	;	23,9716	;	22,7906	;	05/02/2010
23,425	;	22,937	;	23,5616	;	22,4489	;	08/02/2010
23,3079	;	23,1078	;	23,547	;	22,9662	;	09/02/2010
23,22	;	22,937	;	23,3273	;	22,7173	;	10/02/2010
22,937	;	22,9127	;	23,1566	;	22,693	;	11/02/2010
22,8589	;	22,5221	;	22,8589	;	22,41	;	12/02/2010
23,1809	;	23,5763	;	23,6007	;	23,0345	;	17/02/2010
23,5227	;	24,0594	;	24,0594	;	23,2298	;	18/02/2010
23,8154	;	24,157	;	24,2595	;	23,7227	;	19/02/2010
24,3034	;	24,0106	;	24,3376	;	23,791	;	22/02/2010
23,8642	;	23,5957	;	23,8642	;	23,2492	;	23/02/2010
23,669	;	23,0834	;	23,7569	;	22,9857	;	24/02/2010
22,815	;	24,279	;	24,3912	;	22,6978	;	25/02/2010
24,401	;	25,0452	;	25,0452	;	24,3961	;	26/02/2010
25,1331	;	25,3771	;	25,7138	;	25,094	;	01/03/2010
25,499	;	25,3771	;	25,6064	;	25,3771	;	02/03/2010
25,3771	;	25,1331	;	25,8895	;	25,0159	;	03/03/2010
25,2599	;	25,621	;	25,621	;	24,7963	;	04/03/2010
25,9725	;	26,4702	;	26,4702	;	25,787	;	05/03/2010
26,524	;	26,6849	;	26,8314	;	26,4264	;	08/03/2010
26,4751	;	27,6219	;	27,8171	;	26,1627	;	09/03/2010
27,8074	;	27,8171	;	28,1197	;	27,4902	;	10/03/2010
27,6219	;	27,6219	;	28,0027	;	27,3927	;	11/03/2010
27,9147	;	27,134	;	27,9587	;	27,0949	;	12/03/2010
26,9387	;	27,1485	;	27,2949	;	26,4019	;	15/03/2010
27,2998	;	27,7683	;	27,9294	;	27,2998	;	16/03/2010
28,1003	;	27,6171	;	28,2515	;	27,2315	;	17/03/2010
27,6464	;	27,3779	;	27,8074	;	26,8753	;	18/03/2010
27,4268	;	27,0364	;	27,5097	;	26,9143	;	19/03/2010
26,7337	;	26,7435	;	27,0315	;	26,5092	;	22/03/2010
26,9876	;	27,3047	;	27,5146	;	26,7728	;	23/03/2010
27,09	;	27,5732	;	27,6902	;	26,9728	;	24/03/2010
27,8074	;	27,5701	;	28,1148	;	27,5634	;	25/03/2010
27,7315	;	27,7952	;	28,0153	;	27,5065	;	26/03/2010
28,0007	;	29,3855	;	29,4101	;	28,0007	;	29/03/2010
29,6058	;	29,5079	;	30,2419	;	28,9206	;	30/03/2010
29,1947	;	29,8113	;	30,0658	;	29,1947	;	31/03/2010
30,2419	;	30,7802	;	30,8291	;	30,144	;	01/04/2010
31,1472	;	30,8585	;	31,5387	;	30,7362	;	05/04/2010
30,4376	;	29,8259	;	30,878	;	29,8259	;	06/04/2010
29,7085	;	29,3366	;	29,9973	;	29,1653	;	07/04/2010
29,1115	;	29,9629	;	30,0707	;	29,0185	;	08/04/2010
30,0951	;	29,9483	;	30,193	;	29,8602	;	09/04/2010
29,9483	;	29,6302	;	29,9483	;	29,2975	;	12/04/2010
29,6791	;	30,2566	;	30,5796	;	29,2142	;	13/04/2010
30,4132	;	30,0951	;	30,7214	;	29,777	;	14/04/2010
29,9483	;	29,4003	;	29,9777	;	29,3611	;	15/04/2010
29,1164	;	29,4051	;	29,5079	;	28,9206	;	16/04/2010
29,1164	;	28,6614	;	29,5911	;	28,632	;	19/04/2010
28,8669	;	28,5537	;	29,0626	;	28,5292	;	20/04/2010
28,2796	;	28,676	;	28,7151	;	28,0203	;	22/04/2010
28,6271	;	28,5928	;	29,0528	;	28,3922	;	23/04/2010
28,676	;	28,5048	;	28,9402	;	28,3922	;	26/04/2010
28,265	;	27,5015	;	28,3579	;	27,5015	;	27/04/2010
27,7022	;	27,6973	;	27,8441	;	27,0611	;	28/04/2010
28,1377	;	28,3971	;	28,49	;	27,8979	;	29/04/2010
28,2356	;	27,4575	;	28,3089	;	27,3939	;	30/04/2010
27,3547	;	26,9828	;	27,7463	;	26,8899	;	03/05/2010
26,5327	;	26,2293	;	26,8508	;	26,014	;	04/05/2010
25,8622	;	25,9455	;	26,5962	;	25,642	;	05/05/2010
25,9357	;	25,1772	;	26,5914	;	24,223	;	06/05/2010
25,2995	;	24,6193	;	25,5393	;	24,2327	;	07/05/2010
25,9357	;	26,0335	;	26,1167	;	25,5931	;	10/05/2010
25,8622	;	25,7888	;	26,6207	;	25,5637	;	11/05/2010
26,0825	;	25,9455	;	26,1314	;	25,7448	;	12/05/2010
26,0825	;	25,1037	;	26,0825	;	25,0157	;	13/05/2010
24,8689	;	24,541	;	24,9471	;	24,3648	;	14/05/2010
24,541	;	23,5672	;	24,541	;	23,2686	;	17/05/2010
23,8216	;	22,5738	;	23,988	;	22,5199	;	18/05/2010
22,4368	;	22,0208	;	22,6521	;	21,8985	;	19/05/2010
21,6342	;	21,1155	;	21,6342	;	20,8513	;	20/05/2010
21,047	;	22,2165	;	22,334	;	20,8757	;	21/05/2010
22,2165	;	22,1236	;	22,701	;	21,9866	;	24/05/2010
21,4728	;	21,37	;	21,4728	;	21,189	;	25/05/2010
21,7517	;	21,5315	;	21,7713	;	21,1057	;	26/05/2010
21,9719	;	22,4025	;	22,5249	;	21,8251	;	27/05/2010
22,241	;	22,1676	;	22,4612	;	21,8642	;	28/05/2010
22,3389	;	22,4612	;	22,4955	;	21,874	;	31/05/2010
21,9719	;	22,0697	;	22,8038	;	21,874	;	01/06/2010
22,1432	;	22,3878	;	22,5101	;	22,0257	;	02/06/2010
21,9719	;	21,4825	;	21,9719	;	21,2721	;	04/06/2010
21,507	;	20,5087	;	21,5608	;	20,4794	;	07/06/2010
20,6995	;	20,9051	;	21,0128	;	20,313	;	08/06/2010
21,1694	;	20,9883	;	21,5461	;	20,9883	;	09/06/2010
21,3308	;	22,2165	;	22,3389	;	21,2379	;	10/06/2010
21,9327	;	22,5151	;	22,706	;	21,9327	;	11/06/2010
22,8184	;	22,7549	;	23,1708	;	22,6619	;	14/06/2010
22,8674	;	23,1218	;	23,2931	;	22,8576	;	15/06/2010
22,975	;	23,0485	;	23,2295	;	22,9213	;	16/06/2010
23,1463	;	22,8674	;	23,4351	;	22,5297	;	17/06/2010
22,8087	;	22,8234	;	23,3567	;	22,7402	;	18/06/2010
23,2931	;	23,0387	;	23,4351	;	23,0387	;	21/06/2010
23,1463	;	23,2442	;	23,8314	;	23,1023	;	22/06/2010
23,4449	;	24,1348	;	24,1935	;	23,2442	;	23/06/2010
23,9782	;	24,5997	;	24,8346	;	23,8705	;	24/06/2010
24,5116	;	24,9863	;	25,231	;	24,2327	;	25/06/2010
25,0548	;	25,2261	;	25,4708	;	25,0548	;	28/06/2010
24,6193	;	24,3208	;	24,7073	;	24,0761	;	29/06/2010
24,9324	;	23,5427	;	25,275	;	23,5378	;	30/06/2010
23,6846	;	24,1397	;	24,1397	;	23,0485	;	01/07/2010
24,1397	;	24,3844	;	24,6144	;	24,0027	;	02/07/2010
24,3844	;	24,3452	;	24,6388	;	24,2082	;	05/07/2010
24,8443	;	25,0059	;	25,1527	;	24,5655	;	06/07/2010
25,0989	;	25,5441	;	25,5833	;	24,6878	;	07/07/2010
25,6909	;	25,8965	;	26,0384	;	25,5833	;	08/07/2010
25,8818	;	25,456	;	26,146	;	25,2603	;	12/07/2010
25,7252	;	24,6633	;	25,7839	;	24,5703	;	13/07/2010
24,4187	;	23,9048	;	24,4187	;	23,758	;	14/07/2010
23,8755	;	23,6357	;	23,8755	;	23,4008	;	15/07/2010
23,6846	;	23,1414	;	23,6944	;	23,0533	;	16/07/2010
23,1512	;	23,8363	;	23,9097	;	23,1512	;	19/07/2010
23,6846	;	24,7025	;	24,8493	;	23,5623	;	20/07/2010
25,1331	;	25,3533	;	25,598	;	25,1331	;	21/07/2010
25,6274	;	25,6909	;	26,0188	;	25,6274	;	22/07/2010
25,6909	;	26,058	;	26,3467	;	25,3631	;	23/07/2010
26,0677	;	26,0629	;	26,3026	;	25,8867	;	26/07/2010
26,2341	;	26,3271	;	26,425	;	26,0384	;	27/07/2010
26,1754	;	25,9259	;	26,3222	;	25,7644	;	28/07/2010
26,1608	;	25,3973	;	26,6501	;	25,1527	;	29/07/2010
24,7123	;	24,2131	;	24,8786	;	24,1495	;	30/07/2010
24,5948	;	24,4187	;	24,6975	;	24,3404	;	02/08/2010
24,3208	;	24,5703	;	25,0303	;	24,2278	;	03/08/2010
24,7123	;	25,3729	;	25,4756	;	24,629	;	04/08/2010
25,3484	;	25,1087	;	25,5441	;	24,6438	;	05/08/2010
24,7758	;	24,7123	;	25,0009	;	24,3942	;	06/08/2010
24,9716	;	24,5312	;	25,0352	;	24,4725	;	09/08/2010
24,223	;	24,223	;	24,4187	;	24,0321	;	10/08/2010
23,851	;	23,5623	;	23,9048	;	23,3421	;	11/08/2010
23,249	;	23,988	;	23,988	;	23,249	;	12/08/2010
24,0712	;	23,4645	;	24,1593	;	23,4645	;	13/08/2010
23,5819	;	23,391	;	23,6357	;	23,3029	;	16/08/2010
23,6357	;	23,6308	;	23,9636	;	23,5182	;	17/08/2010
23,7335	;	23,4301	;	23,8216	;	23,1268	;	18/08/2010
23,3421	;	23,0289	;	23,6552	;	22,98	;	19/08/2010
22,9506	;	22,6081	;	22,9506	;	22,5592	;	20/08/2010
22,8234	;	22,701	;	22,9995	;	22,6081	;	23/08/2010
22,422	;	22,701	;	22,8772	;	22,1334	;	24/08/2010
22,5346	;	22,2117	;	22,931	;	22,2117	;	25/08/2010
22,3046	;	21,4874	;	22,3291	;	21,4532	;	26/08/2010
21,6929	;	22,0404	;	22,0404	;	21,3406	;	27/08/2010
21,9964	;	21,5315	;	21,9964	;	21,4874	;	30/08/2010
21,5265	;	21,5461	;	21,8496	;	21,3014	;	31/08/2010
21,7566	;	22,1921	;	22,3878	;	21,7517	;	01/09/2010
22,1676	;	21,9475	;	22,29	;	21,7027	;	02/09/2010
22,3585	;	21,7761	;	22,4025	;	21,5608	;	03/09/2010
21,8985	;	21,8251	;	21,9572	;	21,6783	;	06/09/2010
21,6831	;	22,0991	;	22,2998	;	21,6831	;	08/09/2010
22,3144	;	22,148	;	22,3487	;	22,0208	;	09/09/2010
22,1676	;	21,8349	;	22,2117	;	21,7957	;	10/09/2010
22,1187	;	22,0257	;	22,2165	;	22,0257	;	13/09/2010
21,9229	;	21,6293	;	21,9914	;	21,5511	;	14/09/2010
21,463	;	21,458	;	21,6098	;	21,3749	;	15/09/2010
21,4825	;	21,7027	;	21,8251	;	21,3504	;	16/09/2010
21,7566	;	21,3847	;	21,8887	;	21,3847	;	17/09/2010
21,458	;	21,8251	;	21,8594	;	21,4434	;	20/09/2010
21,7761	;	22,1921	;	22,2557	;	21,6538	;	21/09/2010
22,1187	;	22,2117	;	22,4416	;	22,0208	;	22/09/2010
22,0697	;	22,0942	;	22,4612	;	21,9279	;	23/09/2010
22,2606	;	21,7027	;	22,4123	;	21,6831	;	24/09/2010
21,9229	;	22,0208	;	22,1089	;	21,4972	;	27/09/2010
22,3633	;	22,6081	;	22,7549	;	22,2361	;	28/09/2010
22,6374	;	22,0697	;	22,931	;	22,0697	;	29/09/2010
22,3731	;	22,2165	;	22,4612	;	22,0306	;	30/09/2010
22,5101	;	22,1089	;	22,5983	;	21,7566	;	01/10/2010
22,1676	;	21,9229	;	22,1676	;	21,8153	;	04/10/2010
22,197	;	22,1187	;	22,3535	;	21,9817	;	05/10/2010
22,0991	;	21,6293	;	22,1872	;	21,4434	;	06/10/2010
21,7272	;	21,0715	;	21,7859	;	20,8659	;	07/10/2010
21,165	;	21,1056	;	21,3828	;	20,8086	;	08/10/2010
21,1551	;	20,9274	;	21,2145	;	20,8383	;	11/10/2010
21,0858	;	20,7195	;	21,1551	;	20,6106	;	13/10/2010
20,7294	;	20,8581	;	20,9868	;	20,3533	;	14/10/2010
21,1848	;	21,3729	;	21,3729	;	20,9076	;	15/10/2010
21,2343	;	21,066	;	21,6105	;	21,066	;	18/10/2010
20,7987	;	20,571	;	20,9571	;	20,2939	;	19/10/2010
20,6007	;	19,8286	;	20,6304	;	19,7494	;	20/10/2010
19,9672	;	19,789	;	20,1949	;	19,3732	;	21/10/2010
20,5908	;	20,383	;	20,9274	;	20,2147	;	22/10/2010
20,6403	;	19,9276	;	20,7195	;	19,8979	;	25/10/2010
19,6801	;	19,8583	;	19,9276	;	19,4524	;	26/10/2010
19,7791	;	19,8484	;	20,3731	;	19,7098	;	27/10/2010
20,5413	;	20,7492	;	20,9769	;	20,1949	;	28/10/2010
20,9571	;	21,0165	;	21,3333	;	20,7888	;	29/10/2010
21,1848	;	21,2739	;	21,5808	;	21,0363	;	01/11/2010
21,4818	;	21,2442	;	21,4917	;	21,0363	;	03/11/2010
21,5115	;	22,1055	;	22,1253	;	21,4026	;	04/11/2010
21,9966	;	22,056	;	22,2639	;	21,7293	;	05/11/2010
21,9768	;	22,7093	;	22,7291	;	21,957	;	08/11/2010
22,7687	;	22,2342	;	22,8677	;	22,1352	;	09/11/2010
22,0758	;	22,5311	;	22,6994	;	21,7986	;	10/11/2010
22,2836	;	22,3232	;	22,4618	;	22,0857	;	11/11/2010
21,9372	;	21,9471	;	22,155	;	21,6006	;	12/11/2010
21,6798	;	21,1749	;	21,8085	;	20,9868	;	16/11/2010
21,2442	;	21,1254	;	21,6798	;	20,9274	;	17/11/2010
21,5808	;	21,4026	;	21,759	;	21,3135	;	18/11/2010
21,1947	;	21,3828	;	21,5412	;	21,1254	;	19/11/2010
21,3927	;	20,482	;	21,4323	;	20,4127	;	22/11/2010
20,086	;	19,6504	;	20,2246	;	19,6207	;	23/11/2010
19,9177	;	20,0167	;	20,0959	;	19,7494	;	24/11/2010
20,0464	;	19,7791	;	20,0464	;	19,7098	;	25/11/2010
19,492	;	19,1554	;	19,5217	;	19,1257	;	26/11/2010
19,0663	;	19,0762	;	19,492	;	18,7396	;	29/11/2010
18,9277	;	18,512	;	19,0663	;	18,512	;	30/11/2010
18,8188	;	18,7693	;	19,0069	;	18,6209	;	01/12/2010
18,9178	;	18,7099	;	18,9871	;	18,6704	;	02/12/2010
18,7693	;	18,5912	;	18,799	;	18,3338	;	03/12/2010
18,7297	;	19,2544	;	19,294	;	18,6308	;	06/12/2010
19,5613	;	19,2049	;	19,8682	;	19,2049	;	07/12/2010
19,096	;	18,7099	;	19,2445	;	18,7099	;	08/12/2010
18,8188	;	18,6605	;	19,0069	;	18,5615	;	09/12/2010
18,8584	;	18,9772	;	18,9772	;	18,7099	;	10/12/2010
19,2049	;	19,7098	;	19,7791	;	19,1356	;	13/12/2010
19,6702	;	19,3732	;	19,7296	;	19,2247	;	14/12/2010
19,2049	;	18,9376	;	19,2841	;	18,8188	;	15/12/2010
18,9772	;	18,898	;	19,1653	;	18,6803	;	16/12/2010
18,8089	;	18,9475	;	19,2841	;	18,7099	;	17/12/2010
19,0663	;	18,7099	;	19,1851	;	18,5417	;	20/12/2010
18,8683	;	19,294	;	19,3138	;	18,7693	;	21/12/2010
19,1554	;	18,9079	;	19,294	;	18,8782	;	22/12/2010
18,9475	;	18,7792	;	18,9871	;	18,7396	;	23/12/2010
18,611	;	18,512	;	18,7495	;	18,4823	;	27/12/2010
18,6209	;	18,1259	;	18,6605	;	18,116	;	28/12/2010
18,3437	;	18,6308	;	18,6308	;	18,2645	;	29/12/2010
18,8	;	19,16	;	19,16	;	18,65	;	30/12/2010
19,35	;	19,18	;	19,53	;	19,1	;	03/01/2011
19,26	;	19,94	;	19,94	;	19,17	;	04/01/2011
19,7	;	20,4	;	20,5	;	19,63	;	05/01/2011
20,4	;	20,25	;	20,55	;	20,07	;	06/01/2011
20,25	;	20,6	;	20,64	;	20,23	;	07/01/2011
20,25	;	20,3	;	20,55	;	20,23	;	10/01/2011
20,5	;	20,69	;	20,7	;	20,12	;	11/01/2011
20,87	;	20,9	;	21	;	20,76	;	12/01/2011
20,87	;	20,29	;	20,89	;	20,22	;	13/01/2011
20,21	;	20,35	;	20,48	;	19,92	;	14/01/2011
20,19	;	20,19	;	20,36	;	20,1	;	17/01/2011
20,36	;	19,93	;	20,41	;	19,91	;	18/01/2011
19,98	;	19,46	;	20,04	;	19,45	;	19/01/2011
19,41	;	19,8	;	19,82	;	19,21	;	20/01/2011
19,95	;	19,75	;	20,23	;	19,66	;	21/01/2011
19,75	;	19,5	;	19,89	;	19,45	;	24/01/2011
19,5	;	18,91	;	19,58	;	18,81	;	26/01/2011
19,07	;	18,9	;	19,38	;	18,9	;	27/01/2011
19,03	;	18,7	;	19,28	;	18,27	;	28/01/2011
18,77	;	19,43	;	19,75	;	18,77	;	31/01/2011
19,7	;	20,14	;	20,38	;	19,6	;	01/02/2011
20,14	;	19,3	;	20,14	;	19,23	;	02/02/2011
19,25	;	19,47	;	19,6	;	19,02	;	03/02/2011
19,55	;	18,95	;	19,76	;	18,89	;	04/02/2011
19,14	;	19,03	;	19,15	;	18,71	;	07/02/2011
18,93	;	19,25	;	19,47	;	18,9	;	08/02/2011
19,21	;	18,78	;	19,29	;	18,64	;	09/02/2011
18,78	;	19,1	;	19,25	;	18,6	;	10/02/2011
19,28	;	19,05	;	19,46	;	19,05	;	11/02/2011
19,1	;	18,94	;	19,3	;	18,8	;	14/02/2011
18,9	;	18,8	;	19,16	;	18,77	;	15/02/2011
19,01	;	19,64	;	19,69	;	18,9	;	16/02/2011
19,85	;	20,3	;	20,38	;	19,53	;	17/02/2011
20,19	;	21,03	;	21,25	;	20,11	;	18/02/2011
20,9	;	20,42	;	20,91	;	20,42	;	21/02/2011
20,1	;	20,08	;	20,54	;	20,01	;	22/02/2011
19,6	;	19,04	;	19,8	;	19,04	;	23/02/2011
19,05	;	18,65	;	19,09	;	18,58	;	24/02/2011
18,9	;	18,6	;	19,09	;	18,6	;	25/02/2011
18,72	;	19	;	19	;	18,72	;	28/02/2011
19,13	;	18,3	;	19,27	;	18,25	;	01/03/2011
18,34	;	18,95	;	19,05	;	18,31	;	02/03/2011
19,12	;	20,05	;	20,15	;	19,05	;	03/03/2011
20,05	;	20,8	;	20,8	;	19,7	;	04/03/2011
20,57	;	20,65	;	21,11	;	20,41	;	09/03/2011
20,37	;	20,14	;	20,43	;	19,73	;	10/03/2011
19,99	;	21,08	;	21,22	;	19,87	;	11/03/2011
