28,1914	;	27,7372	;	28,9064	;	27,6917	;	03/01/2008
28,0814	;	27,9316	;	28,309	;	27,0685	;	04/01/2008
28,0356	;	27,9316	;	28,5817	;	27,4771	;	07/01/2008
28,51	;	28,1914	;	28,8415	;	27,9647	;	08/01/2008
27,9647	;	28,1914	;	28,1914	;	27,2238	;	09/01/2008
28,3279	;	28,7179	;	29,0362	;	27,9904	;	10/01/2008
28,5167	;	27,9517	;	29,0362	;	27,9517	;	11/01/2008
28,1011	;	28,0615	;	28,51	;	27,8998	;	14/01/2008
27,4257	;	26,8929	;	27,8998	;	26,6653	;	15/01/2008
26,5026	;	26,4704	;	26,8929	;	25,6846	;	16/01/2008
26,5613	;	25,9505	;	26,821	;	25,5287	;	17/01/2008
26,2759	;	25,3662	;	26,5026	;	24,8203	;	18/01/2008
24,0996	;	24,7489	;	25,0021	;	24,0665	;	21/01/2008
24,3592	;	24,7489	;	26,048	;	24,3592	;	22/01/2008
24,6131	;	24,5545	;	24,9504	;	23,7946	;	23/01/2008
25,3597	;	26,5485	;	27,1849	;	25,1714	;	24/01/2008
26,1132	;	26,4119	;	26,6653	;	25,8862	;	28/01/2008
26,7564	;	26,6979	;	26,9251	;	25,8926	;	29/01/2008
26,4055	;	26,5356	;	26,7624	;	25,5417	;	30/01/2008
26,1132	;	25,6779	;	26,3471	;	25,1325	;	31/01/2008
25,8362	;	24,9911	;	25,8689	;	24,7642	;	01/02/2008
23,5875	;	23,9258	;	24,1273	;	23,3922	;	06/02/2008
23,7238	;	23,8472	;	24,2247	;	23,1192	;	07/02/2008
24,1077	;	23,6917	;	24,2899	;	23,6593	;	08/02/2008
24,1077	;	24,2572	;	24,7443	;	23,958	;	11/02/2008
24,8812	;	25,7456	;	26,3044	;	24,8293	;	12/02/2008
25,94	;	27,0654	;	27,1099	;	25,94	;	13/02/2008
27,429	;	26,051	;	27,4938	;	26,051	;	14/02/2008
25,9276	;	26,4541	;	26,5385	;	25,5117	;	15/02/2008
27,0064	;	27,2665	;	27,2924	;	26,7138	;	18/02/2008
27,3644	;	26,5256	;	27,4871	;	26,5131	;	19/02/2008
26,2395	;	27,1689	;	27,1689	;	25,8757	;	20/02/2008
27,429	;	26,9738	;	27,6178	;	26,8436	;	21/02/2008
27,429	;	27,611	;	27,611	;	26,5903	;	22/02/2008
27,7369	;	28,3527	;	28,3527	;	27,3789	;	25/02/2008
28,2205	;	29,1541	;	29,1541	;	27,9421	;	26/02/2008
28,7834	;	29,5651	;	30,0091	;	28,4191	;	27/02/2008
29,5386	;	29,4265	;	29,8565	;	29,1345	;	28/02/2008
28,9489	;	28,2205	;	29,095	;	28,2205	;	29/02/2008
28,3623	;	28,7267	;	28,9189	;	27,7393	;	03/03/2008
28,6341	;	28,1107	;	28,886	;	27,5069	;	04/03/2008
28,2363	;	29,2307	;	29,3963	;	28,2363	;	05/03/2008
29,0846	;	28,3753	;	29,2966	;	28,3753	;	06/03/2008
28,1699	;	27,5735	;	28,3623	;	27,441	;	07/03/2008
27,5735	;	27,2817	;	27,8384	;	27,0439	;	10/03/2008
27,8319	;	28,435	;	28,435	;	27,474	;	11/03/2008
28,5016	;	27,4476	;	28,7997	;	27,4346	;	12/03/2008
27,0099	;	27,9716	;	28,2231	;	26,7383	;	13/03/2008
28,1699	;	27,7063	;	28,3689	;	27,0234	;	14/03/2008
27,0234	;	26,3802	;	27,0439	;	26,0488	;	17/03/2008
26,9038	;	27,1757	;	27,3018	;	26,7383	;	18/03/2008
27,3086	;	26,1154	;	27,6795	;	25,9963	;	19/03/2008
26,0095	;	26,4135	;	26,4465	;	25,8502	;	20/03/2008
26,5135	;	25,9162	;	26,7781	;	25,9162	;	24/03/2008
26,6455	;	27,1757	;	27,3086	;	26,3473	;	25/03/2008
27,3744	;	26,8974	;	27,381	;	26,2477	;	26/03/2008
27,0767	;	26,1813	;	27,2352	;	26,129	;	27/03/2008
26,5063	;	25,9492	;	26,5063	;	25,5188	;	28/03/2008
26,1813	;	26,5198	;	26,5461	;	25,6045	;	31/03/2008
26,9269	;	27,3583	;	27,4506	;	26,7277	;	01/04/2008
27,5905	;	27,4039	;	28,2532	;	27,1056	;	02/04/2008
27,2782	;	27,5236	;	27,7891	;	26,9998	;	03/04/2008
27,5905	;	27,3583	;	27,7891	;	27,0064	;	04/04/2008
27,4705	;	27,6896	;	28,0539	;	27,4705	;	07/04/2008
27,5834	;	28,0539	;	28,1866	;	27,3583	;	08/04/2008
27,822	;	27,3914	;	28,0873	;	26,9732	;	09/04/2008
27,305	;	27,2651	;	27,5766	;	26,9335	;	10/04/2008
27,1256	;	26,8939	;	27,1256	;	26,5752	;	11/04/2008
26,6948	;	26,4027	;	26,761	;	26,2307	;	14/04/2008
26,7277	;	26,5291	;	26,7741	;	26,436	;	15/04/2008
27,0991	;	27,8553	;	28,074	;	26,9732	;	16/04/2008
27,8553	;	28,8505	;	29,0291	;	27,6235	;	17/04/2008
29,1819	;	29,3743	;	29,7783	;	29,0026	;	18/04/2008
29,4802	;	29,0489	;	29,6593	;	28,8638	;	22/04/2008
28,9032	;	28,6179	;	29,1549	;	28,4853	;	23/04/2008
28,6444	;	28,6512	;	29,1156	;	28,3195	;	24/04/2008
29,0489	;	29,1156	;	29,2807	;	28,6644	;	25/04/2008
29,2547	;	29,5861	;	30,0308	;	29,248	;	28/04/2008
29,5797	;	29,016	;	29,8115	;	28,7837	;	29/04/2008
29,1883	;	31,4514	;	31,9674	;	28,9162	;	30/04/2008
33,1695	;	32,5725	;	34,7418	;	31,9225	;	02/05/2008
32,6852	;	33,0037	;	33,0037	;	32,4064	;	05/05/2008
32,7716	;	31,5839	;	32,7716	;	31,4381	;	06/05/2008
31,856	;	30,9474	;	31,9556	;	30,5026	;	07/05/2008
31,2457	;	31,3453	;	31,8029	;	30,8679	;	08/05/2008
30,8806	;	31,1131	;	31,2056	;	30,5889	;	09/05/2008
31,3119	;	31,3187	;	31,4909	;	30,5491	;	12/05/2008
31,511	;	30,7154	;	31,6038	;	30,4827	;	13/05/2008
30,6818	;	30,4497	;	30,8408	;	30,4165	;	14/05/2008
30,5826	;	31,1459	;	31,1459	;	30,3568	;	15/05/2008
31,3453	;	31,1654	;	31,5643	;	30,8478	;	16/05/2008
31,3653	;	31,8161	;	32,0745	;	31,1792	;	19/05/2008
31,3783	;	31,3119	;	31,5242	;	31,0466	;	20/05/2008
31,3783	;	30,5157	;	31,4447	;	30,35	;	21/05/2008
30,4165	;	30,4165	;	30,6286	;	30,2176	;	23/05/2008
30,748	;	30,4497	;	30,7808	;	30,2504	;	26/05/2008
30,35	;	31,3119	;	31,3119	;	30,2176	;	27/05/2008
31,5775	;	32,4064	;	32,5192	;	31,3386	;	28/05/2008
32,307	;	32,1742	;	33,3685	;	31,7959	;	29/05/2008
32,307	;	33,4748	;	33,4748	;	32,307	;	30/05/2008
32,7789	;	32,0238	;	33,1022	;	31,8245	;	02/06/2008
32,1482	;	31,1114	;	32,2643	;	31,0368	;	03/06/2008
30,9457	;	30,8866	;	31,4844	;	30,7791	;	04/06/2008
31,443	;	32,0238	;	32,0238	;	31,0529	;	05/06/2008
31,8494	;	31,1855	;	32,0402	;	30,9032	;	06/06/2008
31,1526	;	30,4806	;	31,3601	;	30,1235	;	09/06/2008
30,0326	;	29,4519	;	30,0326	;	29,0453	;	10/06/2008
29,535	;	29,0371	;	29,6593	;	28,7138	;	11/06/2008
29,4685	;	29,701	;	30,0079	;	29,0787	;	12/06/2008
30,0326	;	30,0408	;	30,1323	;	29,5596	;	13/06/2008
30,2899	;	30,1153	;	30,2899	;	29,3689	;	16/06/2008
30,4727	;	30,9032	;	31,2772	;	30,3231	;	17/06/2008
30,4806	;	29,8252	;	30,8947	;	29,709	;	18/06/2008
29,8252	;	29,6593	;	30,1153	;	29,3689	;	19/06/2008
29,4519	;	28,4561	;	29,6011	;	28,4561	;	20/06/2008
28,6303	;	28,4561	;	29,203	;	28,2492	;	23/06/2008
28,1662	;	27,6269	;	28,3483	;	27,5439	;	24/06/2008
27,9674	;	28,3734	;	28,8297	;	27,7512	;	25/06/2008
27,9419	;	26,8138	;	27,9588	;	26,8138	;	26/06/2008
27,1286	;	26,9629	;	27,2951	;	26,8138	;	27/06/2008
27,1286	;	27,0464	;	27,3364	;	26,5397	;	30/06/2008
26,2772	;	26,6761	;	27,1322	;	26,1774	;	01/07/2008
26,983	;	26,6093	;	27,1238	;	26,3186	;	02/07/2008
26,5183	;	25,6629	;	26,8833	;	25,6629	;	03/07/2008
25,6124	;	25,9698	;	26,4017	;	25,5049	;	04/07/2008
26,5676	;	25,8284	;	26,5676	;	25,2805	;	07/07/2008
25,6124	;	26,2274	;	26,3269	;	25,0733	;	08/07/2008
25,5466	;	26,3103	;	26,4188	;	25,5137	;	10/07/2008
25,9866	;	25,9033	;	26,4846	;	25,7459	;	11/07/2008
26,5264	;	25,8617	;	26,651	;	25,7545	;	14/07/2008
25,2396	;	25,2314	;	25,7875	;	24,741	;	15/07/2008
25,3218	;	27,564	;	27,5805	;	25,3218	;	16/07/2008
28,0536	;	27,8632	;	28,3275	;	27,4313	;	17/07/2008
28,1453	;	28,7181	;	28,8178	;	27,7301	;	18/07/2008
28,9421	;	28,0703	;	28,9671	;	28,0703	;	21/07/2008
27,7134	;	28,4689	;	28,4772	;	27,4397	;	22/07/2008
28,5355	;	28,4772	;	28,8928	;	28,1453	;	23/07/2008
28,3944	;	27,3155	;	28,4772	;	27,2738	;	24/07/2008
26,9744	;	26,651	;	27,2738	;	26,4102	;	25/07/2008
27,0246	;	26,2356	;	27,232	;	26,1689	;	28/07/2008
26,5676	;	27,1493	;	27,1493	;	26,2608	;	29/07/2008
27,4227	;	27,7301	;	27,9796	;	27,2816	;	30/07/2008
27,3155	;	27,8132	;	28,0703	;	27,2738	;	31/07/2008
27,4922	;	27,293	;	27,7997	;	27,0933	;	01/08/2008
27,3758	;	26,4211	;	27,3758	;	26,2129	;	04/08/2008
26,9605	;	27,5839	;	27,5839	;	26,67	;	05/08/2008
27,8414	;	28,0907	;	28,2487	;	27,2597	;	06/08/2008
27,8746	;	27,5839	;	28,0823	;	27,4264	;	07/08/2008
27,1598	;	27,1766	;	27,8746	;	26,67	;	08/08/2008
27,5008	;	26,5371	;	27,7249	;	26,4211	;	11/08/2008
26,828	;	26,2959	;	27,1684	;	26,1708	;	12/08/2008
26,3376	;	25,7728	;	26,5618	;	25,7312	;	13/08/2008
26,0967	;	26,4211	;	26,645	;	25,9386	;	14/08/2008
26,3376	;	26,0055	;	26,6869	;	25,7728	;	15/08/2008
26,3391	;	25,3626	;	26,5396	;	25,3626	;	18/08/2008
24,9614	;	25,2456	;	25,6041	;	24,9614	;	19/08/2008
25,6712	;	26,2973	;	26,2973	;	25,3791	;	20/08/2008
26,2889	;	26,1051	;	26,523	;	25,5212	;	21/08/2008
26,3311	;	26,3391	;	26,6732	;	25,9972	;	22/08/2008
26,3808	;	25,5042	;	26,5811	;	25,4376	;	25/08/2008
25,3791	;	25,2122	;	25,7718	;	24,9448	;	26/08/2008
25,5129	;	25,4877	;	25,7718	;	25,045	;	27/08/2008
25,98	;	26,4228	;	26,4228	;	25,9636	;	28/08/2008
26,4396	;	25,6712	;	26,4642	;	25,6712	;	29/08/2008
25,3991	;	25,4492	;	26,2176	;	25,2734	;	01/09/2008
25,5662	;	25,7332	;	26,3681	;	25,4908	;	02/09/2008
26,0257	;	26,0091	;	26,3848	;	25,6411	;	03/09/2008
26,1344	;	25,1487	;	26,1344	;	25,115	;	04/09/2008
24,7221	;	25,6411	;	25,6411	;	24,5047	;	05/09/2008
26,9027	;	25,9001	;	26,9027	;	25,5739	;	08/09/2008
25,9837	;	25,1487	;	26,2848	;	25,0143	;	09/09/2008
25,3153	;	25,4407	;	25,6917	;	24,4881	;	10/09/2008
24,7389	;	25,775	;	25,775	;	24,4299	;	11/09/2008
25,5907	;	25,8169	;	26,1175	;	24,8979	;	12/09/2008
24,4798	;	24,1041	;	25,3153	;	23,7695	;	15/09/2008
23,2265	;	24,4881	;	24,4881	;	22,5583	;	16/09/2008
24,0618	;	23,1261	;	24,3047	;	22,5667	;	17/09/2008
23,3936	;	24,6469	;	25,4827	;	22,7503	;	18/09/2008
26,61	;	26,7355	;	27,0702	;	25,8665	;	19/09/2008
26,8357	;	25,4827	;	26,9946	;	25,4827	;	22/09/2008
25,3153	;	25,0646	;	26,1512	;	24,8224	;	23/09/2008
25,5662	;	24,8979	;	25,9001	;	24,8979	;	24/09/2008
25,115	;	25,9001	;	25,9837	;	25,0897	;	25/09/2008
25,1487	;	25,8082	;	25,8579	;	25,0229	;	26/09/2008
24,8979	;	24,2795	;	25,7833	;	22,8089	;	29/09/2008
24,7305	;	26,6523	;	26,6523	;	24,3292	;	30/09/2008
26,2544	;	26,6723	;	27,1236	;	25,4601	;	01/10/2008
26,3296	;	25,0837	;	26,5884	;	24,0799	;	02/10/2008
25,6182	;	23,3027	;	25,7528	;	23,2441	;	03/10/2008
21,7391	;	22,199	;	22,2578	;	19,1554	;	06/10/2008
21,7391	;	21,4883	;	22,8178	;	20,8362	;	07/10/2008
19,3985	;	20,9032	;	23,1604	;	19,2304	;	08/10/2008
21,8233	;	19,8578	;	22,0736	;	19,7325	;	09/10/2008
16,898	;	19,1391	;	20,4849	;	16,898	;	10/10/2008
20,7441	;	23,6121	;	23,6121	;	20,5266	;	13/10/2008
24,7907	;	24,5063	;	25,7528	;	23,3195	;	14/10/2008
22,9933	;	21,8142	;	23,7456	;	19,8157	;	15/10/2008
22,2324	;	20,4849	;	22,3242	;	18,8129	;	16/10/2008
20,5689	;	19,2807	;	20,9032	;	19,2807	;	17/10/2008
19,9666	;	20,6607	;	20,8615	;	19,674	;	20/10/2008
20,059	;	20,3181	;	20,8109	;	19,8992	;	21/10/2008
19,649	;	17,8513	;	19,7993	;	17,8513	;	22/10/2008
17,5585	;	16,3795	;	17,9767	;	15,9282	;	23/10/2008
14,8412	;	14,6323	;	15,4602	;	14,1386	;	24/10/2008
14,6323	;	14,6323	;	15,51	;	14,1472	;	27/10/2008
15,51	;	15,9282	;	16,2791	;	15,301	;	28/10/2008
16,388	;	18,0266	;	18,963	;	16,0285	;	29/10/2008
19,147	;	19,9333	;	20,1923	;	18,8965	;	30/10/2008
19,3813	;	19,4816	;	20,8109	;	18,5617	;	31/10/2008
22,5149	;	22,6739	;	23,0169	;	21,6779	;	03/11/2008
23,2683	;	23,7701	;	24,9836	;	23,2683	;	04/11/2008
23,6447	;	21,6863	;	23,6447	;	21,1842	;	05/11/2008
20,7155	;	20,3472	;	21,2178	;	19,9027	;	06/11/2008
21,117	;	21,0919	;	21,4854	;	20,6818	;	07/11/2008
22,4313	;	21,7615	;	22,7492	;	21,4352	;	10/11/2008
21,2677	;	21,5524	;	21,9709	;	20,6148	;	11/11/2008
20,6735	;	20,0543	;	21,4267	;	19,9286	;	12/11/2008
19,9539	;	21,8951	;	22,3141	;	19,8364	;	13/11/2008
22,264	;	21,6024	;	22,6988	;	20,9163	;	14/11/2008
20,8323	;	21,5691	;	21,9457	;	20,7571	;	17/11/2008
20,8323	;	19,9199	;	21,3012	;	19,6857	;	18/11/2008
19,9623	;	18,8824	;	20,7155	;	18,8739	;	19/11/2008
18,2378	;	17,3752	;	18,4554	;	16,9405	;	21/11/2008
19,0308	;	20,1299	;	20,3011	;	18,5953	;	24/11/2008
19,8747	;	21,0603	;	21,0688	;	19,747	;	25/11/2008
20,8557	;	22,6042	;	23,193	;	20,668	;	26/11/2008
22,6556	;	22,5021	;	22,7752	;	22,3565	;	27/11/2008
22,4337	;	22,7236	;	23,3125	;	22,2634	;	28/11/2008
21,9416	;	22,0187	;	22,1125	;	21,3868	;	01/12/2008
22,283	;	22,5732	;	23,1365	;	22,0014	;	02/12/2008
22,4621	;	22,7956	;	23,0002	;	22,0271	;	03/12/2008
22,966	;	22,9918	;	23,837	;	22,8895	;	04/12/2008
22,3685	;	23,2224	;	23,6918	;	21,7963	;	05/12/2008
24,3918	;	25,5361	;	25,5954	;	24,0758	;	08/12/2008
25,5701	;	25,3138	;	25,7837	;	24,9384	;	09/12/2008
25,7752	;	25,3567	;	26,2874	;	24,8448	;	10/12/2008
25,2288	;	24,6142	;	25,6984	;	24,6142	;	11/12/2008
23,649	;	25,6123	;	25,6123	;	23,5642	;	12/12/2008
25,6123	;	23,9058	;	25,741	;	23,9058	;	15/12/2008
24,7592	;	25,4421	;	25,4421	;	24,4771	;	16/12/2008
25,4421	;	26,0398	;	26,0398	;	25,075	;	17/12/2008
26,1253	;	25,5278	;	26,1933	;	24,9469	;	18/12/2008
25,186	;	24,5886	;	25,9288	;	24,5886	;	19/12/2008
24,8448	;	23,444	;	25,0921	;	23,3335	;	22/12/2008
23,9058	;	22,2063	;	24,059	;	22,2063	;	23/12/2008
22,6419	;	22,1125	;	22,9322	;	21,6084	;	26/12/2008
22,4451	;	22,1125	;	22,6246	;	21,8733	;	29/12/2008
22,4536	;	22,283	;	22,9575	;	22,1807	;	30/12/2008
22,9315	;	24,7295	;	24,9184	;	22,4346	;	02/01/2009
24,6187	;	24,789	;	25,1748	;	24,0699	;	05/01/2009
24,9184	;	25,8084	;	25,9285	;	24,5414	;	06/01/2009
25,2689	;	24,3269	;	25,5602	;	24,1988	;	07/01/2009
24,2761	;	24,4729	;	24,7122	;	23,9761	;	08/01/2009
24,5067	;	24,447	;	24,789	;	23,7191	;	09/01/2009
24,0784	;	23,4107	;	24,19	;	23,1716	;	12/01/2009
23,1365	;	22,5548	;	23,5737	;	22,3231	;	13/01/2009
22,3662	;	20,8593	;	22,5205	;	20,2939	;	14/01/2009
20,9792	;	21,2358	;	21,5699	;	19,4805	;	15/01/2009
21,7581	;	20,5079	;	21,8357	;	20,1225	;	16/01/2009
20,8074	;	20,8074	;	20,9622	;	20,5079	;	19/01/2009
20,4908	;	19,3866	;	21,0903	;	19,3866	;	20/01/2009
19,652	;	20,0374	;	20,0374	;	19,1893	;	21/01/2009
20,2939	;	19,4805	;	20,2939	;	18,9668	;	22/01/2009
19,0182	;	19,9259	;	20,1912	;	18,932	;	23/01/2009
20,0374	;	19,7974	;	20,4141	;	19,686	;	26/01/2009
19,9084	;	19,5149	;	20,0804	;	19,3523	;	27/01/2009
20,2083	;	20,9622	;	20,9792	;	20,0287	;	28/01/2009
20,5939	;	20,2939	;	20,8422	;	20,046	;	29/01/2009
19,8659	;	20,0199	;	20,5939	;	19,8659	;	30/01/2009
19,5858	;	19,4149	;	20,1003	;	19,3808	;	02/02/2009
19,4062	;	19,6974	;	19,6974	;	19,3206	;	03/02/2009
19,826	;	20,058	;	20,537	;	19,7919	;	04/02/2009
19,9548	;	20,9143	;	21,1368	;	19,732	;	05/02/2009
21,2227	;	22,405	;	22,405	;	21,1026	;	06/02/2009
22,0196	;	22,0623	;	22,3621	;	21,8649	;	09/02/2009
22,1391	;	21,2055	;	22,6451	;	20,9058	;	10/02/2009
21,3682	;	21,1626	;	21,9253	;	20,9229	;	11/02/2009
20,7768	;	20,9743	;	21,2139	;	20,5975	;	12/02/2009
21,5912	;	21,8481	;	21,8481	;	21,2055	;	13/02/2009
21,5138	;	21,7624	;	21,7624	;	21,2055	;	16/02/2009
21,1543	;	20,477	;	21,1626	;	20,3147	;	17/02/2009
20,7173	;	20,3063	;	20,8027	;	20,0323	;	18/02/2009
20,6058	;	20,1172	;	20,8456	;	19,9376	;	19/02/2009
19,5345	;	19,5345	;	19,9635	;	19,1577	;	20/02/2009
19,0637	;	19,3206	;	19,6722	;	18,8067	;	25/02/2009
19,8004	;	19,3636	;	19,9028	;	19,3636	;	26/02/2009
18,8492	;	19,0208	;	19,3378	;	18,7724	;	27/02/2009
18,5864	;	18,0036	;	18,7582	;	17,9092	;	02/03/2009
18,3636	;	17,9177	;	18,3892	;	17,4206	;	03/03/2009
18,3461	;	18,9981	;	19,1356	;	18,1409	;	04/03/2009
18,4322	;	18,8609	;	18,9208	;	18,1837	;	05/03/2009
18,9124	;	19,1183	;	19,572	;	18,6723	;	06/03/2009
18,6982	;	18,8921	;	19,3925	;	18,6037	;	09/03/2009
19,2907	;	20,0877	;	20,2778	;	19,0657	;	10/03/2009
20,3213	;	20,1301	;	20,4165	;	19,5847	;	11/03/2009
19,9831	;	20,6501	;	20,9014	;	19,9403	;	12/03/2009
21,0134	;	20,7795	;	21,0484	;	20,3559	;	13/03/2009
20,9533	;	20,8752	;	21,5591	;	20,8409	;	16/03/2009
20,7453	;	21,3342	;	21,429	;	20,6068	;	17/03/2009
21,2389	;	22,0007	;	22,3992	;	20,9878	;	18/03/2009
22,4248	;	21,4378	;	22,5115	;	21,2216	;	19/03/2009
21,4728	;	21,1262	;	21,6282	;	20,9963	;	20/03/2009
21,8278	;	23,161	;	23,2044	;	21,585	;	23/03/2009
22,7279	;	22,3294	;	22,8146	;	22,1736	;	24/03/2009
22,5463	;	22,4077	;	23,0485	;	21,8193	;	25/03/2009
22,6845	;	23,1171	;	23,3168	;	22,4943	;	26/03/2009
22,7715	;	23,031	;	23,2909	;	22,7105	;	27/03/2009
22,5983	;	22,3643	;	22,633	;	21,9663	;	30/03/2009
22,6585	;	22,2085	;	22,6845	;	21,9921	;	31/03/2009
22,0383	;	22,567	;	22,7746	;	21,8476	;	01/04/2009
23,2598	;	23,6496	;	24,2129	;	23,0952	;	02/04/2009
23,6496	;	24,256	;	24,3425	;	23,4765	;	03/04/2009
24,0742	;	24,4984	;	24,5155	;	23,6496	;	06/04/2009
24,2129	;	24,5509	;	24,8193	;	23,8835	;	07/04/2009
24,6029	;	24,5155	;	24,8625	;	24,0914	;	08/04/2009
25,0793	;	25,3388	;	25,5297	;	24,8798	;	09/04/2009
25,3388	;	25,3388	;	25,3388	;	25,3388	;	10/04/2009
25,2695	;	25,1657	;	25,3038	;	24,7843	;	13/04/2009
24,9492	;	23,9873	;	25,2006	;	23,8228	;	14/04/2009
23,9096	;	23,9873	;	24,0132	;	23,3896	;	15/04/2009
24,2475	;	24,6803	;	25,0179	;	24,1695	;	16/04/2009
24,6803	;	24,5155	;	24,8368	;	24,4553	;	17/04/2009
24,1261	;	23,6327	;	24,1261	;	23,3896	;	20/04/2009
23,6152	;	23,2251	;	23,8752	;	23,2166	;	22/04/2009
23,3725	;	24,1695	;	24,1695	;	23,2598	;	23/04/2009
24,1695	;	24,767	;	24,8193	;	24,1695	;	24/04/2009
24,2995	;	23,9096	;	24,6631	;	23,8056	;	27/04/2009
23,5631	;	24,4294	;	24,767	;	23,3463	;	28/04/2009
24,6458	;	26,0579	;	26,1703	;	24,5767	;	29/04/2009
26,1791	;	26,3352	;	26,6127	;	25,8067	;	30/04/2009
26,9739	;	27,7623	;	27,7709	;	26,4111	;	04/05/2009
27,6932	;	28,4464	;	28,4464	;	27,5368	;	05/05/2009
28,5849	;	28,1256	;	28,9226	;	27,9614	;	06/05/2009
28,0912	;	25,996	;	28,3683	;	25,9351	;	07/05/2009
26,801	;	26,2987	;	26,8358	;	25,3807	;	08/05/2009
25,8135	;	25,6145	;	26,039	;	25,2508	;	11/05/2009
25,9263	;	25,1994	;	25,9611	;	24,9394	;	12/05/2009
24,7399	;	24,5327	;	24,8093	;	24,2465	;	13/05/2009
24,4888	;	24,8527	;	25,0951	;	24,333	;	14/05/2009
24,8093	;	24,5843	;	24,8093	;	24,2465	;	15/05/2009
24,9562	;	25,7708	;	25,8484	;	24,844	;	18/05/2009
25,8048	;	25,502	;	25,9439	;	25,4152	;	19/05/2009
25,545	;	26,0045	;	26,7054	;	25,545	;	20/05/2009
25,6406	;	25,9697	;	26,1081	;	25,4678	;	21/05/2009
26,3249	;	26,3073	;	26,4892	;	25,4764	;	22/05/2009
26,2814	;	26,3249	;	26,5584	;	25,9176	;	25/05/2009
26,1081	;	27,3205	;	27,5283	;	25,8918	;	26/05/2009
27,364	;	27,4417	;	28,1431	;	27,2426	;	27/05/2009
27,7106	;	27,7106	;	27,9614	;	27,2773	;	28/05/2009
27,9614	;	27,6236	;	28,0999	;	27,113	;	29/05/2009
28,4115	;	28,3858	;	28,6798	;	27,9009	;	01/06/2009
28,2733	;	28,0306	;	28,6798	;	27,6931	;	02/06/2009
27,7272	;	27,3642	;	27,8746	;	26,6884	;	03/06/2009
27,4502	;	27,7105	;	27,7536	;	26,896	;	04/06/2009
28,1779	;	27,4766	;	28,2733	;	26,983	;	05/06/2009
27,0174	;	27,5368	;	27,9181	;	26,9915	;	08/06/2009
27,8746	;	27,1909	;	27,953	;	27,0088	;	09/06/2009
27,5891	;	27,2945	;	27,771	;	26,8098	;	10/06/2009
27,5368	;	27,7272	;	27,8746	;	26,983	;	12/06/2009
27,1993	;	26,7749	;	27,3902	;	26,0993	;	15/06/2009
26,983	;	26,6104	;	27,2426	;	26,5327	;	16/06/2009
26,3248	;	26,4634	;	26,5154	;	25,9436	;	17/06/2009
26,498	;	26,0993	;	26,6104	;	25,9783	;	18/06/2009
26,4024	;	26,498	;	26,8619	;	26,1863	;	19/06/2009
26,238	;	26,3076	;	26,4112	;	25,9264	;	22/06/2009
26,4893	;	25,7622	;	26,4893	;	25,6404	;	23/06/2009
25,8658	;	25,7622	;	26,1515	;	25,3374	;	24/06/2009
25,7099	;	26,3508	;	26,602	;	25,6753	;	25/06/2009
26,3248	;	26,7663	;	27,1819	;	26,3248	;	26/06/2009
27,1474	;	27,2945	;	27,4502	;	26,9305	;	29/06/2009
27,4938	;	26,9305	;	27,5716	;	26,7144	;	30/06/2009
27,1908	;	26,9394	;	27,3641	;	26,9394	;	01/07/2009
26,7144	;	26,8791	;	27,1215	;	26,5154	;	02/07/2009
26,8444	;	26,6711	;	27,2165	;	26,5845	;	03/07/2009
26,472	;	26,8444	;	26,8444	;	26,1515	;	06/07/2009
26,8184	;	26,42	;	26,8444	;	26,3074	;	07/07/2009
26,3594	;	26,2815	;	26,5932	;	25,8223	;	08/07/2009
26,0649	;	25,9784	;	26,3938	;	25,6752	;	10/07/2009
26,1515	;	25,9784	;	26,195	;	25,528	;	13/07/2009
26,0649	;	25,7012	;	26,1081	;	25,4591	;	14/07/2009
26,1777	;	26,775	;	27,1384	;	26,1081	;	15/07/2009
26,6711	;	27,1908	;	27,459	;	26,4459	;	16/07/2009
27,0871	;	27,0608	;	27,4503	;	26,9567	;	17/07/2009
27,6412	;	28,2036	;	28,2647	;	27,5109	;	20/07/2009
28,351	;	28,2296	;	28,559	;	27,8573	;	21/07/2009
27,8834	;	28,3081	;	28,7925	;	27,719	;	22/07/2009
28,4893	;	29,4336	;	29,754	;	28,4548	;	23/07/2009
29,2601	;	29,5201	;	29,6934	;	29,2257	;	24/07/2009
29,5717	;	29,3991	;	29,8317	;	29,2257	;	27/07/2009
29,1563	;	29,3553	;	29,4423	;	28,8881	;	28/07/2009
28,9658	;	28,9658	;	29,1739	;	28,6455	;	29/07/2009
29,4423	;	29,2344	;	29,6587	;	29,2257	;	30/07/2009
29,0091	;	29,0957	;	29,4509	;	28,7925	;	31/07/2009
29,4853	;	29,4422	;	29,6501	;	29,1825	;	03/08/2009
29,3206	;	29,7024	;	29,8489	;	29,1652	;	04/08/2009
29,7455	;	30,2998	;	30,5854	;	29,3991	;	05/08/2009
30,5158	;	30,0486	;	30,6111	;	29,5977	;	06/08/2009
30,2647	;	30,9229	;	31,2172	;	30,0486	;	07/08/2009
30,8711	;	31,2434	;	31,2434	;	30,6893	;	10/08/2009
30,7238	;	29,9618	;	30,8189	;	29,7885	;	11/08/2009
29,9097	;	29,7369	;	30,204	;	29,5458	;	12/08/2009
30,0052	;	29,3732	;	30,1606	;	29,035	;	13/08/2009
29,4164	;	28,9228	;	29,5374	;	28,2994	;	14/08/2009
28,1432	;	28,2298	;	28,4027	;	27,9703	;	17/08/2009
28,3769	;	29,2257	;	29,3036	;	28,3595	;	18/08/2009
29,009	;	29,6151	;	29,6151	;	28,7493	;	19/08/2009
29,6151	;	30,0052	;	30,0915	;	29,4853	;	20/08/2009
30,1347	;	29,7885	;	30,4032	;	29,6151	;	21/08/2009
30,2501	;	30,0588	;	30,7724	;	30,0325	;	24/08/2009
30,1803	;	30,4329	;	30,9207	;	30,128	;	25/08/2009
30,4853	;	31,0952	;	31,0952	;	30,3983	;	26/08/2009
31,0952	;	30,8601	;	31,1646	;	30,6158	;	27/08/2009
31,0864	;	30,8338	;	31,3564	;	30,7551	;	28/08/2009
30,564	;	30,6403	;	30,7647	;	30,1803	;	31/08/2009
30,6595	;	29,7495	;	30,7839	;	29,7305	;	01/09/2009
29,8354	;	29,6632	;	30,0561	;	29,4618	;	02/09/2009
29,797	;	29,5192	;	29,9793	;	29,3375	;	03/09/2009
29,7688	;	30,2668	;	30,5253	;	29,5575	;	04/09/2009
30,5543	;	30,6595	;	30,8607	;	30,3815	;	08/09/2009
30,7456	;	31,0426	;	31,3397	;	30,5543	;	09/09/2009
30,8415	;	31,225	;	31,3493	;	30,7649	;	10/09/2009
31,33	;	31,5604	;	31,704	;	31,2346	;	11/09/2009
31,33	;	31,6176	;	31,6851	;	31,11	;	14/09/2009
31,6657	;	32,0872	;	32,2402	;	31,3783	;	15/09/2009
32,2402	;	32,5183	;	32,6238	;	32,1062	;	16/09/2009
32,2019	;	32,5279	;	33,141	;	32,2019	;	17/09/2009
32,4514	;	32,7195	;	32,8345	;	32,4033	;	18/09/2009
32,4033	;	32,4799	;	32,7001	;	32,1349	;	21/09/2009
32,7674	;	32,6238	;	33,0163	;	32,5279	;	22/09/2009
32,7195	;	32,0872	;	32,8727	;	32,0009	;	23/09/2009
32,4033	;	31,7615	;	32,4033	;	31,225	;	24/09/2009
31,5315	;	31,9338	;	32,1349	;	31,4738	;	25/09/2009
32,0776	;	32,6429	;	32,6429	;	31,8571	;	28/09/2009
32,5757	;	33,7254	;	33,7254	;	32,5757	;	29/09/2009
34,1566	;	34,2046	;	34,6931	;	33,5147	;	30/09/2009
34,0725	;	34,3601	;	34,6188	;	33,7465	;	01/10/2009
34,0437	;	34,5039	;	34,6954	;	33,9286	;	02/10/2009
34,5039	;	35,1748	;	35,2228	;	34,3886	;	05/10/2009
35,4622	;	34,6954	;	35,7496	;	34,1684	;	06/10/2009
34,3122	;	33,5932	;	34,7914	;	33,3537	;	07/10/2009
34,1202	;	34,1684	;	34,4558	;	33,5454	;	08/10/2009
33,9764	;	34,5039	;	34,5998	;	33,9286	;	09/10/2009
34,6478	;	34,5998	;	34,7434	;	34,3312	;	13/10/2009
35,1267	;	35,5582	;	35,6537	;	34,9924	;	14/10/2009
35,3662	;	35,4142	;	35,491	;	34,8871	;	15/10/2009
34,6093	;	35,0788	;	35,1555	;	34,4558	;	16/10/2009
35,146	;	35,4814	;	35,4814	;	34,8391	;	19/10/2009
34,8775	;	34,7914	;	34,8967	;	33,5262	;	20/10/2009
34,6381	;	34,5039	;	35,2705	;	34,5039	;	21/10/2009
34,6954	;	35,1748	;	35,5105	;	34,341	;	22/10/2009
35,7496	;	34,8391	;	36,0659	;	34,7051	;	23/10/2009
34,801	;	34,7914	;	35,2705	;	34,3217	;	26/10/2009
34,7914	;	33,8904	;	34,9733	;	33,8329	;	27/10/2009
33,7369	;	31,6286	;	34,2737	;	31,6286	;	28/10/2009
32,3377	;	33,6701	;	33,7179	;	32,2034	;	29/10/2009
33,7369	;	32,1075	;	34,0342	;	31,8297	;	30/10/2009
32,1671	;	33,8069	;	34,1713	;	32,1671	;	03/11/2009
34,1329	;	34,9001	;	34,967	;	33,4044	;	04/11/2009
34,5737	;	35,1875	;	35,1875	;	34,4302	;	05/11/2009
35,226	;	35,034	;	35,3216	;	34,2478	;	06/11/2009
35,3696	;	35,8108	;	35,8493	;	35,1013	;	09/11/2009
35,5709	;	36,2709	;	36,3185	;	35,3312	;	10/11/2009
36,4341	;	36,29	;	36,6831	;	35,9066	;	11/11/2009
36,2324	;	35,2357	;	36,6254	;	35,2357	;	12/11/2009
35,5233	;	36,4148	;	36,6158	;	35,2832	;	13/11/2009
36,6254	;	36,6735	;	37,0861	;	36,3475	;	16/11/2009
36,4148	;	36,8942	;	36,8942	;	36,079	;	17/11/2009
37,0092	;	36,4341	;	37,0575	;	36,2516	;	18/11/2009
36,0984	;	35,5613	;	36,4244	;	35,36	;	19/11/2009
35,8684	;	36,3282	;	36,6735	;	35,8684	;	23/11/2009
36,2516	;	36,5202	;	36,5202	;	35,6763	;	24/11/2009
36,4341	;	37,1913	;	37,1913	;	36,3859	;	25/11/2009
36,6254	;	35,9736	;	36,7215	;	35,6763	;	26/11/2009
35,8493	;	36,1944	;	36,204	;	35,4846	;	27/11/2009
36,0984	;	36,3859	;	36,7215	;	35,9161	;	30/11/2009
36,8102	;	37,7405	;	37,9801	;	36,8102	;	01/12/2009
37,5965	;	38,1719	;	38,5364	;	37,5965	;	02/12/2009
38,364	;	37,7405	;	38,4407	;	37,6828	;	03/12/2009
37,4719	;	37,6925	;	38,412	;	37,3666	;	04/12/2009
37,6925	;	38,412	;	38,7474	;	37,4623	;	07/12/2009
38,0762	;	38,22	;	38,5556	;	37,5965	;	08/12/2009
38,364	;	38,2103	;	38,5075	;	37,6925	;	09/12/2009
38,4597	;	38,4023	;	38,7858	;	38,2677	;	10/12/2009
38,7474	;	38,364	;	38,968	;	38,22	;	11/12/2009
38,6035	;	38,1529	;	38,9297	;	37,7597	;	14/12/2009
37,7693	;	38,4693	;	38,6995	;	37,6444	;	15/12/2009
38,5652	;	37,9801	;	38,5652	;	37,7116	;	16/12/2009
37,7116	;	36,9442	;	37,8459	;	36,2538	;	17/12/2009
36,8581	;	36,9057	;	37,0403	;	36,2729	;	18/12/2009
37,1362	;	36,5892	;	37,5485	;	36,5415	;	21/12/2009
36,8581	;	36,6276	;	37,0114	;	36,4939	;	22/12/2009
36,925	;	36,3208	;	36,973	;	35,966	;	23/12/2009
36,4457	;	36,3496	;	36,714	;	36,2632	;	28/12/2009
36,3305	;	37,0308	;	37,1746	;	36,3305	;	29/12/2009
36,8293	;	37,1075	;	37,3088	;	36,6662	;	30/12/2009
37,4828	;	38,6683	;	39,025	;	37,4828	;	04/01/2010
38,7647	;	38,9189	;	38,9189	;	38,4563	;	05/01/2010
38,7933	;	38,5815	;	39,025	;	38,2633	;	06/01/2010
38,3116	;	38,1863	;	38,6007	;	38,1189	;	07/01/2010
38,3406	;	37,6081	;	38,3406	;	37,5117	;	08/01/2010
37,7721	;	37,2804	;	38,0226	;	36,7697	;	11/01/2010
36,9237	;	36,9334	;	37,3288	;	36,6636	;	12/01/2010
37,0106	;	37,0492	;	37,5696	;	36,6248	;	13/01/2010
37,1071	;	36,5384	;	37,396	;	36,3357	;	14/01/2010
36,4323	;	35,9215	;	36,9043	;	35,6803	;	15/01/2010
36,0466	;	36,2395	;	36,6054	;	35,9985	;	18/01/2010
35,9502	;	36,1432	;	36,6539	;	35,8637	;	19/01/2010
35,8349	;	35,1891	;	35,9215	;	34,4469	;	20/01/2010
35,2948	;	34,5431	;	35,4588	;	34,1482	;	21/01/2010
34,1674	;	34,9383	;	35,1796	;	34,0998	;	22/01/2010
34,1288	;	35,0251	;	35,1697	;	33,7819	;	26/01/2010
34,9288	;	34,5238	;	34,9288	;	34,1096	;	27/01/2010
34,9096	;	35,5551	;	35,5551	;	34,3504	;	28/01/2010
35,7769	;	34,8227	;	35,9215	;	34,6011	;	29/01/2010
34,9885	;	35,49	;	35,7407	;	34,8054	;	01/02/2010
35,9525	;	35,9622	;	36,3188	;	35,4997	;	02/02/2010
36,0103	;	35,8081	;	36,2321	;	35,3934	;	03/02/2010
35,3839	;	34,4295	;	35,5766	;	34,0243	;	04/02/2010
34,0628	;	33,5521	;	34,7764	;	32,5976	;	05/02/2010
33,6387	;	33,4555	;	33,9472	;	33,1855	;	08/02/2010
34,4198	;	34,9498	;	35,1429	;	34,2653	;	09/02/2010
35,0657	;	35,1429	;	35,3645	;	34,7186	;	10/02/2010
35,1429	;	35,7599	;	35,9622	;	34,6028	;	11/02/2010
35,2873	;	35,7502	;	36,0588	;	34,7091	;	12/02/2010
36,1361	;	36,5216	;	36,6661	;	36,1361	;	17/02/2010
36,2417	;	36,637	;	36,637	;	36,0588	;	18/02/2010
36,3479	;	36,0588	;	36,4444	;	36,0588	;	19/02/2010
36,3454	;	35,6733	;	36,3844	;	35,6733	;	22/02/2010
35,4298	;	35,0791	;	35,5564	;	34,6796	;	23/02/2010
35,0694	;	34,6894	;	35,2155	;	34,5919	;	24/02/2010
34,0952	;	34,6796	;	35,2934	;	33,9491	;	25/02/2010
34,7771	;	35,5564	;	35,5564	;	34,4266	;	26/02/2010
35,8117	;	35,6267	;	35,9481	;	35,5294	;	01/03/2010
35,9481	;	36,2017	;	36,2989	;	35,8798	;	02/03/2010
36,3672	;	36,2017	;	36,903	;	36,0261	;	03/03/2010
36,4452	;	36,1528	;	36,6009	;	35,8606	;	04/03/2010
36,6399	;	36,3477	;	36,6889	;	36,2697	;	05/03/2010
36,2211	;	36,3281	;	36,6693	;	36,1528	;	08/03/2010
36,1432	;	36,7766	;	37,2636	;	36,0944	;	09/03/2010
37,03	;	36,9324	;	37,5364	;	36,7572	;	10/03/2010
36,679	;	37,03	;	37,0785	;	36,4551	;	11/03/2010
37,4001	;	36,4356	;	37,4001	;	36,377	;	12/03/2010
36,2599	;	36,6498	;	36,7766	;	36,1528	;	15/03/2010
36,6595	;	36,8836	;	37,0785	;	36,5329	;	16/03/2010
37,0982	;	36,5426	;	37,1955	;	36,2017	;	17/03/2010
36,7083	;	36,2501	;	36,7083	;	35,8216	;	18/03/2010
36,4356	;	36,1042	;	36,5329	;	35,724	;	19/03/2010
35,7142	;	36,6399	;	36,6399	;	35,5486	;	22/03/2010
36,728	;	36,3379	;	36,728	;	35,8798	;	23/03/2010
35,9968	;	35,5681	;	36,1432	;	35,5584	;	24/03/2010
35,763	;	35,9968	;	36,4257	;	35,7142	;	25/03/2010
35,8703	;	36,6399	;	36,6399	;	35,8703	;	26/03/2010
36,5426	;	37,1857	;	37,2734	;	36,4843	;	29/03/2010
37,2734	;	37,5659	;	37,5659	;	37,0982	;	30/03/2010
37,5169	;	38,0042	;	38,2479	;	37,2052	;	31/03/2010
38,2013	;	38,211	;	38,6007	;	38,1137	;	01/04/2010
38,1818	;	38,4547	;	38,7666	;	38,1331	;	05/04/2010
38,016	;	37,9673	;	38,5424	;	37,9379	;	06/04/2010
37,8308	;	37,6261	;	38,0257	;	37,5383	;	07/04/2010
37,6261	;	38,9713	;	39,137	;	37,3338	;	08/04/2010
38,9907	;	39,0883	;	39,254	;	38,6104	;	09/04/2010
38,9226	;	38,5521	;	39,1468	;	38,4255	;	12/04/2010
38,6887	;	38,4352	;	38,7861	;	38,2694	;	13/04/2010
38,5032	;	38,6496	;	38,9615	;	38,0257	;	14/04/2010
38,7471	;	38,5911	;	38,7763	;	38,3669	;	15/04/2010
38,3669	;	37,3823	;	38,5032	;	37,1581	;	16/04/2010
37,2166	;	36,9534	;	37,4995	;	36,4857	;	19/04/2010
36,9925	;	37,285	;	37,285	;	36,6904	;	20/04/2010
36,8366	;	36,9437	;	37,1386	;	36,2712	;	22/04/2010
36,8561	;	36,9925	;	37,0413	;	36,4467	;	23/04/2010
36,9925	;	36,5149	;	37,0705	;	36,4663	;	26/04/2010
36,232	;	35,2964	;	36,4272	;	35,2964	;	27/04/2010
35,6764	;	36,1933	;	36,1933	;	35,3454	;	28/04/2010
36,3686	;	36,8463	;	36,9729	;	35,9786	;	29/04/2010
36,6611	;	36,7411	;	37,2751	;	35,9689	;	30/04/2010
36,5654	;	36,858	;	37,1602	;	36,5072	;	03/05/2010
36,6142	;	35,8828	;	36,6434	;	35,5708	;	04/05/2010
35,5319	;	35,766	;	36,3706	;	35,1127	;	05/05/2010
35,4735	;	35,3369	;	36,2729	;	33,9036	;	06/05/2010
35,3467	;	35,2394	;	35,5319	;	33,9523	;	07/05/2010
36,9653	;	36,7508	;	36,9653	;	36,2434	;	10/05/2010
36,0683	;	36,2434	;	36,8483	;	36,0683	;	11/05/2010
36,3802	;	36,1756	;	36,5654	;	35,8635	;	12/05/2010
36,0778	;	35,6392	;	36,2925	;	35,561	;	13/05/2010
35,2103	;	35,0542	;	35,3856	;	34,6739	;	14/05/2010
35,1031	;	35,0053	;	35,5805	;	34,2545	;	17/05/2010
35,3173	;	34,1181	;	35,7368	;	33,9329	;	18/05/2010
32,0802	;	32,3726	;	32,7627	;	31,7876	;	19/05/2010
31,7876	;	32,0315	;	32,7529	;	31,5145	;	20/05/2010
32,1776	;	32,6651	;	33,4063	;	31,7974	;	21/05/2010
32,5677	;	32,0996	;	32,8504	;	31,973	;	24/05/2010
30,7639	;	31,3098	;	31,7291	;	30,2567	;	25/05/2010
31,6902	;	32,3628	;	32,5385	;	31,2027	;	26/05/2010
32,8016	;	32,948	;	33,1917	;	32,4702	;	27/05/2010
32,7138	;	32,7627	;	33,0846	;	32,2948	;	28/05/2010
33,3281	;	33,8354	;	33,8354	;	32,8504	;	31/05/2010
33,2228	;	33,164	;	33,9348	;	32,6862	;	01/06/2010
33,213	;	34,1006	;	34,3054	;	33,164	;	02/06/2010
33,7494	;	33,408	;	33,7494	;	33,0666	;	04/06/2010
33,4567	;	32,3937	;	33,6031	;	32,3352	;	07/06/2010
32,657	;	32,9789	;	33,2423	;	32,1985	;	08/06/2010
33,2522	;	32,6764	;	33,408	;	32,5887	;	09/06/2010
32,9204	;	33,5546	;	33,8178	;	32,7349	;	10/06/2010
33,1836	;	34,0518	;	34,1884	;	33,0373	;	11/06/2010
34,3345	;	33,5056	;	34,4714	;	33,5056	;	14/06/2010
33,7006	;	34,3248	;	34,4324	;	33,6031	;	15/06/2010
33,9541	;	34,4324	;	34,5981	;	33,8178	;	16/06/2010
34,3835	;	34,2761	;	34,5981	;	33,8372	;	17/06/2010
34,3639	;	34,4324	;	34,5105	;	34,0518	;	18/06/2010
34,6077	;	34,5786	;	34,881	;	34,2664	;	21/06/2010
34,4519	;	34,4324	;	34,9006	;	34,1397	;	22/06/2010
34,5493	;	34,5981	;	34,5981	;	33,7983	;	23/06/2010
34,3541	;	33,5056	;	34,5296	;	33,3006	;	24/06/2010
33,574	;	33,7494	;	33,7494	;	32,9692	;	25/06/2010
33,5546	;	33,6616	;	34,1201	;	33,4372	;	28/06/2010
33,164	;	32,2767	;	33,164	;	31,9938	;	29/06/2010
32,2865	;	31,7011	;	32,7642	;	31,6328	;	30/06/2010
32,2982	;	33,1666	;	33,1666	;	31,7226	;	01/07/2010
33,1765	;	33,479	;	33,557	;	32,6982	;	02/07/2010
33,3324	;	32,669	;	33,3716	;	32,669	;	05/07/2010
33,157	;	33,4497	;	33,4497	;	32,9912	;	06/07/2010
33,557	;	35,411	;	35,411	;	33,4497	;	07/07/2010
35,3719	;	36,2014	;	36,4844	;	35,2743	;	08/07/2010
36,4161	;	36,3282	;	37,0308	;	35,8791	;	12/07/2010
36,4453	;	36,4453	;	36,6307	;	36,2499	;	13/07/2010
36,1916	;	36,1819	;	36,4943	;	35,889	;	14/07/2010
36,0451	;	36,1039	;	36,289	;	35,4891	;	15/07/2010
36,0551	;	35,1963	;	36,2304	;	35,0206	;	16/07/2010
35,5184	;	36,0061	;	36,0061	;	35,2061	;	19/07/2010
35,772	;	36,3086	;	36,5428	;	35,5768	;	20/07/2010
36,5428	;	36,1916	;	36,6111	;	35,8696	;	21/07/2010
36,572	;	37,1771	;	37,2355	;	36,4258	;	22/07/2010
37,2649	;	37,5675	;	37,5675	;	36,9332	;	23/07/2010
37,6163	;	37,6553	;	37,8603	;	37,343	;	26/07/2010
37,8603	;	37,5675	;	38,026	;	37,4602	;	27/07/2010
37,5675	;	38,4456	;	38,6212	;	37,382	;	28/07/2010
38,6308	;	38,4748	;	38,6407	;	37,9382	;	29/07/2010
38,1042	;	38,6308	;	38,6896	;	37,7724	;	30/07/2010
38,6525	;	38,76	;	38,9354	;	38,4379	;	02/08/2010
38,0571	;	37,5788	;	38,3107	;	37,4617	;	03/08/2010
37,8131	;	36,9346	;	37,9109	;	36,6712	;	04/08/2010
36,9835	;	37,0028	;	37,3348	;	36,8078	;	05/08/2010
36,8176	;	37,4324	;	37,5302	;	36,7981	;	06/08/2010
37,6765	;	37,5788	;	37,8717	;	37,3836	;	09/08/2010
37,3348	;	37,403	;	37,5788	;	37,0225	;	10/08/2010
37,1443	;	36,8103	;	37,1836	;	36,3584	;	11/08/2010
36,5744	;	36,9871	;	37,0461	;	36,3977	;	12/08/2010
36,8692	;	37,0461	;	37,3604	;	36,8594	;	13/08/2010
36,7906	;	37,223	;	37,331	;	36,7906	;	16/08/2010
37,331	;	37,4684	;	37,606	;	37,1443	;	17/08/2010
37,331	;	37,38	;	37,4782	;	37,105	;	18/08/2010
37,1836	;	36,9379	;	37,7041	;	36,8495	;	19/08/2010
36,8396	;	36,8594	;	36,9576	;	36,545	;	20/08/2010
36,712	;	36,604	;	37,154	;	36,604	;	23/08/2010
36,3977	;	35,9753	;	36,4763	;	35,7886	;	24/08/2010
35,9065	;	35,9555	;	36,0243	;	35,2777	;	25/08/2010
36,0047	;	35,0616	;	36,1423	;	35,0322	;	26/08/2010
35,435	;	36,545	;	36,545	;	35,042	;	27/08/2010
36,2501	;	36,103	;	36,4468	;	35,828	;	30/08/2010
36,2994	;	37,154	;	37,154	;	36,1521	;	31/08/2010
37,3428	;	37,6475	;	37,9029	;	37,2248	;	01/09/2010
37,5983	;	37,2443	;	37,5983	;	37,1463	;	02/09/2010
37,5393	;	37,1954	;	37,6574	;	37,0284	;	03/09/2010
37,1954	;	36,8514	;	37,2937	;	36,5761	;	06/09/2010
36,989	;	36,8024	;	36,989	;	36,6155	;	08/09/2010
36,8908	;	36,6253	;	37,1267	;	36,4389	;	09/09/2010
36,5761	;	36,5468	;	36,7237	;	36,3207	;	10/09/2010
36,8808	;	37,8341	;	37,8341	;	36,8808	;	13/09/2010
37,7358	;	38,3746	;	38,5122	;	37,6475	;	14/09/2010
38,1683	;	38,6005	;	38,6005	;	37,9324	;	15/09/2010
38,3549	;	38,2273	;	38,4533	;	38,0405	;	16/09/2010
38,1093	;	38,0305	;	38,5023	;	37,559	;	17/09/2010
38,0994	;	38,3255	;	38,3255	;	37,8636	;	20/09/2010
38,1977	;	37,7261	;	38,3746	;	37,5196	;	21/09/2010
37,7161	;	37,9816	;	38,3352	;	37,4607	;	22/09/2010
37,6376	;	38,2764	;	38,9152	;	37,6376	;	23/09/2010
38,5122	;	37,9816	;	38,5122	;	37,4902	;	24/09/2010
37,9324	;	38,0305	;	38,2273	;	37,5393	;	27/09/2010
38,0305	;	38,3746	;	38,6399	;	37,8833	;	28/09/2010
38,1486	;	39,0724	;	39,0724	;	38,1486	;	29/09/2010
39,0724	;	39,7701	;	39,7701	;	39,0134	;	30/09/2010
39,8683	;	40,1142	;	40,2125	;	39,5538	;	01/10/2010
39,9962	;	40,1633	;	40,1633	;	39,7112	;	04/10/2010
40,3109	;	41,1662	;	41,2744	;	40,2027	;	05/10/2010
41,2252	;	40,8024	;	41,2252	;	40,5566	;	06/10/2010
41,0579	;	40,8812	;	41,0579	;	40,3502	;	07/10/2010
40,7532	;	41,7757	;	41,7757	;	40,7532	;	08/10/2010
41,7364	;	41,4612	;	41,7856	;	41,3334	;	11/10/2010
41,6871	;	41,943	;	42,1494	;	41,2547	;	13/10/2010
41,7856	;	41,6383	;	41,884	;	40,95	;	14/10/2010
41,7856	;	42,051	;	42,051	;	41,3726	;	15/10/2010
41,6577	;	42,2773	;	42,4541	;	41,3726	;	18/10/2010
41,5398	;	41,4316	;	42,1395	;	41,048	;	19/10/2010
41,5006	;	41,8347	;	42,1592	;	41,1859	;	20/10/2010
41,884	;	41,3039	;	42,2773	;	41,0383	;	21/10/2010
41,5891	;	41,6773	;	41,815	;	41,1957	;	22/10/2010
41,9528	;	41,7856	;	42,1789	;	41,5989	;	25/10/2010
41,5103	;	41,6871	;	41,8446	;	41,4218	;	26/10/2010
41,7561	;	40,8418	;	41,7954	;	40,3895	;	27/10/2010
41,2941	;	40,4483	;	41,2941	;	40,4483	;	28/10/2010
40,6844	;	40,8024	;	40,8024	;	40,2716	;	29/10/2010
40,8832	;	41,5813	;	41,5813	;	40,7159	;	01/11/2010
41,4535	;	41,4535	;	42,0042	;	41,1683	;	03/11/2010
41,7977	;	42,3878	;	42,4566	;	41,6109	;	04/11/2010
42,3681	;	42,7713	;	42,7713	;	42,1418	;	05/11/2010
42,4861	;	42,8107	;	42,9386	;	42,309	;	08/11/2010
42,9974	;	41,6599	;	42,9974	;	41,6599	;	09/11/2010
41,601	;	42,1418	;	42,1418	;	41,0698	;	10/11/2010
41,7387	;	41,306	;	41,7387	;	41,1289	;	11/11/2010
41,06	;	41,306	;	41,306	;	40,5684	;	12/11/2010
41,0207	;	40,4699	;	41,424	;	40,0177	;	16/11/2010
40,5191	;	40,4208	;	40,6766	;	40,2439	;	17/11/2010
40,9617	;	40,8241	;	41,247	;	40,7355	;	18/11/2010
40,6372	;	41,2371	;	41,3649	;	40,4011	;	19/11/2010
41,0895	;	40,5979	;	41,1781	;	40,0963	;	22/11/2010
40,0177	;	39,5258	;	40,2832	;	39,1522	;	23/11/2010
39,7226	;	39,87	;	40,6372	;	39,6341	;	24/11/2010
40,0177	;	39,8012	;	40,0275	;	39,4767	;	25/11/2010
39,457	;	39,4374	;	39,6341	;	39,1226	;	26/11/2010
39,2898	;	38,9456	;	39,3587	;	38,4538	;	29/11/2010
38,7981	;	38,6013	;	39,2603	;	38,5129	;	30/11/2010
39,3511	;	39,3609	;	39,8133	;	39,0067	;	01/12/2010
39,6363	;	39,4987	;	39,9315	;	39,4987	;	02/12/2010
39,1739	;	38,8887	;	39,42	;	38,6131	;	03/12/2010
38,9083	;	38,5346	;	38,9574	;	38,3082	;	06/12/2010
38,8789	;	38,6623	;	39,2132	;	38,5641	;	07/12/2010
38,6623	;	38,2983	;	38,6722	;	37,836	;	08/12/2010
38,318	;	37,7671	;	38,4164	;	37,5114	;	09/12/2010
37,964	;	37,7671	;	38,1213	;	37,3835	;	10/12/2010
38,0622	;	37,8754	;	38,141	;	37,4917	;	13/12/2010
37,964	;	38,0426	;	38,0426	;	37,2654	;	14/12/2010
37,7278	;	37,8261	;	37,9738	;	37,4228	;	15/12/2010
37,8754	;	37,5212	;	38,0819	;	37,1965	;	16/12/2010
37,4818	;	37,8754	;	37,8852	;	37,0884	;	17/12/2010
37,9738	;	37,0491	;	38,013	;	37,0491	;	20/12/2010
37,1867	;	37,9049	;	38,0524	;	37,1374	;	21/12/2010
37,964	;	38,7903	;	38,7903	;	37,5901	;	22/12/2010
38,5444	;	38,6919	;	39,0165	;	38,4853	;	23/12/2010
38,5641	;	38,0229	;	38,5934	;	38,0229	;	27/12/2010
38,2592	;	38,0032	;	38,2789	;	37,7572	;	28/12/2010
38,0721	;	38,8494	;	38,8789	;	38,0327	;	29/12/2010
38,9574	;	39,1445	;	39,1445	;	38,4656	;	30/12/2010
39,1692	;	39,2482	;	39,644	;	39,0208	;	03/01/2011
39,268	;	39,5648	;	39,7923	;	39,1692	;	04/01/2011
39,367	;	40,1582	;	40,2077	;	39,1099	;	05/01/2011
39,9704	;	39,2087	;	40,0495	;	39,1692	;	06/01/2011
39,1297	;	38,2494	;	39,4264	;	38,0415	;	07/01/2011
38,0415	;	38,556	;	38,556	;	37,5668	;	10/01/2011
38,8329	;	38,7933	;	39,1297	;	38,6746	;	11/01/2011
39,1594	;	39,8121	;	39,8121	;	39,0109	;	12/01/2011
39,9605	;	38,9416	;	39,9902	;	38,9416	;	13/01/2011
38,9713	;	39,1791	;	39,3571	;	38,7735	;	14/01/2011
39,0208	;	38,6251	;	39,0208	;	38,5758	;	17/01/2011
38,8724	;	38,1306	;	38,8724	;	37,992	;	18/01/2011
38,1999	;	37,7151	;	38,3382	;	37,5866	;	19/01/2011
37,5866	;	36,7953	;	37,6361	;	36,5875	;	20/01/2011
36,9041	;	36,8052	;	37,2899	;	36,5974	;	21/01/2011
36,8546	;	37,0722	;	37,092	;	36,7459	;	24/01/2011
37,0327	;	36,5479	;	37,2701	;	36,5479	;	26/01/2011
36,7953	;	36,6964	;	36,914	;	35,5293	;	27/01/2011
36,4985	;	35,8952	;	36,6469	;	35,1335	;	28/01/2011
35,9842	;	35,2028	;	36,1622	;	35,1138	;	31/01/2011
35,472	;	35,7193	;	35,8282	;	35,3928	;	01/02/2011
35,7787	;	35,3829	;	36,1645	;	35,2641	;	02/02/2011
35,4027	;	35,0168	;	35,4027	;	34,8288	;	03/02/2011
34,9278	;	34,0471	;	34,9376	;	33,8096	;	04/02/2011
34,2747	;	34,3934	;	34,5221	;	33,8195	;	07/02/2011
34,2153	;	35,4225	;	35,8381	;	34,1658	;	08/02/2011
35,2443	;	34,5914	;	35,6203	;	34,4429	;	09/02/2011
34,532	;	34,3934	;	34,9574	;	34,334	;	10/02/2011
34,6111	;	35,7292	;	35,7985	;	34,2747	;	11/02/2011
35,5708	;	35,9963	;	36,2833	;	35,472	;	14/02/2011
35,8578	;	36,6296	;	36,7088	;	35,5609	;	15/02/2011
36,689	;	37,4508	;	37,4706	;	36,689	;	16/02/2011
37,4706	;	37,807	;	37,9851	;	37,1045	;	17/02/2011
37,5993	;	37,6389	;	37,9555	;	37,4508	;	18/02/2011
37,5795	;	37,0551	;	37,5795	;	36,9561	;	21/02/2011
36,9066	;	36,2437	;	37,2035	;	35,7688	;	22/02/2011
36,4119	;	36,4218	;	36,6098	;	35,749	;	23/02/2011
36,5801	;	36,0854	;	37,2035	;	35,6698	;	24/02/2011
36,3031	;	35,9271	;	36,6098	;	35,2938	;	25/02/2011
36,1151	;	36,6098	;	36,6791	;	35,9271	;	28/02/2011
36,6415	;	35,8299	;	36,8196	;	35,7507	;	01/03/2011
35,6814	;	35,9585	;	36,1763	;	35,6814	;	02/03/2011
36,1169	;	36,8394	;	36,9483	;	35,9882	;	03/03/2011
36,6316	;	36,9582	;	37,1661	;	36,3445	;	04/03/2011
36,55	;	36,21	;	37	;	36,11	;	09/03/2011
35,5	;	34,82	;	35,5	;	34,82	;	10/03/2011
34,7	;	35,68	;	35,68	;	34,55	;	11/03/2011
