-165	;	38,3554	;	75,5453	;	03/01/08
-164	;	36,4735	;	38,8632	;	04/01/08
-161	;	35,4025	;	17,9873	;	07/01/08
-160	;	37,3473	;	55,8954	;	08/01/08
-159	;	38,0508	;	69,6080	;	09/01/08
-158	;	37,6835	;	55,2143	;	10/01/08
-157	;	36,5453	;	27,1610	;	11/01/08
-154	;	36,4689	;	25,3452	;	14/01/08
-153	;	34,8631	;	0,0000	;	15/01/08
-152	;	33,5501	;	0,0000	;	16/01/08
-151	;	31,8636	;	0,0000	;	17/01/08
-150	;	32,2908	;	5,5148	;	18/01/08
-147	;	29,8937	;	0,0000	;	21/01/08
-146	;	32,8124	;	34,4931	;	22/01/08
-145	;	32,2504	;	28,8914	;	23/01/08
-144	;	34,5125	;	56,6231	;	24/01/08
-140	;	36,3699	;	79,3934	;	28/01/08
-139	;	36,3382	;	79,0048	;	29/01/08
-138	;	37,1613	;	93,2964	;	30/01/08
-137	;	36,1585	;	86,2018	;	31/01/08
-136	;	36,7432	;	94,2471	;	01/02/08
-131	;	35,4387	;	76,2975	;	06/02/08
-130	;	36,5408	;	91,4621	;	07/02/08
-129	;	36,7881	;	94,8649	;	08/02/08
-126	;	37,4042	;	100,0000	;	11/02/08
-125	;	37,4806	;	100,0000	;	12/02/08
-124	;	38,0293	;	100,0000	;	13/02/08
-123	;	37,5663	;	91,9881	;	14/02/08
-122	;	37,2377	;	77,4909	;	15/02/08
-119	;	38,2047	;	100,0000	;	18/02/08
-118	;	38,3621	;	100,0000	;	19/02/08
-117	;	38,4522	;	100,0000	;	20/02/08
-116	;	37,7821	;	77,7634	;	21/02/08
-115	;	37,9125	;	82,0906	;	22/02/08
-112	;	37,8900	;	81,3440	;	25/02/08
-111	;	37,9574	;	74,1132	;	26/02/08
-110	;	38,5419	;	100,0000	;	27/02/08
-109	;	38,7445	;	100,0000	;	28/02/08
-108	;	36,6307	;	0,0000	;	29/02/08
-105	;	36,3834	;	0,0000	;	03/03/08
-104	;	35,3714	;	0,0000	;	04/03/08
-103	;	36,2484	;	25,9998	;	05/03/08
-102	;	35,5334	;	4,8027	;	06/03/08
-101	;	35,1511	;	0,0000	;	07/03/08
-98	;	34,4945	;	0,0000	;	10/03/08
-97	;	35,8481	;	31,8494	;	11/03/08
-96	;	35,6727	;	27,7224	;	12/03/08
-95	;	35,2050	;	16,7177	;	13/03/08
-94	;	34,5125	;	0,4235	;	14/03/08
-91	;	33,2038	;	0,0000	;	17/03/08
-90	;	33,7076	;	9,0927	;	18/03/08
-89	;	31,2114	;	0,0000	;	19/03/08
-88	;	31,2114	;	0,0000	;	20/03/08
-84	;	31,4813	;	5,3584	;	24/03/08
-83	;	33,1452	;	38,3919	;	25/03/08
-82	;	33,6848	;	53,3440	;	26/03/08
-81	;	32,8798	;	35,9825	;	27/03/08
-80	;	32,6551	;	31,1364	;	28/03/08
-77	;	33,2758	;	44,5230	;	31/03/08
-76	;	34,0716	;	64,1114	;	01/04/08
-75	;	34,9758	;	94,2608	;	02/04/08
-74	;	35,3940	;	100,0000	;	03/04/08
-73	;	35,5288	;	100,0000	;	04/04/08
-70	;	35,3937	;	96,8708	;	07/04/08
-69	;	36,0655	;	100,0000	;	08/04/08
-68	;	36,0879	;	100,0000	;	09/04/08
-67	;	36,2188	;	100,0000	;	10/04/08
-66	;	35,4162	;	77,4785	;	11/04/08
-63	;	37,4089	;	100,0000	;	14/04/08
-62	;	37,8462	;	100,0000	;	15/04/08
-61	;	37,6028	;	95,3112	;	16/04/08
-60	;	38,3694	;	100,0000	;	17/04/08
-59	;	38,4594	;	100,0000	;	18/04/08
-55	;	38,8653	;	100,0000	;	22/04/08
-54	;	38,3332	;	84,6728	;	23/04/08
-53	;	37,5127	;	61,0381	;	24/04/08
-52	;	38,0087	;	75,3255	;	25/04/08
-49	;	38,4053	;	86,6632	;	28/04/08
-48	;	36,8814	;	42,4807	;	29/04/08
-47	;	38,0536	;	76,4663	;	30/04/08
-45	;	38,7751	;	97,3848	;	02/05/08
-42	;	39,5417	;	100,0000	;	05/05/08
-41	;	40,5786	;	100,0000	;	06/05/08
-40	;	40,4432	;	96,3378	;	07/05/08
-39	;	40,5786	;	100,0000	;	08/05/08
-38	;	41,1827	;	100,0000	;	09/05/08
-35	;	41,2550	;	100,0000	;	12/05/08
-34	;	42,3371	;	100,0000	;	13/05/08
-33	;	41,7508	;	89,2534	;	14/05/08
-32	;	42,4813	;	100,0000	;	15/05/08
-31	;	43,4191	;	100,0000	;	16/05/08
-28	;	45,0874	;	100,0000	;	19/05/08
-27	;	46,5842	;	100,0000	;	20/05/08
-26	;	47,3506	;	100,0000	;	21/05/08
-24	;	45,5924	;	77,4847	;	23/05/08
-21	;	46,5029	;	87,7277	;	26/05/08
-20	;	44,9970	;	65,9264	;	27/05/08
-19	;	45,9800	;	79,7608	;	28/05/08
-18	;	44,4921	;	53,6552	;	29/05/08
-17	;	44,1855	;	48,0757	;	30/05/08
-14	;	44,8980	;	56,2020	;	02/06/08
-13	;	42,7877	;	18,5167	;	03/06/08
-12	;	40,8311	;	0,0000	;	04/06/08
-11	;	42,8871	;	31,5362	;	05/06/08
-10	;	42,9142	;	31,9518	;	06/06/08
-7	;	42,8147	;	30,4257	;	09/06/08
-6	;	41,4804	;	9,9594	;	10/06/08
-5	;	40,9394	;	1,9095	;	11/06/08
-4	;	40,7408	;	0,0000	;	12/06/08
-3	;	41,3904	;	12,3988	;	13/06/08
0	;	41,3000	;	10,6734	;	16/06/08
1	;	41,7058	;	23,2127	;	17/06/08
2	;	40,9394	;	4,7773	;	18/06/08
3	;	39,5866	;	0,0000	;	19/06/08
4	;	38,8923	;	0,0000	;	20/06/08
7	;	39,5778	;	17,0442	;	23/06/08
8	;	39,4695	;	14,3514	;	24/06/08
9	;	40,5335	;	40,8066	;	25/06/08
10	;	40,4885	;	40,6945	;	26/06/08
11	;	40,8491	;	69,5504	;	27/06/08
14	;	41,6699	;	98,7240	;	30/06/08
15	;	41,5615	;	94,8712	;	01/07/08
16	;	39,6589	;	27,2472	;	02/07/08
17	;	38,3694	;	0,0000	;	03/07/08
18	;	38,9554	;	17,5638	;	04/07/08
21	;	37,8102	;	0,0000	;	07/07/08
22	;	36,6199	;	0,0000	;	08/07/08
24	;	36,1149	;	0,0000	;	10/07/08
25	;	36,6109	;	8,9289	;	11/07/08
28	;	36,8634	;	13,4744	;	14/07/08
29	;	36,5658	;	8,1170	;	15/07/08
30	;	35,8626	;	0,0000	;	16/07/08
31	;	34,0861	;	0,0000	;	17/07/08
32	;	34,4467	;	4,7549	;	18/07/08
35	;	34,9517	;	11,5793	;	21/07/08
36	;	33,7523	;	0,0000	;	22/07/08
37	;	32,5531	;	0,0000	;	23/07/08
38	;	31,1102	;	0,0000	;	24/07/08
39	;	31,1102	;	0,0000	;	25/07/08
42	;	31,4258	;	5,4856	;	28/07/08
43	;	31,3808	;	4,7035	;	29/07/08
44	;	32,9137	;	31,3478	;	30/07/08
45	;	32,3729	;	21,9478	;	31/07/08
46	;	31,1192	;	0,1650	;	01/08/08
49	;	29,6584	;	0,0000	;	04/08/08
50	;	29,0363	;	0,0000	;	05/08/08
51	;	30,0281	;	16,7664	;	06/08/08
52	;	30,5331	;	25,3035	;	07/08/08
53	;	30,2537	;	25,8143	;	08/08/08
56	;	29,4870	;	11,6238	;	11/08/08
57	;	29,8207	;	20,2301	;	12/08/08
58	;	30,4339	;	36,0448	;	13/08/08
59	;	30,1542	;	28,8312	;	14/08/08
60	;	29,4601	;	10,9300	;	15/08/08
63	;	28,5672	;	0,0000	;	18/08/08
64	;	29,4241	;	22,5162	;	19/08/08
65	;	30,8486	;	89,3966	;	20/08/08
66	;	31,9127	;	100,0000	;	21/08/08
67	;	31,8227	;	97,3098	;	22/08/08
70	;	30,4880	;	57,4144	;	25/08/08
71	;	30,8309	;	67,6640	;	26/08/08
72	;	31,7415	;	94,8827	;	27/08/08
73	;	31,8768	;	98,9269	;	28/08/08
74	;	31,4710	;	86,7972	;	29/08/08
77	;	30,8486	;	68,1931	;	01/09/08
78	;	30,0372	;	43,9396	;	02/09/08
79	;	29,3969	;	24,8005	;	03/09/08
80	;	28,3600	;	0,0000	;	04/09/08
81	;	28,7297	;	10,4062	;	05/09/08
84	;	27,2868	;	0,0000	;	08/09/08
85	;	25,5645	;	0,0000	;	09/09/08
86	;	25,8622	;	4,7162	;	10/09/08
87	;	28,3148	;	43,5705	;	11/09/08
88	;	29,7577	;	66,4290	;	12/09/08
91	;	26,8721	;	20,7151	;	15/09/08
92	;	28,2247	;	42,1431	;	16/09/08
93	;	26,8721	;	22,1383	;	17/09/08
94	;	29,0363	;	65,7028	;	18/09/08
95	;	31,5430	;	100,0000	;	19/09/08
98	;	31,4710	;	98,7957	;	22/09/08
99	;	29,9832	;	73,9098	;	23/09/08
100	;	31,1013	;	92,6119	;	24/09/08
101	;	32,5079	;	100,0000	;	25/09/08
102	;	31,9487	;	91,9463	;	26/09/08
105	;	29,5324	;	55,2267	;	29/09/08
106	;	31,6513	;	84,8007	;	30/09/08
107	;	31,4710	;	81,6016	;	01/10/08
108	;	28,9009	;	35,9984	;	02/10/08
109	;	27,9541	;	19,1987	;	03/10/08
112	;	27,0523	;	3,1974	;	06/10/08
113	;	25,5195	;	0,0000	;	07/10/08
114	;	24,0768	;	0,0000	;	08/10/08
115	;	23,3371	;	0,0000	;	09/10/08
116	;	21,6419	;	0,0000	;	10/10/08
119	;	24,2568	;	24,0650	;	13/10/08
120	;	24,6177	;	27,3863	;	14/10/08
121	;	21,6419	;	0,0000	;	15/10/08
122	;	20,0188	;	0,0000	;	16/10/08
123	;	20,7312	;	6,1242	;	17/10/08
126	;	22,8953	;	25,1174	;	20/10/08
127	;	22,5438	;	28,4280	;	21/10/08
128	;	20,9207	;	11,3657	;	22/10/08
129	;	20,4697	;	6,4108	;	23/10/08
130	;	18,3956	;	0,0000	;	24/10/08
133	;	16,3307	;	0,0000	;	27/10/08
134	;	18,0801	;	21,1102	;	28/10/08
135	;	19,2974	;	35,7994	;	29/10/08
136	;	20,6049	;	51,5772	;	30/10/08
137	;	21,0197	;	56,5826	;	31/10/08
140	;	20,8666	;	69,0964	;	03/11/08
141	;	22,6337	;	96,0150	;	04/11/08
142	;	21,8673	;	84,3403	;	05/11/08
143	;	20,6500	;	65,7969	;	06/11/08
144	;	20,9746	;	73,6776	;	07/11/08
147	;	21,5968	;	83,5491	;	10/11/08
148	;	21,5608	;	82,9780	;	11/11/08
149	;	18,5940	;	35,9083	;	12/11/08
150	;	19,0268	;	42,7749	;	13/11/08
151	;	18,7205	;	14,0636	;	14/11/08
154	;	18,4408	;	0,0000	;	17/11/08
155	;	17,3587	;	0,0000	;	18/11/08
156	;	16,6823	;	0,0000	;	19/11/08
158	;	15,2306	;	0,0000	;	21/11/08
161	;	17,3406	;	28,5016	;	24/11/08
162	;	17,4579	;	33,5604	;	25/11/08
163	;	18,5039	;	51,4169	;	26/11/08
164	;	17,9899	;	43,3430	;	27/11/08
165	;	18,0888	;	44,8965	;	28/11/08
168	;	16,5921	;	21,5080	;	01/12/08
169	;	16,5019	;	33,4888	;	02/12/08
170	;	17,4129	;	57,4864	;	03/12/08
171	;	16,7726	;	44,1847	;	04/12/08
172	;	16,3758	;	34,9861	;	05/12/08
175	;	18,2242	;	91,4551	;	08/12/08
176	;	18,1342	;	88,7056	;	09/12/08
177	;	19,7844	;	100,0000	;	10/12/08
178	;	20,1360	;	100,0000	;	11/12/08
179	;	20,3795	;	100,0000	;	12/12/08
182	;	20,6500	;	100,0000	;	15/12/08
183	;	21,4615	;	100,0000	;	16/12/08
184	;	21,9576	;	100,0000	;	17/12/08
185	;	21,1911	;	86,2679	;	18/12/08
186	;	21,0558	;	83,8439	;	19/12/08
189	;	19,9646	;	64,2947	;	22/12/08
190	;	19,8385	;	62,0355	;	23/12/08
193	;	20,5598	;	74,9579	;	26/12/08
196	;	21,0459	;	76,1547	;	29/12/08
197	;	21,3449	;	83,9750	;	30/12/08
200	;	22,9335	;	100,0000	;	02/01/09
203	;	23,4568	;	100,0000	;	05/01/09
204	;	23,7840	;	100,0000	;	06/01/09
205	;	22,8494	;	76,3123	;	07/01/09
206	;	23,8308	;	100,0000	;	08/01/09
207	;	23,7373	;	97,6580	;	09/01/09
210	;	22,1952	;	59,0311	;	12/01/09
211	;	22,3824	;	63,7202	;	13/01/09
212	;	21,7747	;	48,4984	;	14/01/09
213	;	22,5223	;	67,2244	;	15/01/09
214	;	22,6905	;	65,1391	;	16/01/09
217	;	22,2700	;	43,9549	;	19/01/09
218	;	21,5504	;	8,2666	;	20/01/09
219	;	22,6718	;	49,1756	;	21/01/09
220	;	22,0925	;	23,7722	;	22/01/09
221	;	22,0459	;	21,7286	;	23/01/09
224	;	22,2419	;	30,3236	;	26/01/09
225	;	22,3353	;	34,4194	;	27/01/09
226	;	23,5503	;	91,4491	;	28/01/09
227	;	23,3913	;	92,0496	;	29/01/09
228	;	23,3913	;	92,0496	;	30/01/09
231	;	23,0736	;	76,1638	;	02/02/09
232	;	23,9054	;	100,0000	;	03/02/09
233	;	24,0178	;	100,0000	;	04/02/09
234	;	24,2980	;	100,0000	;	05/02/09
235	;	25,3260	;	100,0000	;	06/02/09
238	;	25,5970	;	100,0000	;	09/02/09
239	;	25,0457	;	84,4752	;	10/02/09
240	;	25,1109	;	86,3113	;	11/02/09
241	;	24,9520	;	80,7755	;	12/02/09
242	;	25,7933	;	100,0000	;	13/02/09
245	;	26,0923	;	100,0000	;	16/02/09
246	;	24,6718	;	52,9433	;	17/02/09
247	;	24,1952	;	37,1551	;	18/02/09
248	;	24,5784	;	49,8493	;	19/02/09
249	;	24,0923	;	8,5463	;	20/02/09
254	;	24,5314	;	24,7578	;	25/02/09
255	;	24,7839	;	34,5800	;	26/02/09
256	;	24,6718	;	28,9750	;	27/02/09
259	;	23,3822	;	0,0000	;	02/03/09
260	;	23,1764	;	0,0000	;	03/03/09
261	;	24,6437	;	50,3207	;	04/03/09
262	;	24,2980	;	38,4650	;	05/03/09
263	;	23,9896	;	27,8885	;	06/03/09
266	;	24,0178	;	28,8556	;	09/03/09
267	;	25,2979	;	100,0000	;	10/03/09
268	;	25,4286	;	100,0000	;	11/03/09
269	;	25,7464	;	100,0000	;	12/03/09
270	;	25,8868	;	100,0000	;	13/03/09
273	;	25,4100	;	82,4085	;	16/03/09
274	;	26,1485	;	100,0000	;	17/03/09
275	;	26,4474	;	100,0000	;	18/03/09
276	;	27,3352	;	100,0000	;	19/03/09
277	;	27,1952	;	96,6336	;	20/03/09
280	;	28,8397	;	100,0000	;	23/03/09
281	;	28,3632	;	90,1755	;	24/03/09
282	;	28,4380	;	91,7177	;	25/03/09
283	;	28,3818	;	90,5037	;	26/03/09
284	;	27,6624	;	66,7598	;	27/03/09
287	;	26,8958	;	43,3216	;	30/03/09
288	;	26,6810	;	37,0586	;	31/03/09
289	;	27,4754	;	60,2210	;	01/04/09
290	;	28,5035	;	90,1974	;	02/04/09
291	;	28,4101	;	84,0369	;	03/04/09
294	;	28,3071	;	77,7369	;	06/04/09
295	;	28,0079	;	61,4676	;	07/04/09
296	;	27,9240	;	57,5810	;	08/04/09
297	;	29,1627	;	100,0000	;	09/04/09
298	;	29,1627	;	100,0000	;	10/04/09
301	;	29,1155	;	98,0981	;	13/04/09
302	;	28,8412	;	87,0452	;	14/04/09
303	;	28,3495	;	67,2321	;	15/04/09
304	;	28,3684	;	67,9937	;	16/04/09
305	;	27,9145	;	49,7038	;	17/04/09
308	;	27,2338	;	0,0000	;	20/04/09
310	;	27,0539	;	0,0000	;	22/04/09
311	;	27,6782	;	29,6045	;	23/04/09
312	;	27,7159	;	31,3923	;	24/04/09
315	;	27,1296	;	3,5897	;	27/04/09
316	;	27,2621	;	9,8729	;	28/04/09
317	;	28,1226	;	50,6781	;	29/04/09
318	;	27,9334	;	41,7062	;	30/04/09
322	;	29,9097	;	100,0000	;	04/05/09
323	;	30,3353	;	100,0000	;	05/05/09
324	;	30,7799	;	100,0000	;	06/05/09
325	;	30,2408	;	85,5314	;	07/05/09
326	;	31,2052	;	100,0000	;	08/05/09
329	;	31,0823	;	97,0395	;	11/05/09
330	;	30,5905	;	85,1926	;	12/05/09
331	;	29,7680	;	64,7365	;	13/05/09
332	;	30,0137	;	70,7650	;	14/05/09
333	;	29,5978	;	60,5604	;	15/05/09
336	;	30,9311	;	93,0486	;	18/05/09
337	;	30,9405	;	91,9097	;	19/05/09
338	;	31,3470	;	100,0000	;	20/05/09
339	;	30,7324	;	64,8639	;	21/05/09
340	;	31,0823	;	84,8674	;	22/05/09
343	;	31,1580	;	89,1951	;	25/05/09
344	;	31,9051	;	100,0000	;	26/05/09
345	;	31,9051	;	100,0000	;	27/05/09
346	;	32,7657	;	100,0000	;	28/05/09
347	;	32,5764	;	94,0244	;	29/05/09
350	;	33,3236	;	100,0000	;	01/06/09
351	;	32,6712	;	82,4897	;	02/06/09
352	;	31,3470	;	46,9483	;	03/06/09
353	;	32,2361	;	58,0310	;	04/06/09
354	;	32,1320	;	54,0136	;	05/06/09
357	;	32,0374	;	50,3628	;	08/06/09
358	;	31,6876	;	36,8632	;	09/06/09
359	;	32,0374	;	42,6137	;	10/06/09
361	;	32,1036	;	43,6646	;	12/06/09
364	;	31,4889	;	7,1790	;	15/06/09
365	;	30,7799	;	0,0000	;	16/06/09
366	;	30,3069	;	0,0000	;	17/06/09
367	;	30,0327	;	0,0000	;	18/06/09
368	;	30,2124	;	5,4605	;	19/06/09
371	;	29,1818	;	0,0000	;	22/06/09
372	;	29,6924	;	16,7174	;	23/06/09
373	;	29,3141	;	4,3316	;	24/06/09
374	;	30,4961	;	44,5495	;	25/06/09
375	;	30,4961	;	44,9826	;	26/06/09
378	;	31,2527	;	70,8775	;	29/06/09
379	;	30,6853	;	51,4580	;	30/06/09
380	;	30,0705	;	30,4162	;	01/07/09
381	;	29,5409	;	15,5650	;	02/07/09
382	;	29,3235	;	6,8424	;	03/07/09
385	;	28,6837	;	0,0000	;	06/07/09
386	;	28,0248	;	0,0000	;	07/07/09
387	;	27,7959	;	0,0000	;	08/07/09
388	;	27,7959	;	0,0000	;	09/07/09
389	;	28,3305	;	15,4652	;	10/07/09
392	;	28,4451	;	18,7804	;	13/07/09
393	;	28,2540	;	13,2521	;	14/07/09
394	;	29,3713	;	45,5739	;	15/07/09
395	;	29,5525	;	50,8158	;	16/07/09
396	;	30,0778	;	78,9749	;	17/07/09
399	;	30,4598	;	100,0000	;	20/07/09
400	;	30,3834	;	97,1320	;	21/07/09
401	;	30,2591	;	92,4659	;	22/07/09
402	;	30,9372	;	100,0000	;	23/07/09
403	;	31,0327	;	100,0000	;	24/07/09
406	;	30,9849	;	98,5232	;	27/07/09
407	;	30,3166	;	77,8763	;	28/07/09
408	;	29,5049	;	45,0175	;	29/07/09
409	;	29,8105	;	56,0154	;	30/07/09
410	;	30,0492	;	64,6058	;	31/07/09
413	;	31,0422	;	100,0000	;	03/08/09
414	;	30,6699	;	75,7822	;	04/08/09
415	;	30,8608	;	88,2001	;	05/08/09
416	;	30,4598	;	62,1154	;	06/08/09
417	;	30,5552	;	68,3211	;	07/08/09
420	;	30,6508	;	74,5398	;	10/08/09
421	;	29,8105	;	19,8790	;	11/08/09
422	;	30,4501	;	61,4844	;	12/08/09
423	;	31,0230	;	98,7511	;	13/08/09
424	;	30,8893	;	90,0540	;	14/08/09
427	;	30,5552	;	68,3211	;	17/08/09
428	;	30,8608	;	85,2724	;	18/08/09
429	;	31,3191	;	100,0000	;	19/08/09
430	;	31,5578	;	100,0000	;	20/08/09
431	;	32,1117	;	100,0000	;	21/08/09
434	;	31,8920	;	90,4528	;	24/08/09
435	;	31,7298	;	83,4043	;	25/08/09
436	;	31,6725	;	80,9143	;	26/08/09
437	;	31,3765	;	68,0515	;	27/08/09
438	;	31,0805	;	55,1886	;	28/08/09
441	;	29,9632	;	0,0000	;	31/08/09
442	;	30,1733	;	9,7789	;	01/09/09
443	;	30,6985	;	34,2239	;	02/09/09
444	;	30,7367	;	36,0019	;	03/09/09
445	;	31,0422	;	50,2211	;	04/09/09
449	;	31,3955	;	66,6651	;	08/09/09
450	;	31,5101	;	71,9991	;	09/09/09
451	;	31,8348	;	87,1119	;	10/09/09
452	;	31,6437	;	87,1267	;	11/09/09
455	;	31,7392	;	94,8921	;	14/09/09
456	;	31,8920	;	100,0000	;	15/09/09
457	;	32,7992	;	100,0000	;	16/09/09
458	;	32,7514	;	98,3145	;	17/09/09
459	;	33,0855	;	100,0000	;	18/09/09
462	;	33,0379	;	98,3655	;	21/09/09
463	;	33,2576	;	100,0000	;	22/09/09
464	;	32,7132	;	78,4045	;	23/09/09
465	;	32,2741	;	55,6062	;	24/09/09
466	;	32,5700	;	63,0740	;	25/09/09
469	;	33,3147	;	100,0000	;	28/09/09
470	;	33,2001	;	93,1418	;	29/09/09
471	;	33,4198	;	100,0000	;	30/09/09
472	;	32,6995	;	57,1403	;	01/10/09
473	;	32,8052	;	59,7722	;	02/10/09
476	;	33,0835	;	70,6468	;	05/10/09
477	;	33,1220	;	74,0072	;	06/10/09
478	;	33,2855	;	88,2779	;	07/10/09
479	;	34,0440	;	100,0000	;	08/10/09
480	;	34,2265	;	100,0000	;	09/10/09
483	;	34,2265	;	100,0000	;	12/10/09
484	;	34,3994	;	100,0000	;	13/10/09
485	;	34,7164	;	100,0000	;	14/10/09
486	;	35,1484	;	100,0000	;	15/10/09
487	;	34,9563	;	92,1557	;	16/10/09
490	;	35,8783	;	100,0000	;	19/10/09
491	;	35,0523	;	74,0154	;	20/10/09
492	;	35,2444	;	79,3726	;	21/10/09
493	;	35,5325	;	87,6270	;	22/10/09
494	;	35,0523	;	70,0323	;	23/10/09
497	;	35,2444	;	75,5515	;	26/10/09
498	;	34,5241	;	26,1735	;	27/10/09
499	;	32,8820	;	0,0000	;	28/10/09
500	;	34,6298	;	58,3319	;	29/10/09
501	;	33,6503	;	25,6416	;	30/10/09
505	;	34,1401	;	41,9885	;	03/11/09
506	;	34,2840	;	46,7910	;	04/11/09
507	;	34,9563	;	69,2287	;	05/11/09
508	;	34,6202	;	58,0116	;	06/11/09
511	;	35,6094	;	100,0000	;	09/11/09
512	;	35,9263	;	100,0000	;	10/11/09
513	;	36,1088	;	100,0000	;	11/11/09
514	;	35,3885	;	77,6776	;	12/11/09
515	;	35,6575	;	86,0140	;	13/11/09
518	;	35,8974	;	93,4486	;	16/11/09
519	;	36,8769	;	100,0000	;	17/11/09
520	;	36,6850	;	94,0526	;	18/11/09
521	;	36,9730	;	100,0000	;	19/11/09
522	;	36,9730	;	100,0000	;	20/11/09
525	;	37,3092	;	100,0000	;	23/11/09
526	;	37,5972	;	100,0000	;	24/11/09
527	;	37,8854	;	100,0000	;	25/11/09
528	;	36,9251	;	61,5403	;	26/11/09
529	;	37,3572	;	78,8458	;	27/11/09
532	;	37,2612	;	75,0010	;	30/11/09
533	;	38,2119	;	100,0000	;	01/12/09
534	;	37,8469	;	85,7109	;	02/12/09
535	;	37,7413	;	79,6673	;	03/12/09
536	;	36,8769	;	12,5680	;	04/12/09
539	;	36,8769	;	12,5680	;	07/12/09
540	;	36,0991	;	0,0000	;	08/12/09
541	;	36,0991	;	0,0000	;	09/12/09
542	;	36,2623	;	7,7244	;	10/12/09
543	;	36,3008	;	9,5466	;	11/12/09
546	;	36,3969	;	14,0950	;	14/12/09
547	;	36,4930	;	18,6435	;	15/12/09
548	;	36,3584	;	12,2728	;	16/12/09
549	;	35,4078	;	0,0000	;	17/12/09
550	;	35,1292	;	0,0000	;	18/12/09
553	;	33,9897	;	0,0000	;	21/12/09
554	;	35,0905	;	29,3422	;	22/12/09
555	;	35,4381	;	50,1663	;	23/12/09
560	;	35,4865	;	51,8426	;	28/12/09
561	;	35,5348	;	61,7225	;	29/12/09
562	;	35,4286	;	57,4801	;	30/12/09
567	;	36,0369	;	81,7801	;	04/01/10
568	;	35,7279	;	69,4363	;	05/01/10
569	;	36,2107	;	88,7229	;	06/01/10
570	;	35,8727	;	75,2207	;	07/01/10
571	;	35,6795	;	71,3387	;	08/01/10
574	;	35,5638	;	70,8735	;	11/01/10
575	;	35,1099	;	50,4367	;	12/01/10
576	;	35,0519	;	47,8253	;	13/01/10
577	;	34,4436	;	0,0000	;	14/01/10
578	;	34,5209	;	4,3744	;	15/01/10
581	;	35,2933	;	48,0844	;	18/01/10
582	;	35,1292	;	38,7980	;	19/01/10
583	;	34,2312	;	0,0000	;	20/01/10
584	;	33,1497	;	0,0000	;	21/01/10
585	;	33,5552	;	13,2473	;	22/01/10
589	;	32,7345	;	0,0000	;	26/01/10
590	;	32,9373	;	6,4623	;	27/01/10
591	;	33,4201	;	23,2801	;	28/01/10
592	;	32,9951	;	9,2108	;	29/01/10
595	;	33,1207	;	15,0930	;	01/02/10
596	;	32,9276	;	7,5465	;	02/02/10
597	;	32,8697	;	5,2837	;	03/02/10
598	;	31,1894	;	0,0000	;	04/02/10
599	;	30,4362	;	0,0000	;	05/02/10
602	;	30,6488	;	4,5302	;	08/02/10
603	;	31,1315	;	18,3215	;	09/02/10
604	;	31,5178	;	34,6778	;	10/02/10
605	;	32,2130	;	56,9670	;	11/02/10
606	;	32,6378	;	73,7826	;	12/02/10
611	;	33,0724	;	88,3475	;	17/02/10
612	;	33,4973	;	100,0000	;	18/02/10
613	;	33,1690	;	89,2751	;	19/02/10
616	;	33,4587	;	98,7390	;	22/02/10
617	;	33,0146	;	84,2312	;	23/02/10
618	;	32,7731	;	76,3418	;	24/02/10
619	;	33,1979	;	90,2192	;	25/02/10
620	;	33,4201	;	97,4780	;	26/02/10
623	;	33,7291	;	100,0000	;	01/03/10
624	;	33,9125	;	100,0000	;	02/03/10
625	;	33,9416	;	100,0000	;	03/03/10
626	;	33,9897	;	100,0000	;	04/03/10
627	;	34,5787	;	100,0000	;	05/03/10
630	;	34,4726	;	94,1238	;	08/03/10
631	;	35,2451	;	100,0000	;	09/03/10
632	;	35,7279	;	100,0000	;	10/03/10
633	;	35,7761	;	100,0000	;	11/03/10
634	;	35,7858	;	100,0000	;	12/03/10
637	;	35,5058	;	90,7060	;	15/03/10
638	;	35,9308	;	100,0000	;	16/03/10
639	;	35,8727	;	97,6859	;	17/03/10
640	;	35,7472	;	91,6610	;	18/03/10
641	;	34,9844	;	53,1091	;	19/03/10
644	;	34,9939	;	52,9007	;	22/03/10
645	;	34,5885	;	30,8485	;	23/03/10
646	;	34,8491	;	25,8195	;	24/03/10
647	;	33,9897	;	0,0000	;	25/03/10
648	;	33,3139	;	0,0000	;	26/03/10
651	;	33,7000	;	14,7541	;	29/03/10
652	;	33,6036	;	11,0704	;	30/03/10
653	;	34,1733	;	32,8404	;	31/03/10
654	;	34,5209	;	46,1233	;	01/04/10
658	;	34,7719	;	55,7148	;	05/04/10
659	;	34,8395	;	59,6217	;	06/04/10
660	;	34,5692	;	51,5884	;	07/04/10
661	;	34,5787	;	75,2857	;	08/04/10
662	;	34,0187	;	41,9524	;	09/04/10
665	;	33,2077	;	0,0000	;	12/04/10
666	;	33,0146	;	0,0000	;	13/04/10
667	;	33,0724	;	3,1673	;	14/04/10
668	;	32,4447	;	0,0000	;	15/04/10
669	;	31,8170	;	0,0000	;	16/04/10
672	;	32,3965	;	19,1729	;	19/04/10
673	;	33,1207	;	43,1332	;	20/04/10
675	;	32,6861	;	28,7543	;	22/04/10
676	;	33,0752	;	41,6278	;	23/04/10
679	;	32,4039	;	19,4177	;	26/04/10
680	;	31,2270	;	0,0000	;	27/04/10
681	;	31,5090	;	8,4136	;	28/04/10
682	;	32,1220	;	32,0593	;	29/04/10
683	;	31,9078	;	34,3717	;	30/04/10
686	;	30,6432	;	0,0000	;	03/05/10
687	;	29,6121	;	0,0000	;	04/05/10
688	;	29,3882	;	0,0000	;	05/05/10
689	;	28,9992	;	0,0000	;	06/05/10
690	;	28,9408	;	0,0000	;	07/05/10
693	;	29,3300	;	9,3112	;	10/05/10
694	;	28,8143	;	0,0000	;	11/05/10
695	;	29,0868	;	6,3954	;	12/05/10
696	;	29,1840	;	10,2992	;	13/05/10
697	;	29,2716	;	13,8253	;	14/05/10
700	;	29,0381	;	6,7660	;	17/05/10
701	;	28,4253	;	0,0000	;	18/05/10
702	;	27,7736	;	0,0000	;	19/05/10
703	;	26,6839	;	0,0000	;	20/05/10
704	;	26,8298	;	4,9826	;	21/05/10
707	;	26,6044	;	0,0000	;	24/05/10
708	;	26,0165	;	0,0000	;	25/05/10
709	;	26,5065	;	14,7880	;	26/05/10
710	;	27,2512	;	37,2627	;	27/05/10
711	;	27,6334	;	49,6728	;	28/05/10
714	;	29,0052	;	91,8159	;	31/05/10
715	;	28,0744	;	63,2208	;	01/06/10
716	;	28,5153	;	76,7657	;	02/06/10
718	;	28,6622	;	87,5596	;	04/06/10
721	;	28,9268	;	97,3768	;	07/06/10
722	;	29,0641	;	100,0000	;	08/06/10
723	;	28,9562	;	96,4595	;	09/06/10
724	;	29,2992	;	100,0000	;	10/06/10
725	;	29,0249	;	91,6441	;	11/06/10
728	;	28,4663	;	74,6276	;	14/06/10
729	;	28,4172	;	68,4177	;	15/06/10
730	;	29,0542	;	88,0371	;	16/06/10
731	;	28,9268	;	77,6444	;	17/06/10
732	;	28,8975	;	67,2028	;	18/06/10
735	;	28,8093	;	60,0016	;	21/06/10
736	;	28,5252	;	12,2449	;	22/06/10
737	;	27,9274	;	0,0000	;	23/06/10
738	;	26,9377	;	0,0000	;	24/06/10
739	;	27,3493	;	17,4296	;	25/06/10
742	;	26,8690	;	0,0000	;	28/06/10
743	;	26,2909	;	0,0000	;	29/06/10
744	;	26,3203	;	1,0640	;	30/06/10
745	;	25,9186	;	0,0000	;	01/07/10
746	;	26,2321	;	9,9981	;	02/07/10
749	;	26,0067	;	2,8097	;	05/07/10
750	;	26,5065	;	19,5433	;	06/07/10
751	;	26,8494	;	31,2464	;	07/07/10
752	;	27,0258	;	38,3021	;	08/07/10
756	;	26,6829	;	38,0476	;	12/07/10
757	;	26,7515	;	58,2163	;	13/07/10
758	;	26,7515	;	58,2163	;	14/07/10
759	;	26,5653	;	58,4086	;	15/07/10
760	;	26,3008	;	34,5195	;	16/07/10
763	;	26,4085	;	44,2468	;	19/07/10
764	;	27,0944	;	100,0000	;	20/07/10
765	;	26,9474	;	86,4852	;	21/07/10
766	;	27,4178	;	100,0000	;	22/07/10
767	;	27,2316	;	83,3304	;	23/07/10
770	;	27,3394	;	92,9812	;	26/07/10
771	;	27,4178	;	100,0000	;	27/07/10
772	;	27,2414	;	84,2077	;	28/07/10
773	;	27,1826	;	78,9436	;	29/07/10
774	;	27,2904	;	88,5945	;	30/07/10
777	;	28,0701	;	100,0000	;	02/08/10
778	;	28,7018	;	100,0000	;	03/08/10
779	;	28,9584	;	100,0000	;	04/08/10
780	;	29,0473	;	100,0000	;	05/08/10
781	;	28,7117	;	84,0183	;	06/08/10
784	;	28,4550	;	71,7939	;	09/08/10
785	;	28,0406	;	46,0128	;	10/08/10
786	;	27,1424	;	0,0000	;	11/08/10
787	;	27,1720	;	1,5539	;	12/08/10
788	;	27,3003	;	8,2892	;	13/08/10
791	;	27,2510	;	5,7011	;	16/08/10
792	;	27,9319	;	41,4458	;	17/08/10
793	;	27,3200	;	9,3233	;	18/08/10
794	;	26,4318	;	0,0000	;	19/08/10
795	;	26,4318	;	0,0000	;	20/08/10
798	;	26,3133	;	0,0000	;	23/08/10
799	;	25,8000	;	0,0000	;	24/08/10
800	;	25,7409	;	0,0000	;	25/08/10
801	;	25,3658	;	0,0000	;	26/08/10
802	;	26,2146	;	31,7332	;	27/08/10
805	;	25,1190	;	0,0000	;	30/08/10
806	;	25,7211	;	21,4050	;	31/08/10
807	;	26,6784	;	55,4375	;	01/09/10
808	;	27,2410	;	75,4382	;	02/09/10
809	;	28,4255	;	100,0000	;	03/09/10
812	;	28,7117	;	100,0000	;	06/09/10
814	;	27,4681	;	65,3854	;	08/09/10
815	;	27,2410	;	59,0642	;	09/09/10
816	;	27,1621	;	56,8681	;	10/09/10
819	;	27,9319	;	78,2949	;	13/09/10
820	;	26,5008	;	38,4613	;	14/09/10
821	;	26,1060	;	27,4724	;	15/09/10
822	;	26,0172	;	25,0007	;	16/09/10
823	;	26,0962	;	27,1996	;	17/09/10
826	;	26,7476	;	34,3242	;	20/09/10
827	;	26,0073	;	0,0000	;	21/09/10
828	;	25,6421	;	0,0000	;	22/09/10
829	;	26,4515	;	26,3683	;	23/09/10
830	;	25,9580	;	10,2912	;	24/09/10
833	;	26,1553	;	22,4124	;	27/09/10
834	;	26,3528	;	31,0377	;	28/09/10
835	;	27,1424	;	65,5210	;	29/09/10
836	;	26,9351	;	56,4678	;	30/09/10
837	;	27,1424	;	100,0000	;	01/10/10
840	;	27,0239	;	92,1016	;	04/10/10
841	;	26,6291	;	65,7868	;	05/10/10
842	;	25,5237	;	0,0000	;	06/10/10
843	;	24,9710	;	0,0000	;	07/10/10
844	;	25,6619	;	31,8182	;	08/10/10
847	;	25,5138	;	24,9977	;	11/10/10
849	;	25,3756	;	18,6331	;	13/10/10
850	;	26,0962	;	51,8191	;	14/10/10
851	;	25,9481	;	44,9986	;	15/10/10
854	;	26,0567	;	50,0000	;	18/10/10
855	;	24,9512	;	0,0000	;	19/10/10
856	;	24,6650	;	0,0000	;	20/10/10
857	;	23,8458	;	0,0000	;	21/10/10
858	;	23,8951	;	1,5512	;	22/10/10
861	;	24,2504	;	14,5367	;	25/10/10
862	;	25,5138	;	74,1202	;	26/10/10
863	;	25,8494	;	89,0331	;	27/10/10
864	;	25,9185	;	92,1036	;	28/10/10
865	;	25,5138	;	74,1202	;	29/10/10
868	;	26,1455	;	100,0000	;	01/11/10
870	;	26,7905	;	100,0000	;	03/11/10
871	;	27,2866	;	100,0000	;	04/11/10
872	;	27,0385	;	92,7895	;	05/11/10
875	;	27,3163	;	100,0000	;	08/11/10
876	;	26,9095	;	88,2784	;	09/11/10
877	;	26,9194	;	88,5636	;	10/11/10
878	;	26,5126	;	76,5082	;	11/11/10
879	;	25,6494	;	45,6310	;	12/11/10
883	;	25,2029	;	0,0000	;	16/11/10
884	;	25,2525	;	2,3469	;	17/11/10
885	;	25,6990	;	23,4740	;	18/11/10
886	;	25,5005	;	14,0816	;	19/11/10
889	;	24,8655	;	0,0000	;	22/11/10
890	;	24,4587	;	0,0000	;	23/11/10
891	;	25,0441	;	20,4857	;	24/11/10
892	;	24,6571	;	6,9429	;	25/11/10
893	;	24,4091	;	0,0000	;	26/11/10
896	;	24,5083	;	3,9517	;	29/11/10
897	;	24,3992	;	0,0000	;	30/11/10
898	;	25,0640	;	31,4564	;	01/12/10
899	;	25,2029	;	61,8326	;	02/12/10
900	;	25,5005	;	84,7284	;	03/12/10
903	;	25,6593	;	96,9457	;	06/12/10
904	;	25,1533	;	58,0166	;	07/12/10
905	;	24,8060	;	32,2832	;	08/12/10
906	;	25,2029	;	63,7807	;	09/12/10
907	;	25,5005	;	87,3978	;	10/12/10
910	;	25,7089	;	100,0000	;	13/12/10
911	;	25,6295	;	93,9375	;	14/12/10
912	;	25,1731	;	59,0899	;	15/12/10
913	;	25,1533	;	57,5781	;	16/12/10
914	;	25,7387	;	100,0000	;	17/12/10
917	;	25,3716	;	60,6412	;	20/12/10
918	;	25,5700	;	81,9127	;	21/12/10
919	;	25,7200	;	97,9951	;	22/12/10
920	;	25,7500	;	100,0000	;	23/12/10
924	;	26,0500	;	100,0000	;	27/12/10
925	;	26,6600	;	100,0000	;	28/12/10
926	;	26,9700	;	100,0000	;	29/12/10
927	;	27,2900	;	100,0000	;	30/12/10
931	;	27,0000	;	86,4277	;	03/01/11
932	;	26,9000	;	81,7476	;	04/01/11
933	;	27,2200	;	96,7239	;	05/01/11
934	;	27,1100	;	91,5758	;	06/01/11
935	;	26,7300	;	70,8090	;	07/01/11
938	;	26,9800	;	83,8407	;	10/01/11
939	;	27,1500	;	91,8605	;	11/01/11
940	;	27,9000	;	100,0000	;	12/01/11
941	;	27,3100	;	72,5581	;	13/01/11
942	;	27,5500	;	81,0811	;	14/01/11
945	;	27,4500	;	63,7097	;	17/01/11
946	;	27,7200	;	84,6154	;	18/01/11
947	;	27,3000	;	48,7180	;	19/01/11
948	;	27,2700	;	46,1539	;	20/01/11
949	;	27,0500	;	27,3504	;	21/01/11
952	;	27,0000	;	23,0769	;	24/01/11
954	;	26,8300	;	8,5470	;	26/01/11
955	;	26,8700	;	11,9658	;	27/01/11
956	;	26,6700	;	0,0000	;	28/01/11
959	;	27,0900	;	34,1463	;	31/01/11
960	;	27,6400	;	78,8618	;	01/02/11
961	;	27,8000	;	100,0000	;	02/02/11
962	;	28,0300	;	100,0000	;	03/02/11
963	;	27,6200	;	69,8529	;	04/02/11
966	;	27,2200	;	40,4412	;	07/02/11
967	;	26,9600	;	21,3235	;	08/02/11
968	;	26,1800	;	0,0000	;	09/02/11
969	;	26,2700	;	4,8649	;	10/02/11
970	;	26,4000	;	11,8919	;	11/02/11
973	;	26,7500	;	30,8108	;	14/02/11
974	;	26,9700	;	42,7027	;	15/02/11
975	;	27,3100	;	61,0811	;	16/02/11
976	;	27,2500	;	57,8378	;	17/02/11
977	;	27,3700	;	64,3243	;	18/02/11
980	;	27,4000	;	65,9460	;	21/02/11
981	;	27,7700	;	85,9460	;	22/02/11
982	;	28,7100	;	100,0000	;	23/02/11
983	;	28,3700	;	86,5613	;	24/02/11
984	;	28,6000	;	95,6522	;	25/02/11
987	;	28,5800	;	94,8617	;	28/02/11
988	;	28,2900	;	83,3992	;	01/03/11
989	;	28,9000	;	100,0000	;	02/03/11
990	;	28,9600	;	100,0000	;	03/03/11
991	;	29,0800	;	100,0000	;	04/03/11
996	;	28,5500	;	74,8815	;	09/03/11
997	;	28,1200	;	47,5410	;	10/03/11
998	;	28,1700	;	50,2732	;	11/03/11
