-164	;	23,7073	;	0,0000	;	03/01/08
-163	;	23,4327	;	0,0000	;	04/01/08
-160	;	23,9903	;	29,4000	;	07/01/08
-159	;	24,4828	;	55,3675	;	08/01/08
-158	;	24,9189	;	80,3438	;	09/01/08
-157	;	25,6378	;	100,0000	;	10/01/08
-156	;	24,3293	;	40,6603	;	11/01/08
-153	;	24,2327	;	36,2795	;	14/01/08
-152	;	23,6752	;	10,9972	;	15/01/08
-151	;	23,6670	;	10,6254	;	16/01/08
-150	;	23,4163	;	0,0000	;	17/01/08
-149	;	23,0614	;	0,0000	;	18/01/08
-146	;	21,8821	;	0,0000	;	21/01/08
-145	;	23,1823	;	34,6194	;	22/01/08
-144	;	22,1323	;	6,6619	;	23/01/08
-143	;	23,7881	;	50,7495	;	24/01/08
-139	;	23,5053	;	43,2196	;	28/01/08
-138	;	23,9903	;	56,1333	;	29/01/08
-137	;	24,5555	;	71,1825	;	30/01/08
-136	;	23,6267	;	65,2577	;	31/01/08
-135	;	23,4246	;	57,6981	;	01/02/08
-130	;	22,8996	;	38,0602	;	06/02/08
-129	;	22,6170	;	27,4893	;	07/02/08
-128	;	22,6170	;	27,4893	;	08/02/08
-125	;	22,8189	;	35,0415	;	11/02/08
-124	;	23,2229	;	50,1534	;	12/02/08
-123	;	23,2309	;	45,3367	;	13/02/08
-122	;	22,8189	;	28,3344	;	14/02/08
-121	;	23,0614	;	22,9249	;	15/02/08
-118	;	23,9094	;	66,6701	;	18/02/08
-117	;	24,2730	;	85,4269	;	19/02/08
-116	;	24,9515	;	100,0000	;	20/02/08
-115	;	25,6057	;	100,0000	;	21/02/08
-114	;	25,1611	;	85,1240	;	22/02/08
-111	;	24,2327	;	54,0603	;	25/02/08
-110	;	23,0235	;	13,6012	;	26/02/08
-109	;	22,8615	;	8,1808	;	27/02/08
-108	;	22,7399	;	0,0000	;	28/02/08
-107	;	22,8778	;	4,8119	;	29/02/08
-104	;	22,4973	;	0,0000	;	03/03/08
-103	;	22,0115	;	0,0000	;	04/03/08
-102	;	22,4487	;	12,1640	;	05/03/08
-101	;	22,0115	;	0,0000	;	06/03/08
-100	;	21,6880	;	0,0000	;	07/03/08
-97	;	21,4452	;	0,0000	;	10/03/08
-96	;	21,5182	;	1,7546	;	11/03/08
-95	;	20,8547	;	0,0000	;	12/03/08
-94	;	20,8787	;	0,7105	;	13/03/08
-93	;	21,4452	;	27,2270	;	14/03/08
-90	;	20,3930	;	0,0000	;	17/03/08
-89	;	20,8386	;	17,9330	;	18/03/08
-88	;	20,4337	;	1,6380	;	19/03/08
-87	;	20,1464	;	0,0000	;	20/03/08
-83	;	20,7571	;	26,5257	;	24/03/08
-82	;	21,1640	;	44,1993	;	25/03/08
-81	;	20,7571	;	32,7436	;	26/03/08
-80	;	20,0244	;	0,0000	;	27/03/08
-79	;	19,0637	;	0,0000	;	28/03/08
-76	;	18,8114	;	0,0000	;	31/03/08
-75	;	20,0737	;	47,9270	;	01/04/08
-74	;	20,5536	;	66,1478	;	02/04/08
-73	;	20,2684	;	55,3193	;	03/04/08
-72	;	20,0737	;	53,6555	;	04/04/08
-69	;	20,3092	;	63,6657	;	07/04/08
-68	;	20,4318	;	68,8770	;	08/04/08
-67	;	19,8210	;	42,9142	;	09/04/08
-66	;	19,1777	;	15,5700	;	10/04/08
-65	;	19,0474	;	10,0315	;	11/04/08
-62	;	18,4128	;	0,0000	;	14/04/08
-61	;	18,5348	;	5,6988	;	15/04/08
-60	;	19,8210	;	65,7792	;	16/04/08
-59	;	20,6350	;	100,0000	;	17/04/08
-58	;	20,6755	;	100,0000	;	18/04/08
-54	;	20,4318	;	89,2297	;	22/04/08
-53	;	19,9839	;	69,4348	;	23/04/08
-52	;	20,6105	;	97,1273	;	24/04/08
-51	;	21,6523	;	100,0000	;	25/04/08
-48	;	21,7748	;	100,0000	;	28/04/08
-47	;	21,4571	;	90,5503	;	29/04/08
-46	;	23,5246	;	100,0000	;	30/04/08
-44	;	24,7702	;	100,0000	;	02/05/08
-41	;	24,4202	;	94,4946	;	05/05/08
-40	;	23,5246	;	80,0237	;	06/05/08
-39	;	22,7838	;	59,8642	;	07/05/08
-38	;	23,4026	;	71,4268	;	08/05/08
-37	;	23,2394	;	68,0171	;	09/05/08
-34	;	23,5978	;	75,5051	;	12/05/08
-33	;	23,1176	;	65,4723	;	13/05/08
-32	;	23,5441	;	70,5243	;	14/05/08
-31	;	24,2006	;	82,8076	;	15/05/08
-30	;	24,5288	;	92,7138	;	16/05/08
-27	;	24,7338	;	98,9013	;	19/05/08
-26	;	24,6929	;	96,1085	;	20/05/08
-25	;	23,9135	;	56,8717	;	21/05/08
-23	;	23,2406	;	23,4256	;	23/05/08
-20	;	23,2572	;	24,2769	;	26/05/08
-19	;	23,8725	;	55,8308	;	27/05/08
-18	;	25,3081	;	100,0000	;	28/05/08
-17	;	25,4397	;	100,0000	;	29/05/08
-16	;	26,6946	;	100,0000	;	30/05/08
-13	;	25,9810	;	80,0503	;	02/06/08
-12	;	25,0209	;	51,5431	;	03/06/08
-11	;	24,7829	;	44,6526	;	04/06/08
-10	;	26,0874	;	82,4204	;	05/06/08
-9	;	25,3734	;	61,7487	;	06/06/08
-6	;	24,9801	;	50,3619	;	09/06/08
-5	;	24,8569	;	46,7950	;	10/06/08
-4	;	24,3648	;	32,5478	;	11/06/08
-3	;	24,2909	;	30,0722	;	12/06/08
-2	;	23,6264	;	0,0000	;	13/06/08
1	;	24,1185	;	16,0387	;	16/06/08
2	;	24,4057	;	25,3993	;	17/06/08
3	;	23,3802	;	0,0000	;	18/06/08
4	;	23,3802	;	0,0000	;	19/06/08
5	;	22,4861	;	0,0000	;	20/06/08
8	;	22,1825	;	0,0000	;	23/06/08
9	;	22,2424	;	1,5340	;	24/06/08
10	;	23,3807	;	37,5505	;	25/06/08
11	;	22,4814	;	10,6842	;	26/06/08
12	;	22,0529	;	0,0000	;	27/06/08
15	;	21,5664	;	0,0000	;	30/06/08
16	;	20,3293	;	0,0000	;	01/07/08
17	;	19,7931	;	0,0000	;	02/07/08
18	;	19,4796	;	0,0000	;	03/07/08
19	;	19,6281	;	3,0146	;	04/07/08
22	;	19,0263	;	0,0000	;	07/07/08
23	;	19,9992	;	22,3429	;	08/07/08
25	;	19,9581	;	21,3990	;	10/07/08
26	;	19,6281	;	13,8205	;	11/07/08
29	;	19,9168	;	20,4506	;	14/07/08
30	;	20,1228	;	25,1814	;	15/07/08
31	;	20,9144	;	54,6468	;	16/07/08
32	;	20,2961	;	41,9547	;	17/07/08
33	;	20,5764	;	61,0252	;	18/07/08
36	;	20,6344	;	85,1703	;	21/07/08
37	;	19,7931	;	40,6123	;	22/07/08
38	;	20,4530	;	75,5627	;	23/07/08
39	;	20,3951	;	72,4962	;	24/07/08
40	;	19,9992	;	51,5280	;	25/07/08
43	;	19,0263	;	0,0000	;	28/07/08
44	;	20,1228	;	58,0743	;	29/07/08
45	;	20,8486	;	96,5150	;	30/07/08
46	;	20,7004	;	88,6659	;	31/07/08
47	;	19,6362	;	32,3023	;	01/08/08
50	;	18,6220	;	0,0000	;	04/08/08
51	;	18,9686	;	15,5663	;	05/08/08
52	;	19,9168	;	58,1514	;	06/08/08
53	;	19,6281	;	45,1855	;	07/08/08
54	;	19,2984	;	30,3782	;	08/08/08
57	;	18,6139	;	0,0000	;	11/08/08
58	;	17,9788	;	0,0000	;	12/08/08
59	;	17,4838	;	0,0000	;	13/08/08
60	;	17,9788	;	14,7111	;	14/08/08
61	;	18,3827	;	26,7148	;	15/08/08
64	;	18,4984	;	30,1534	;	18/08/08
65	;	18,4071	;	28,7042	;	19/08/08
66	;	18,7803	;	53,2881	;	20/08/08
67	;	19,3190	;	75,4295	;	21/08/08
68	;	19,4933	;	82,5935	;	22/08/08
71	;	18,8879	;	57,7107	;	25/08/08
72	;	18,4071	;	43,0583	;	26/08/08
73	;	19,4022	;	95,4665	;	27/08/08
74	;	20,0652	;	100,0000	;	28/08/08
75	;	19,7252	;	86,8289	;	29/08/08
78	;	19,1780	;	65,6311	;	01/09/08
79	;	19,3522	;	65,8263	;	02/09/08
80	;	19,1532	;	45,7950	;	03/09/08
81	;	18,5727	;	9,9873	;	04/09/08
82	;	18,6558	;	14,9991	;	05/09/08
85	;	18,1999	;	0,0000	;	08/09/08
86	;	17,8186	;	0,0000	;	09/09/08
87	;	18,4405	;	27,6818	;	10/09/08
88	;	18,7388	;	40,9597	;	11/09/08
89	;	18,6144	;	35,4224	;	12/09/08
92	;	16,9643	;	0,0000	;	15/09/08
93	;	18,1004	;	36,6378	;	16/09/08
94	;	16,4999	;	0,0000	;	17/09/08
95	;	17,4124	;	31,9917	;	18/09/08
96	;	19,0539	;	89,5418	;	19/09/08
99	;	18,2412	;	65,6277	;	22/09/08
100	;	18,4819	;	77,6038	;	23/09/08
101	;	18,5401	;	79,8825	;	24/09/08
102	;	19,0409	;	99,4910	;	25/09/08
103	;	18,9993	;	97,8622	;	26/09/08
106	;	17,0952	;	23,3085	;	29/09/08
107	;	18,9993	;	97,8622	;	30/09/08
108	;	18,7904	;	89,6829	;	01/10/08
109	;	16,9533	;	17,7526	;	02/10/08
110	;	15,8675	;	0,0000	;	03/10/08
113	;	14,7233	;	0,0000	;	06/10/08
114	;	13,8632	;	0,0000	;	07/10/08
115	;	13,2786	;	0,0000	;	08/10/08
116	;	12,2348	;	0,0000	;	09/10/08
117	;	11,6918	;	0,0000	;	10/10/08
120	;	14,1139	;	32,9578	;	13/10/08
121	;	15,0240	;	45,3416	;	14/10/08
122	;	13,4538	;	24,1122	;	15/10/08
123	;	12,8193	;	15,4294	;	16/10/08
124	;	12,6021	;	12,4571	;	17/10/08
127	;	13,8632	;	30,5891	;	20/10/08
128	;	13,6961	;	38,0937	;	21/10/08
129	;	11,5916	;	0,0000	;	22/10/08
130	;	10,9318	;	0,0000	;	23/10/08
131	;	10,6477	;	0,0000	;	24/10/08
134	;	9,7712	;	0,0000	;	27/10/08
135	;	11,0655	;	24,6402	;	28/10/08
136	;	11,6918	;	36,5634	;	29/10/08
137	;	12,2428	;	47,0530	;	30/10/08
138	;	12,3350	;	48,8083	;	31/10/08
141	;	11,9590	;	53,4653	;	03/11/08
142	;	13,8296	;	99,1789	;	04/11/08
143	;	13,4039	;	88,7757	;	05/11/08
144	;	12,5270	;	67,3460	;	06/11/08
145	;	12,7776	;	74,0785	;	07/11/08
148	;	12,0342	;	55,7609	;	10/11/08
149	;	11,8923	;	52,2644	;	11/11/08
150	;	11,0154	;	30,6574	;	12/11/08
151	;	11,7752	;	49,3791	;	13/11/08
152	;	11,7535	;	26,2277	;	14/11/08
155	;	11,8884	;	31,0213	;	17/11/08
156	;	11,2981	;	10,0455	;	18/11/08
157	;	11,2308	;	7,6540	;	19/11/08
159	;	9,6204	;	0,0000	;	21/11/08
162	;	10,5392	;	21,8284	;	24/11/08
163	;	10,8597	;	32,7554	;	25/11/08
164	;	11,8800	;	71,5698	;	26/11/08
165	;	11,9306	;	73,1724	;	27/11/08
166	;	12,0568	;	100,0000	;	28/11/08
169	;	12,0568	;	100,0000	;	01/12/08
170	;	12,0149	;	98,2803	;	02/12/08
171	;	12,0568	;	100,0000	;	03/12/08
172	;	12,3099	;	100,0000	;	04/12/08
173	;	13,2794	;	100,0000	;	05/12/08
176	;	14,4770	;	100,0000	;	08/12/08
177	;	14,2915	;	96,1805	;	09/12/08
178	;	13,7434	;	84,8948	;	10/12/08
179	;	13,1531	;	66,3797	;	11/12/08
180	;	13,1952	;	64,5647	;	12/12/08
183	;	12,5629	;	26,2957	;	15/12/08
184	;	13,1952	;	49,6623	;	16/12/08
185	;	12,8581	;	34,2472	;	17/12/08
186	;	12,9424	;	37,6711	;	18/12/08
187	;	12,8157	;	32,5251	;	19/12/08
190	;	12,6892	;	26,1301	;	22/12/08
191	;	11,9310	;	0,0000	;	23/12/08
194	;	11,9310	;	0,0000	;	26/12/08
197	;	11,9310	;	0,0000	;	29/12/08
198	;	12,5104	;	24,5457	;	30/12/08
201	;	12,7829	;	47,0040	;	02/01/09
204	;	13,0219	;	86,2917	;	05/01/09
205	;	13,7376	;	100,0000	;	06/01/09
206	;	13,4308	;	83,0178	;	07/01/09
207	;	13,1240	;	66,0357	;	08/01/09
208	;	13,5331	;	88,6804	;	09/01/09
211	;	13,4222	;	82,5418	;	12/01/09
212	;	12,8938	;	53,2935	;	13/01/09
213	;	12,0246	;	5,1810	;	14/01/09
214	;	12,7829	;	47,1549	;	15/01/09
215	;	12,2716	;	18,8531	;	16/01/09
218	;	12,3060	;	20,7572	;	19/01/09
219	;	11,4622	;	0,0000	;	20/01/09
220	;	11,7178	;	11,2332	;	21/01/09
221	;	11,5474	;	3,7444	;	22/01/09
222	;	11,3343	;	0,0000	;	23/01/09
225	;	12,0246	;	31,3944	;	26/01/09
226	;	12,2291	;	40,6949	;	27/01/09
227	;	12,5362	;	54,6616	;	28/01/09
228	;	12,0587	;	34,6952	;	29/01/09
229	;	12,1013	;	49,1824	;	30/01/09
232	;	11,7265	;	27,0744	;	02/02/09
233	;	12,0844	;	51,7810	;	03/02/09
234	;	11,8969	;	46,8092	;	04/02/09
235	;	12,2716	;	77,9849	;	05/02/09
236	;	12,4253	;	90,7729	;	06/02/09
239	;	12,1864	;	70,8961	;	09/02/09
240	;	12,0502	;	59,5640	;	10/02/09
241	;	12,2122	;	73,0427	;	11/02/09
242	;	11,8883	;	19,9827	;	12/02/09
243	;	12,1271	;	49,4751	;	13/02/09
246	;	12,0502	;	39,9778	;	16/02/09
247	;	11,6326	;	0,0000	;	17/02/09
248	;	11,5133	;	0,0000	;	18/02/09
249	;	11,7605	;	27,1053	;	19/02/09
250	;	11,8862	;	40,8882	;	20/02/09
255	;	12,1129	;	65,7456	;	25/02/09
256	;	12,2088	;	76,2610	;	26/02/09
257	;	12,0693	;	60,9649	;	27/02/09
260	;	11,4158	;	0,0000	;	02/03/09
261	;	11,5726	;	19,6886	;	03/03/09
262	;	12,0693	;	82,0568	;	04/03/09
263	;	11,5986	;	23,0517	;	05/03/09
264	;	11,8252	;	51,6267	;	06/03/09
267	;	11,7207	;	38,4489	;	09/03/09
268	;	12,2262	;	100,0000	;	10/03/09
269	;	12,3131	;	100,0000	;	11/03/09
270	;	12,4616	;	100,0000	;	12/03/09
271	;	12,7141	;	100,0000	;	13/03/09
274	;	12,6793	;	97,3196	;	16/03/09
275	;	13,0539	;	100,0000	;	17/03/09
276	;	13,5158	;	100,0000	;	18/03/09
277	;	13,7684	;	100,0000	;	19/03/09
278	;	13,5072	;	88,1046	;	20/03/09
281	;	14,4657	;	100,0000	;	23/03/09
282	;	14,0734	;	86,3172	;	24/03/09
283	;	14,0909	;	86,3461	;	25/03/09
284	;	14,5577	;	100,0000	;	26/03/09
285	;	14,9717	;	100,0000	;	27/03/09
288	;	14,7074	;	90,0587	;	30/03/09
289	;	14,8571	;	95,4344	;	31/03/09
290	;	15,6409	;	100,0000	;	01/04/09
291	;	16,0548	;	100,0000	;	02/04/09
292	;	16,8210	;	100,0000	;	03/04/09
295	;	16,7329	;	97,3414	;	06/04/09
296	;	16,6361	;	94,4203	;	07/04/09
297	;	15,2798	;	53,4915	;	08/04/09
298	;	14,8483	;	28,2028	;	09/04/09
299	;	14,8483	;	28,2028	;	10/04/09
302	;	14,8748	;	28,7132	;	13/04/09
303	;	15,0861	;	23,3464	;	14/04/09
304	;	15,4120	;	33,3365	;	15/04/09
305	;	16,1605	;	68,7500	;	16/04/09
306	;	16,2132	;	69,1894	;	17/04/09
309	;	15,8522	;	50,8896	;	20/04/09
311	;	15,6763	;	41,9729	;	22/04/09
312	;	16,3982	;	78,5675	;	23/04/09
313	;	16,3806	;	81,3064	;	24/04/09
316	;	15,9581	;	62,0763	;	27/04/09
317	;	16,1692	;	85,2249	;	28/04/09
318	;	16,8210	;	100,0000	;	29/04/09
319	;	16,2571	;	71,4148	;	30/04/09
323	;	17,0320	;	100,0000	;	04/05/09
324	;	17,2174	;	100,0000	;	05/05/09
325	;	18,5471	;	100,0000	;	06/05/09
326	;	17,6137	;	67,4864	;	07/05/09
327	;	17,9042	;	77,6056	;	08/05/09
330	;	17,9394	;	78,8317	;	11/05/09
331	;	17,5256	;	64,4176	;	12/05/09
332	;	17,0412	;	41,8347	;	13/05/09
333	;	17,7855	;	70,5832	;	14/05/09
334	;	17,4581	;	57,9374	;	15/05/09
337	;	18,3602	;	92,1401	;	18/05/09
338	;	18,6167	;	100,0000	;	19/05/09
339	;	18,2631	;	85,0144	;	20/05/09
340	;	17,9976	;	60,9327	;	21/05/09
341	;	17,8651	;	52,2945	;	22/05/09
344	;	17,8651	;	52,2945	;	25/05/09
345	;	18,6078	;	99,4351	;	26/05/09
346	;	18,5725	;	97,1945	;	27/05/09
347	;	19,0589	;	100,0000	;	28/05/09
348	;	18,7143	;	82,9212	;	29/05/09
351	;	19,0766	;	100,0000	;	01/06/09
352	;	19,5454	;	100,0000	;	02/06/09
353	;	18,9086	;	69,4917	;	03/06/09
354	;	19,7667	;	100,0000	;	04/06/09
355	;	19,2800	;	74,4058	;	05/06/09
358	;	19,6248	;	92,5379	;	08/06/09
359	;	19,3242	;	76,7301	;	09/06/09
360	;	19,5013	;	86,0433	;	10/06/09
362	;	19,5454	;	88,3624	;	12/06/09
365	;	18,9263	;	29,6265	;	15/06/09
366	;	18,5725	;	0,0000	;	16/06/09
367	;	18,5285	;	0,0000	;	17/06/09
368	;	18,1302	;	0,0000	;	18/06/09
369	;	18,5725	;	27,0272	;	19/06/09
372	;	18,0595	;	0,0000	;	22/06/09
373	;	18,0754	;	0,9314	;	23/06/09
374	;	17,8880	;	0,0000	;	24/06/09
375	;	19,0032	;	64,2100	;	25/06/09
376	;	18,9139	;	59,0684	;	26/06/09
379	;	19,0210	;	68,3601	;	29/06/09
380	;	18,8961	;	60,8242	;	30/06/09
381	;	19,0479	;	69,9831	;	01/07/09
382	;	19,4493	;	100,0000	;	02/07/09
383	;	19,4493	;	100,0000	;	03/07/09
386	;	19,5384	;	100,0000	;	06/07/09
387	;	19,3424	;	88,1241	;	07/07/09
388	;	18,7355	;	51,3512	;	08/07/09
389	;	18,7355	;	51,3512	;	09/07/09
390	;	18,3789	;	29,7443	;	10/07/09
393	;	18,3789	;	29,7443	;	13/07/09
394	;	18,3789	;	0,0000	;	14/07/09
395	;	19,2174	;	72,3157	;	15/07/09
396	;	19,2174	;	72,3157	;	16/07/09
397	;	19,2710	;	76,9383	;	17/07/09
400	;	19,5832	;	100,0000	;	20/07/09
401	;	19,8241	;	100,0000	;	21/07/09
402	;	19,7527	;	95,0595	;	22/07/09
403	;	20,2523	;	100,0000	;	23/07/09
404	;	20,6983	;	100,0000	;	24/07/09
407	;	20,7875	;	100,0000	;	27/07/09
408	;	21,0107	;	100,0000	;	28/07/09
409	;	20,6539	;	86,4427	;	29/07/09
410	;	21,2070	;	100,0000	;	30/07/09
411	;	21,0909	;	95,8948	;	31/07/09
414	;	21,4924	;	100,0000	;	03/08/09
415	;	21,9206	;	100,0000	;	04/08/09
416	;	22,6521	;	100,0000	;	05/08/09
417	;	21,7690	;	71,2242	;	06/08/09
418	;	21,8583	;	72,6219	;	07/08/09
421	;	21,9477	;	75,7053	;	10/08/09
422	;	22,0366	;	74,3520	;	11/08/09
423	;	22,1617	;	75,4579	;	12/08/09
424	;	22,6881	;	100,0000	;	13/08/09
425	;	22,5713	;	94,2582	;	14/08/09
428	;	21,9149	;	61,9900	;	17/08/09
429	;	22,4274	;	83,6777	;	18/08/09
430	;	22,7421	;	100,0000	;	19/08/09
431	;	23,0477	;	100,0000	;	20/08/09
432	;	23,0477	;	100,0000	;	21/08/09
435	;	23,0566	;	100,0000	;	24/08/09
436	;	23,2993	;	100,0000	;	25/08/09
437	;	23,6409	;	100,0000	;	26/08/09
438	;	23,8207	;	100,0000	;	27/08/09
439	;	23,9286	;	100,0000	;	28/08/09
442	;	23,5150	;	79,4607	;	31/08/09
443	;	23,1466	;	61,1660	;	01/09/09
444	;	22,9307	;	50,4445	;	02/09/09
445	;	23,1736	;	62,5068	;	03/09/09
446	;	23,8654	;	95,7900	;	04/09/09
450	;	24,2613	;	100,0000	;	08/09/09
451	;	24,6656	;	100,0000	;	09/09/09
452	;	24,8994	;	100,0000	;	10/09/09
453	;	24,7825	;	94,0621	;	11/09/09
456	;	25,3489	;	100,0000	;	14/09/09
457	;	25,9241	;	100,0000	;	15/09/09
458	;	26,2928	;	100,0000	;	16/09/09
459	;	26,6074	;	100,0000	;	17/09/09
460	;	26,7961	;	100,0000	;	18/09/09
463	;	26,5175	;	92,7925	;	21/09/09
464	;	27,0380	;	100,0000	;	22/09/09
465	;	26,4680	;	85,2500	;	23/09/09
466	;	26,3231	;	77,4664	;	24/09/09
467	;	26,7033	;	87,9461	;	25/09/09
470	;	27,1374	;	100,0000	;	28/09/09
471	;	27,6531	;	100,0000	;	29/09/09
472	;	28,2501	;	100,0000	;	30/09/09
473	;	27,7255	;	81,9178	;	01/10/09
474	;	27,4269	;	64,6088	;	02/10/09
477	;	27,9065	;	82,4452	;	05/10/09
478	;	27,5446	;	63,3887	;	06/10/09
479	;	26,8660	;	28,1733	;	07/10/09
480	;	27,3636	;	53,9959	;	08/10/09
481	;	27,9337	;	83,5807	;	09/10/09
484	;	27,9337	;	83,5807	;	12/10/09
485	;	28,4038	;	100,0000	;	13/10/09
486	;	29,3084	;	100,0000	;	14/10/09
487	;	28,9918	;	87,0373	;	15/10/09
488	;	28,2592	;	57,0423	;	16/10/09
491	;	28,3947	;	62,5901	;	19/10/09
492	;	27,5264	;	27,0390	;	20/10/09
493	;	27,5446	;	27,7842	;	21/10/09
494	;	28,0871	;	49,9959	;	22/10/09
495	;	27,4992	;	25,9253	;	23/10/09
498	;	27,2007	;	13,7037	;	26/10/09
499	;	26,3231	;	0,0000	;	27/10/09
500	;	24,5143	;	0,0000	;	28/10/09
501	;	26,3686	;	38,6788	;	29/10/09
502	;	25,5181	;	20,9382	;	30/10/09
506	;	26,3052	;	37,3563	;	03/11/09
507	;	27,0923	;	57,5768	;	04/11/09
508	;	27,0923	;	66,4365	;	05/11/09
509	;	26,8207	;	59,4372	;	06/11/09
512	;	27,9514	;	96,2019	;	09/11/09
513	;	28,2592	;	100,0000	;	10/11/09
514	;	28,1505	;	97,0974	;	11/11/09
515	;	28,1053	;	95,8904	;	12/11/09
516	;	29,0613	;	100,0000	;	13/11/09
519	;	28,9709	;	98,0119	;	16/11/09
520	;	28,9709	;	98,0119	;	17/11/09
521	;	28,0625	;	71,8108	;	18/11/09
522	;	27,8354	;	65,4013	;	19/11/09
523	;	27,8354	;	55,5205	;	20/11/09
526	;	28,0446	;	54,6238	;	23/11/09
527	;	27,9718	;	51,3746	;	24/11/09
528	;	27,9988	;	52,5797	;	25/11/09
529	;	27,4177	;	0,0000	;	26/11/09
530	;	27,9535	;	32,5992	;	27/11/09
533	;	28,0625	;	39,2310	;	30/11/09
534	;	27,9082	;	29,8430	;	01/12/09
535	;	27,6085	;	11,6087	;	02/12/09
536	;	27,6993	;	18,1303	;	03/12/09
537	;	27,5267	;	7,0178	;	04/12/09
540	;	28,2442	;	100,0000	;	07/12/09
541	;	28,0625	;	78,0157	;	08/12/09
542	;	27,8536	;	52,7405	;	09/12/09
543	;	27,8717	;	54,9304	;	10/12/09
544	;	27,9535	;	64,8276	;	11/12/09
547	;	28,1533	;	89,0018	;	14/12/09
548	;	28,1533	;	89,0018	;	15/12/09
549	;	27,8354	;	43,0244	;	16/12/09
550	;	26,7456	;	0,0000	;	17/12/09
551	;	26,8820	;	9,1018	;	18/12/09
554	;	26,5187	;	0,0000	;	21/12/09
555	;	26,4604	;	0,0000	;	22/12/09
556	;	26,5152	;	3,0721	;	23/12/09
561	;	26,5152	;	3,0721	;	28/12/09
562	;	26,4604	;	0,0000	;	29/12/09
563	;	27,1458	;	40,4867	;	30/12/09
568	;	27,3287	;	51,2907	;	04/01/10
569	;	27,0545	;	35,0936	;	05/01/10
570	;	27,0911	;	37,2556	;	06/01/10
571	;	27,1000	;	37,7813	;	07/01/10
572	;	27,2555	;	57,8255	;	08/01/10
575	;	27,4659	;	100,0000	;	11/01/10
576	;	27,2373	;	77,2650	;	12/01/10
577	;	27,5845	;	100,0000	;	13/01/10
578	;	27,1916	;	65,0476	;	14/01/10
579	;	26,7346	;	24,3929	;	15/01/10
582	;	26,7437	;	25,2024	;	18/01/10
583	;	27,1916	;	65,0476	;	19/01/10
584	;	26,3781	;	0,0000	;	20/01/10
585	;	25,9484	;	0,0000	;	21/01/10
586	;	26,0857	;	8,3919	;	22/01/10
590	;	25,3818	;	0,0000	;	26/01/10
591	;	25,1807	;	0,0000	;	27/01/10
592	;	25,2263	;	1,8970	;	28/01/10
593	;	25,6834	;	20,9127	;	29/01/10
596	;	27,4202	;	93,1650	;	01/02/10
597	;	27,9686	;	100,0000	;	02/02/10
598	;	27,2828	;	75,4008	;	03/02/10
599	;	26,7803	;	57,3765	;	04/02/10
600	;	25,5008	;	11,4818	;	05/02/10
603	;	25,8204	;	22,9456	;	08/02/10
604	;	27,1093	;	69,1775	;	09/02/10
605	;	27,7856	;	93,4359	;	10/02/10
606	;	28,3523	;	100,0000	;	11/02/10
607	;	27,8771	;	85,0170	;	12/02/10
612	;	27,7675	;	81,5614	;	17/02/10
613	;	28,0142	;	89,1843	;	18/02/10
614	;	28,0690	;	90,0649	;	19/02/10
617	;	27,9686	;	86,5439	;	22/02/10
618	;	27,5845	;	73,0738	;	23/02/10
619	;	27,8315	;	81,7359	;	24/02/10
620	;	27,8534	;	82,5040	;	25/02/10
621	;	28,0768	;	90,3384	;	26/02/10
624	;	28,2939	;	97,6934	;	01/03/10
625	;	27,9448	;	67,2164	;	02/03/10
626	;	27,7466	;	21,1123	;	03/03/10
627	;	27,7279	;	18,6767	;	04/03/10
628	;	28,1051	;	73,3860	;	05/03/10
631	;	27,7089	;	17,5360	;	08/03/10
632	;	28,1994	;	86,6789	;	09/03/10
633	;	28,4824	;	100,0000	;	10/03/10
634	;	28,4447	;	95,8013	;	11/03/10
635	;	28,1994	;	68,4820	;	12/03/10
638	;	28,3031	;	76,8197	;	15/03/10
639	;	28,5295	;	100,0000	;	16/03/10
640	;	28,3785	;	81,5988	;	17/03/10
641	;	28,1428	;	52,8759	;	18/03/10
642	;	27,8221	;	13,7948	;	19/03/10
645	;	27,9448	;	28,7473	;	22/03/10
646	;	27,8221	;	13,7948	;	23/03/10
647	;	27,8143	;	12,8443	;	24/03/10
648	;	27,9188	;	25,5788	;	25/03/10
649	;	28,0611	;	34,5078	;	26/03/10
652	;	28,2511	;	61,0738	;	29/03/10
653	;	28,2132	;	55,7746	;	30/03/10
654	;	28,3460	;	74,3428	;	31/03/10
655	;	28,2986	;	67,7153	;	01/04/10
659	;	28,4886	;	94,2813	;	05/04/10
660	;	28,5266	;	100,0000	;	06/04/10
661	;	28,4789	;	93,3034	;	07/04/10
662	;	29,2198	;	100,0000	;	08/04/10
663	;	29,4381	;	100,0000	;	09/04/10
666	;	29,5332	;	100,0000	;	12/04/10
667	;	29,2957	;	86,1830	;	13/04/10
668	;	29,0107	;	67,6350	;	14/04/10
669	;	29,3432	;	87,0933	;	15/04/10
670	;	28,9633	;	56,8258	;	16/04/10
673	;	28,6310	;	31,6515	;	19/04/10
674	;	28,4315	;	10,7646	;	20/04/10
676	;	28,1752	;	0,0000	;	22/04/10
677	;	28,3460	;	12,5773	;	23/04/10
680	;	28,3175	;	10,4787	;	26/04/10
681	;	27,3964	;	0,0000	;	27/04/10
682	;	27,9569	;	26,2308	;	28/04/10
683	;	28,4886	;	51,1138	;	29/04/10
684	;	28,4789	;	50,6599	;	30/04/10
687	;	28,0231	;	32,1913	;	03/05/10
688	;	26,6463	;	0,0000	;	04/05/10
689	;	26,8076	;	5,9809	;	05/05/10
690	;	26,3994	;	0,0000	;	06/05/10
691	;	26,2285	;	0,0000	;	07/05/10
694	;	27,0641	;	36,9718	;	10/05/10
695	;	26,4942	;	11,7561	;	11/05/10
696	;	26,4563	;	10,0792	;	12/05/10
697	;	26,1241	;	0,0000	;	13/05/10
698	;	25,3073	;	0,0000	;	14/05/10
701	;	25,8296	;	16,4178	;	17/05/10
702	;	25,5352	;	7,1637	;	18/05/10
703	;	24,6520	;	0,0000	;	19/05/10
704	;	24,0253	;	0,0000	;	20/05/10
705	;	24,8610	;	27,5010	;	21/05/10
708	;	24,6387	;	20,1856	;	24/05/10
709	;	24,5905	;	18,5995	;	25/05/10
710	;	24,8602	;	27,4747	;	26/05/10
711	;	25,4865	;	48,0848	;	27/05/10
712	;	24,9470	;	37,3324	;	28/05/10
715	;	25,0338	;	41,4850	;	31/05/10
716	;	24,7350	;	33,8146	;	01/06/10
717	;	25,7371	;	94,8734	;	02/06/10
719	;	25,8528	;	100,0000	;	04/06/10
722	;	25,4385	;	77,3297	;	07/06/10
723	;	25,5829	;	85,2312	;	08/06/10
724	;	25,2939	;	69,4172	;	09/06/10
725	;	25,7852	;	94,6447	;	10/06/10
726	;	25,9202	;	100,0000	;	11/06/10
729	;	26,4983	;	100,0000	;	14/06/10
730	;	26,2286	;	84,7048	;	15/06/10
731	;	26,3924	;	93,9942	;	16/06/10
732	;	26,2479	;	85,7994	;	17/06/10
733	;	26,2286	;	84,7048	;	18/06/10
736	;	27,1631	;	100,0000	;	21/06/10
737	;	27,2210	;	100,0000	;	22/06/10
738	;	26,7006	;	72,9957	;	23/06/10
739	;	26,3731	;	56,0013	;	24/06/10
740	;	26,1129	;	42,4991	;	25/06/10
743	;	25,6310	;	17,4926	;	28/06/10
744	;	24,5711	;	0,0000	;	29/06/10
745	;	23,7522	;	0,0000	;	30/06/10
746	;	25,2071	;	41,9425	;	01/07/10
747	;	25,5347	;	51,3867	;	02/07/10
750	;	25,3421	;	45,8343	;	05/07/10
751	;	25,9685	;	63,8924	;	06/07/10
752	;	26,7393	;	86,1134	;	07/07/10
753	;	26,6815	;	84,4471	;	08/07/10
757	;	26,7779	;	87,2261	;	12/07/10
758	;	27,4040	;	100,0000	;	13/07/10
759	;	27,2595	;	96,0431	;	14/07/10
760	;	27,6835	;	100,0000	;	15/07/10
761	;	26,8934	;	79,9023	;	16/07/10
764	;	27,1728	;	87,0094	;	19/07/10
765	;	27,0765	;	84,5598	;	20/07/10
766	;	27,2307	;	81,7154	;	21/07/10
767	;	28,0209	;	100,0000	;	22/07/10
768	;	28,4062	;	100,0000	;	23/07/10
771	;	27,9919	;	83,0045	;	26/07/10
772	;	27,6548	;	56,4330	;	27/07/10
773	;	28,8109	;	100,0000	;	28/07/10
774	;	28,8109	;	100,0000	;	29/07/10
775	;	29,4276	;	100,0000	;	30/07/10
778	;	29,3505	;	96,9576	;	02/08/10
779	;	28,5219	;	64,2609	;	03/08/10
780	;	28,2328	;	52,8530	;	04/08/10
781	;	28,9073	;	77,8699	;	05/08/10
782	;	29,2349	;	91,8038	;	06/08/10
785	;	29,5818	;	100,0000	;	09/08/10
786	;	29,2059	;	80,4930	;	10/08/10
787	;	28,6182	;	49,9948	;	11/08/10
788	;	29,2446	;	82,5013	;	12/08/10
789	;	29,3313	;	87,0005	;	13/08/10
792	;	29,1964	;	71,4307	;	16/08/10
793	;	29,0518	;	60,7116	;	17/08/10
794	;	28,8302	;	44,2847	;	18/08/10
795	;	28,3260	;	6,9088	;	19/08/10
796	;	28,7432	;	37,8354	;	20/08/10
799	;	28,5199	;	21,2824	;	23/08/10
800	;	28,1222	;	0,0000	;	24/08/10
801	;	28,1222	;	0,0000	;	25/08/10
802	;	27,3559	;	0,0000	;	26/08/10
803	;	27,4043	;	2,4501	;	27/08/10
806	;	26,8611	;	0,0000	;	30/08/10
807	;	27,6276	;	31,0299	;	31/08/10
808	;	28,5685	;	69,1199	;	01/09/10
809	;	28,0835	;	52,3445	;	02/09/10
810	;	27,6371	;	35,4225	;	03/09/10
813	;	27,3849	;	26,6010	;	06/09/10
815	;	27,4140	;	29,3768	;	08/09/10
816	;	27,4237	;	29,8921	;	09/09/10
817	;	27,1618	;	17,6116	;	10/09/10
820	;	28,1320	;	74,4348	;	13/09/10
821	;	28,4715	;	94,3189	;	14/09/10
822	;	28,7236	;	100,0000	;	15/09/10
823	;	28,6170	;	94,2765	;	16/09/10
824	;	28,2871	;	76,5638	;	17/09/10
827	;	28,8981	;	100,0000	;	20/09/10
828	;	29,1019	;	100,0000	;	21/09/10
829	;	29,4901	;	100,0000	;	22/09/10
830	;	30,2580	;	100,0000	;	23/09/10
831	;	29,6225	;	79,4748	;	24/09/10
834	;	30,2091	;	98,4206	;	27/09/10
835	;	30,3069	;	100,0000	;	28/09/10
836	;	30,8739	;	100,0000	;	29/09/10
837	;	31,4116	;	100,0000	;	30/09/10
838	;	31,9884	;	100,0000	;	01/10/10
841	;	32,1547	;	100,0000	;	04/10/10
842	;	32,4283	;	100,0000	;	05/10/10
843	;	32,3111	;	97,1699	;	06/10/10
844	;	31,8809	;	84,4938	;	07/10/10
845	;	32,5066	;	100,0000	;	08/10/10
848	;	32,6532	;	100,0000	;	11/10/10
850	;	34,0709	;	100,0000	;	13/10/10
851	;	33,5625	;	88,5712	;	14/10/10
852	;	34,0218	;	98,7286	;	15/10/10
855	;	33,7287	;	90,9086	;	18/10/10
856	;	33,1518	;	71,2512	;	19/10/10
857	;	33,6308	;	83,4505	;	20/10/10
858	;	32,7705	;	40,6210	;	21/10/10
859	;	32,8194	;	42,8539	;	22/10/10
862	;	32,9954	;	50,8904	;	25/10/10
863	;	33,3375	;	66,5114	;	26/10/10
864	;	33,0932	;	55,3562	;	27/10/10
865	;	32,6043	;	6,2456	;	28/10/10
866	;	32,3600	;	0,0000	;	29/10/10
869	;	32,9270	;	33,1405	;	01/11/10
871	;	33,3474	;	59,4175	;	03/11/10
872	;	34,1978	;	100,0000	;	04/11/10
873	;	34,0512	;	92,0231	;	05/11/10
876	;	33,8947	;	83,5075	;	08/11/10
877	;	33,0835	;	39,3677	;	09/11/10
878	;	33,0541	;	37,7680	;	10/11/10
879	;	32,9662	;	32,9851	;	11/11/10
880	;	33,0932	;	39,8955	;	12/11/10
884	;	33,1421	;	42,5563	;	16/11/10
885	;	33,0443	;	37,2347	;	17/11/10
886	;	33,4745	;	60,6432	;	18/11/10
887	;	33,5332	;	63,8372	;	19/11/10
890	;	33,0443	;	9,2304	;	22/11/10
891	;	31,6896	;	0,0000	;	23/11/10
892	;	32,1215	;	17,2195	;	24/11/10
893	;	32,2982	;	25,7707	;	25/11/10
894	;	32,3080	;	28,0441	;	26/11/10
897	;	32,5633	;	47,3910	;	29/11/10
898	;	32,2982	;	33,0115	;	30/11/10
899	;	33,1523	;	79,3393	;	01/12/10
900	;	32,8774	;	64,4283	;	02/12/10
901	;	32,0037	;	17,0373	;	03/12/10
904	;	31,3655	;	0,0000	;	06/12/10
905	;	31,2969	;	0,0000	;	07/12/10
906	;	30,8354	;	0,0000	;	08/12/10
907	;	30,4329	;	0,0000	;	09/12/10
908	;	30,2857	;	0,0000	;	10/12/10
911	;	30,6097	;	11,3026	;	13/12/10
912	;	30,5901	;	10,6189	;	14/12/10
913	;	30,4820	;	6,8478	;	15/12/10
914	;	30,1875	;	0,0000	;	16/12/10
915	;	30,0599	;	0,0000	;	17/12/10
918	;	29,5004	;	0,0000	;	20/12/10
919	;	29,9912	;	14,5336	;	21/12/10
920	;	30,3348	;	33,3320	;	22/12/10
921	;	30,7105	;	64,8812	;	23/12/10
925	;	30,5225	;	56,8940	;	27/12/10
926	;	30,4631	;	72,1124	;	28/12/10
927	;	30,6709	;	96,7275	;	29/12/10
928	;	31,0864	;	100,0000	;	30/12/10
932	;	31,0666	;	98,7516	;	03/01/11
933	;	31,1953	;	100,0000	;	04/01/11
934	;	31,6405	;	100,0000	;	05/01/11
935	;	31,3635	;	87,0567	;	06/01/11
936	;	30,6214	;	52,3807	;	07/01/11
939	;	30,6709	;	54,6937	;	10/01/11
940	;	31,0370	;	63,4087	;	11/01/11
941	;	31,5811	;	95,4507	;	12/01/11
942	;	31,2645	;	68,0652	;	13/01/11
943	;	31,4327	;	82,3509	;	14/01/11
946	;	31,0666	;	51,2570	;	17/01/11
947	;	31,2151	;	58,2573	;	18/01/11
948	;	30,7698	;	14,5619	;	19/01/11
949	;	30,5621	;	0,0000	;	20/01/11
950	;	30,4235	;	0,0000	;	21/01/11
953	;	30,7006	;	22,7691	;	24/01/11
955	;	30,6709	;	21,3718	;	26/01/11
956	;	30,6709	;	21,3718	;	27/01/11
957	;	30,0377	;	0,0000	;	28/01/11
960	;	29,4441	;	0,0000	;	31/01/11
961	;	29,5826	;	6,4811	;	01/02/11
962	;	29,2660	;	0,0000	;	02/02/11
963	;	28,9494	;	0,0000	;	03/02/11
964	;	27,8017	;	0,0000	;	04/02/11
967	;	27,9798	;	5,2177	;	07/02/11
968	;	28,4943	;	23,8918	;	08/02/11
969	;	27,7819	;	0,0000	;	09/02/11
970	;	27,9402	;	5,4237	;	10/02/11
971	;	29,2660	;	51,3707	;	11/02/11
974	;	29,4540	;	57,8782	;	14/02/11
975	;	30,0773	;	100,0000	;	15/02/11
976	;	31,0963	;	100,0000	;	16/02/11
977	;	30,8985	;	94,0321	;	17/02/11
978	;	30,8094	;	91,3438	;	18/02/11
981	;	30,3345	;	77,0155	;	21/02/11
982	;	29,3500	;	47,3117	;	22/02/11
983	;	29,4000	;	48,8203	;	23/02/11
984	;	29,3000	;	45,8032	;	24/02/11
985	;	29,1700	;	41,8809	;	25/02/11
988	;	29,7500	;	59,3803	;	28/02/11
989	;	28,9500	;	35,2432	;	01/03/11
990	;	29,1800	;	39,2827	;	02/03/11
991	;	29,5400	;	27,4892	;	03/03/11
992	;	29,6200	;	31,2165	;	04/03/11
997	;	28,8500	;	0,0000	;	09/03/11
998	;	28,0100	;	0,0000	;	10/03/11
999	;	28,1800	;	5,8854	;	11/03/11
