-165	;	27,7372	;	0,0000	;	03/01/08
-164	;	27,9316	;	4,7604	;	04/01/08
-161	;	27,9316	;	6,2510	;	07/01/08
-160	;	28,1914	;	14,6050	;	08/01/08
-159	;	28,1914	;	14,6050	;	09/01/08
-158	;	28,7179	;	31,5348	;	10/01/08
-157	;	27,9517	;	6,8973	;	11/01/08
-154	;	28,0615	;	10,4280	;	14/01/08
-153	;	26,8929	;	0,0000	;	15/01/08
-152	;	26,4704	;	0,0000	;	16/01/08
-151	;	25,9505	;	0,0000	;	17/01/08
-150	;	25,3662	;	0,0000	;	18/01/08
-147	;	24,7489	;	0,0000	;	21/01/08
-146	;	24,7489	;	0,0000	;	22/01/08
-145	;	24,5545	;	0,0000	;	23/01/08
-144	;	26,5485	;	47,8936	;	24/01/08
-140	;	26,4119	;	44,6126	;	28/01/08
-139	;	26,6979	;	51,4820	;	29/01/08
-138	;	26,5356	;	47,5837	;	30/01/08
-137	;	25,6779	;	32,0331	;	31/01/08
-136	;	24,9911	;	12,4494	;	01/02/08
-131	;	23,9258	;	0,0000	;	06/02/08
-130	;	23,8472	;	0,0000	;	07/02/08
-129	;	23,6917	;	0,0000	;	08/02/08
-126	;	24,2572	;	18,8111	;	11/02/08
-125	;	25,7456	;	68,3221	;	12/02/08
-124	;	27,0654	;	100,0000	;	13/02/08
-123	;	26,0510	;	69,9321	;	14/02/08
-122	;	26,4541	;	81,8804	;	15/02/08
-119	;	27,2665	;	100,0000	;	18/02/08
-118	;	26,5256	;	79,2744	;	19/02/08
-117	;	27,1689	;	97,2698	;	20/02/08
-116	;	26,9738	;	91,8121	;	21/02/08
-115	;	27,6110	;	100,0000	;	22/02/08
-112	;	28,3527	;	100,0000	;	25/02/08
-111	;	29,1541	;	100,0000	;	26/02/08
-110	;	29,5651	;	100,0000	;	27/02/08
-109	;	29,4265	;	97,3888	;	28/02/08
-108	;	28,2205	;	64,7964	;	29/02/08
-105	;	28,7267	;	76,1418	;	03/03/08
-104	;	28,1107	;	58,6125	;	04/03/08
-103	;	29,2307	;	89,2510	;	05/03/08
-102	;	28,3753	;	60,8554	;	06/03/08
-101	;	27,5735	;	34,4761	;	07/03/08
-98	;	27,2817	;	11,8821	;	10/03/08
-97	;	28,4350	;	56,3887	;	11/03/08
-96	;	27,4476	;	7,2655	;	12/03/08
-95	;	27,9716	;	30,2137	;	13/03/08
-94	;	27,7063	;	18,5951	;	14/03/08
-91	;	26,3802	;	0,0000	;	17/03/08
-90	;	27,1757	;	26,1137	;	18/03/08
-89	;	26,1154	;	0,0000	;	19/03/08
-88	;	26,4135	;	9,5689	;	20/03/08
-84	;	25,9162	;	0,0000	;	24/03/08
-83	;	27,1757	;	37,9997	;	25/03/08
-82	;	26,8974	;	38,9551	;	26/03/08
-81	;	26,1813	;	10,5249	;	27/03/08
-80	;	25,9492	;	1,3102	;	28/03/08
-77	;	26,5198	;	23,9638	;	31/03/08
-76	;	27,3583	;	70,1615	;	01/04/08
-75	;	27,4039	;	72,3801	;	02/04/08
-74	;	27,5236	;	89,7939	;	03/04/08
-73	;	27,3583	;	89,7163	;	04/04/08
-70	;	27,6896	;	100,0000	;	07/04/08
-69	;	28,0539	;	100,0000	;	08/04/08
-68	;	27,3914	;	69,0088	;	09/04/08
-67	;	27,2651	;	63,1005	;	10/04/08
-66	;	26,8939	;	44,8853	;	11/04/08
-63	;	26,4027	;	21,5470	;	14/04/08
-62	;	26,5291	;	27,5526	;	15/04/08
-61	;	27,8553	;	90,5640	;	16/04/08
-60	;	28,8505	;	100,0000	;	17/04/08
-59	;	29,3743	;	100,0000	;	18/04/08
-55	;	29,0489	;	89,0497	;	22/04/08
-54	;	28,6179	;	74,5457	;	23/04/08
-53	;	28,6512	;	75,6663	;	24/04/08
-52	;	29,1156	;	91,2943	;	25/04/08
-49	;	29,5861	;	100,0000	;	28/04/08
-48	;	29,0160	;	82,0915	;	29/04/08
-47	;	31,4514	;	100,0000	;	30/04/08
-45	;	32,5725	;	100,0000	;	02/05/08
-42	;	33,0037	;	100,0000	;	05/05/08
-41	;	31,5839	;	78,0712	;	06/05/08
-40	;	30,9474	;	60,0594	;	07/05/08
-39	;	31,3453	;	62,1871	;	08/05/08
-38	;	31,1131	;	56,8927	;	09/05/08
-35	;	31,3187	;	61,5806	;	12/05/08
-34	;	30,7154	;	47,8248	;	13/05/08
-33	;	30,4497	;	41,3211	;	14/05/08
-32	;	31,1459	;	53,4117	;	15/05/08
-31	;	31,1654	;	53,9007	;	16/05/08
-28	;	31,8161	;	70,2184	;	19/05/08
-27	;	31,3119	;	33,7588	;	20/05/08
-26	;	30,5157	;	2,5842	;	21/05/08
-24	;	30,4165	;	0,0000	;	23/05/08
-21	;	30,4497	;	2,3721	;	26/05/08
-20	;	31,3119	;	63,9754	;	27/05/08
-19	;	32,4064	;	100,0000	;	28/05/08
-18	;	32,1742	;	88,3311	;	29/05/08
-17	;	33,4748	;	100,0000	;	30/05/08
-14	;	32,0238	;	52,5553	;	02/06/08
-13	;	31,1114	;	22,7218	;	03/06/08
-12	;	30,8866	;	15,3713	;	04/06/08
-11	;	32,0238	;	52,5553	;	05/06/08
-10	;	31,1855	;	25,1447	;	06/06/08
-7	;	30,4806	;	2,0959	;	09/06/08
-6	;	29,4519	;	0,0000	;	10/06/08
-5	;	29,0371	;	0,0000	;	11/06/08
-4	;	29,7010	;	14,9605	;	12/06/08
-3	;	30,0408	;	22,6176	;	13/06/08
0	;	30,1153	;	24,2964	;	16/06/08
1	;	30,9032	;	42,0511	;	17/06/08
2	;	29,8252	;	17,7592	;	18/06/08
3	;	29,6593	;	20,8324	;	19/06/08
4	;	28,4561	;	0,0000	;	20/06/08
7	;	28,4561	;	0,0000	;	23/06/08
8	;	27,6269	;	0,0000	;	24/06/08
9	;	28,3734	;	20,9774	;	25/06/08
10	;	26,8138	;	0,0000	;	26/06/08
11	;	26,9629	;	3,6460	;	27/06/08
14	;	27,0464	;	5,6879	;	30/06/08
15	;	26,6761	;	0,0000	;	01/07/08
16	;	26,6093	;	0,0000	;	02/07/08
17	;	25,6629	;	0,0000	;	03/07/08
18	;	25,9698	;	5,8565	;	04/07/08
21	;	25,8284	;	3,9762	;	07/07/08
22	;	26,2274	;	14,1252	;	08/07/08
24	;	26,3103	;	23,1777	;	10/07/08
25	;	25,9033	;	8,6066	;	11/07/08
28	;	25,8617	;	7,3344	;	14/07/08
29	;	25,2314	;	0,0000	;	15/07/08
30	;	27,5640	;	100,0000	;	16/07/08
31	;	27,8632	;	100,0000	;	17/07/08
32	;	28,7181	;	100,0000	;	18/07/08
35	;	28,0703	;	81,4208	;	21/07/08
36	;	28,4689	;	92,8528	;	22/07/08
37	;	28,4772	;	93,0909	;	23/07/08
38	;	27,3155	;	59,7729	;	24/07/08
39	;	26,6510	;	40,7147	;	25/07/08
42	;	26,2356	;	28,8009	;	28/07/08
43	;	27,1493	;	55,0062	;	29/07/08
44	;	27,7301	;	71,6638	;	30/07/08
45	;	27,8132	;	74,0471	;	31/07/08
46	;	27,2930	;	59,1275	;	01/08/08
49	;	26,4211	;	7,4723	;	04/08/08
50	;	27,5839	;	54,3122	;	05/08/08
51	;	28,0907	;	74,7271	;	06/08/08
52	;	27,5839	;	60,1490	;	07/08/08
53	;	27,1766	;	41,9789	;	08/08/08
56	;	26,5371	;	13,4502	;	11/08/08
57	;	26,2959	;	3,2505	;	12/08/08
58	;	25,7728	;	0,0000	;	13/08/08
59	;	26,4211	;	27,9693	;	14/08/08
60	;	26,0055	;	10,0393	;	15/08/08
63	;	25,3626	;	0,0000	;	18/08/08
64	;	25,2456	;	0,0000	;	19/08/08
65	;	26,2973	;	36,9653	;	20/08/08
66	;	26,1051	;	30,2098	;	21/08/08
67	;	26,3391	;	38,4345	;	22/08/08
70	;	25,5042	;	9,0893	;	25/08/08
71	;	25,2122	;	0,0000	;	26/08/08
72	;	25,4877	;	14,0246	;	27/08/08
73	;	26,4228	;	91,3729	;	28/08/08
74	;	25,6712	;	37,9151	;	29/08/08
77	;	25,4492	;	19,5771	;	01/09/08
78	;	25,7332	;	43,0365	;	02/09/08
79	;	26,0091	;	65,8269	;	03/09/08
80	;	25,1487	;	0,0000	;	04/09/08
81	;	25,6411	;	38,6469	;	05/09/08
84	;	25,9001	;	58,9750	;	08/09/08
85	;	25,1487	;	0,0000	;	09/09/08
86	;	25,4407	;	22,9181	;	10/09/08
87	;	25,7750	;	49,1563	;	11/09/08
88	;	25,8169	;	52,4449	;	12/09/08
91	;	24,1041	;	0,0000	;	15/09/08
92	;	24,4881	;	16,5610	;	16/09/08
93	;	23,1261	;	0,0000	;	17/09/08
94	;	24,6469	;	52,7506	;	18/09/08
95	;	26,7355	;	100,0000	;	19/09/08
98	;	25,4827	;	65,2906	;	22/09/08
99	;	25,0646	;	53,7070	;	23/09/08
100	;	24,8979	;	49,0885	;	24/09/08
101	;	25,9001	;	76,8549	;	25/09/08
102	;	25,8082	;	74,3088	;	26/09/08
105	;	24,2795	;	31,9555	;	29/09/08
106	;	26,6523	;	97,6949	;	30/09/08
107	;	26,6723	;	98,2490	;	01/10/08
108	;	25,0837	;	54,2362	;	02/10/08
109	;	23,3027	;	4,8928	;	03/10/08
112	;	22,1990	;	0,0000	;	06/10/08
113	;	21,4883	;	0,0000	;	07/10/08
114	;	20,9032	;	0,0000	;	08/10/08
115	;	19,8578	;	0,0000	;	09/10/08
116	;	19,1391	;	0,0000	;	10/10/08
119	;	23,6121	;	59,3772	;	13/10/08
120	;	24,5063	;	71,2473	;	14/10/08
121	;	21,8142	;	35,5108	;	15/10/08
122	;	20,4849	;	17,8649	;	16/10/08
123	;	19,2807	;	1,8797	;	17/10/08
126	;	20,6607	;	20,1986	;	20/10/08
127	;	20,3181	;	19,8331	;	21/10/08
128	;	17,8513	;	0,0000	;	22/10/08
129	;	16,3795	;	0,0000	;	23/10/08
130	;	14,6323	;	0,0000	;	24/10/08
133	;	14,6323	;	0,0000	;	27/10/08
134	;	15,9282	;	13,1244	;	28/10/08
135	;	18,0266	;	34,3761	;	29/10/08
136	;	19,9333	;	53,6865	;	30/10/08
137	;	19,4816	;	49,1118	;	31/10/08
140	;	22,6739	;	100,0000	;	03/11/08
141	;	23,7701	;	100,0000	;	04/11/08
142	;	21,6863	;	77,1958	;	05/11/08
143	;	20,3472	;	62,5413	;	06/11/08
144	;	21,0919	;	70,6910	;	07/11/08
147	;	21,7615	;	78,0188	;	10/11/08
148	;	21,5524	;	75,7305	;	11/11/08
149	;	20,0543	;	59,3360	;	12/11/08
150	;	21,8951	;	79,4808	;	13/11/08
151	;	21,6024	;	72,3575	;	14/11/08
154	;	21,5691	;	61,6784	;	17/11/08
155	;	19,9199	;	10,2204	;	18/11/08
156	;	18,8824	;	0,0000	;	19/11/08
158	;	17,3752	;	0,0000	;	21/11/08
161	;	20,1299	;	43,0765	;	24/11/08
162	;	21,0603	;	81,5306	;	25/11/08
163	;	22,6042	;	100,0000	;	26/11/08
164	;	22,5021	;	98,0474	;	27/11/08
165	;	22,7236	;	100,0000	;	28/11/08
168	;	22,0187	;	86,8204	;	01/12/08
169	;	22,5732	;	97,1879	;	02/12/08
170	;	22,7956	;	100,0000	;	03/12/08
171	;	22,9918	;	100,0000	;	04/12/08
172	;	23,2224	;	100,0000	;	05/12/08
175	;	25,5361	;	100,0000	;	08/12/08
176	;	25,3138	;	97,2760	;	09/12/08
177	;	25,3567	;	97,8017	;	10/12/08
178	;	24,6142	;	82,9474	;	11/12/08
179	;	25,6123	;	100,0000	;	12/12/08
182	;	23,9058	;	52,5128	;	15/12/08
183	;	25,4421	;	95,2638	;	16/12/08
184	;	26,0398	;	100,0000	;	17/12/08
185	;	25,5278	;	87,2672	;	18/12/08
186	;	24,5886	;	58,1377	;	19/12/08
189	;	23,4440	;	19,9864	;	22/12/08
190	;	22,2063	;	0,0000	;	23/12/08
193	;	22,1125	;	0,0000	;	26/12/08
196	;	22,1125	;	0,0000	;	29/12/08
197	;	22,2830	;	4,3414	;	30/12/08
200	;	24,7295	;	66,6361	;	02/01/09
203	;	24,7890	;	68,1512	;	05/01/09
204	;	25,8084	;	94,1079	;	06/01/09
205	;	24,3269	;	56,3848	;	07/01/09
206	;	24,4729	;	60,1024	;	08/01/09
207	;	24,4470	;	59,4429	;	09/01/09
210	;	23,4107	;	35,1254	;	12/01/09
211	;	22,5548	;	11,9673	;	13/01/09
212	;	20,8593	;	0,0000	;	14/01/09
213	;	21,2358	;	7,6074	;	15/01/09
214	;	20,5079	;	0,0000	;	16/01/09
217	;	20,8074	;	5,6504	;	19/01/09
218	;	19,3866	;	0,0000	;	20/01/09
219	;	20,0374	;	10,1342	;	21/01/09
220	;	19,4805	;	1,4622	;	22/01/09
221	;	19,9259	;	8,3980	;	23/01/09
224	;	19,7974	;	8,0766	;	26/01/09
225	;	19,5149	;	2,5225	;	27/01/09
226	;	20,9622	;	31,1359	;	28/01/09
227	;	20,2939	;	22,5467	;	29/01/09
228	;	20,0199	;	19,9893	;	30/01/09
231	;	19,4149	;	1,5304	;	02/02/09
232	;	19,6974	;	16,8073	;	03/02/09
233	;	20,0580	;	42,6123	;	04/02/09
234	;	20,9143	;	96,9599	;	05/02/09
235	;	22,4050	;	100,0000	;	06/02/09
238	;	22,0623	;	88,5388	;	09/02/09
239	;	21,2055	;	59,8843	;	10/02/09
240	;	21,1626	;	58,4496	;	11/02/09
241	;	20,9743	;	52,1521	;	12/02/09
242	;	21,8481	;	81,3752	;	13/02/09
245	;	21,7624	;	78,5091	;	16/02/09
246	;	20,4770	;	35,5206	;	17/02/09
247	;	20,3063	;	29,8117	;	18/02/09
248	;	20,1172	;	23,4875	;	19/02/09
249	;	19,5345	;	0,0000	;	20/02/09
254	;	19,3206	;	0,0000	;	25/02/09
255	;	19,3636	;	1,3941	;	26/02/09
256	;	19,0208	;	0,0000	;	27/02/09
259	;	18,0036	;	0,0000	;	02/03/09
260	;	17,9177	;	0,0000	;	03/03/09
261	;	18,9981	;	27,4883	;	04/03/09
262	;	18,8609	;	23,9976	;	05/03/09
263	;	19,1183	;	30,5465	;	06/03/09
266	;	18,8921	;	25,3440	;	09/03/09
267	;	20,0877	;	84,7888	;	10/03/09
268	;	20,1301	;	92,6233	;	11/03/09
269	;	20,6501	;	100,0000	;	12/03/09
270	;	20,7795	;	100,0000	;	13/03/09
273	;	20,8752	;	100,0000	;	16/03/09
274	;	21,3342	;	100,0000	;	17/03/09
275	;	22,0007	;	100,0000	;	18/03/09
276	;	21,4378	;	86,2136	;	19/03/09
277	;	21,1262	;	78,5819	;	20/03/09
280	;	23,1610	;	100,0000	;	23/03/09
281	;	22,3294	;	80,6609	;	24/03/09
282	;	22,4077	;	82,3538	;	25/03/09
283	;	23,1171	;	98,9716	;	26/03/09
284	;	23,0310	;	95,7700	;	27/03/09
287	;	22,3643	;	73,7141	;	30/03/09
288	;	22,2085	;	62,0654	;	31/03/09
289	;	22,5670	;	75,0577	;	01/04/09
290	;	23,6496	;	100,0000	;	02/04/09
291	;	24,2560	;	100,0000	;	03/04/09
294	;	24,4984	;	100,0000	;	06/04/09
295	;	24,5509	;	100,0000	;	07/04/09
296	;	24,5155	;	98,9663	;	08/04/09
297	;	25,3388	;	100,0000	;	09/04/09
298	;	25,3388	;	100,0000	;	10/04/09
301	;	25,1657	;	94,4702	;	13/04/09
302	;	23,9873	;	56,8252	;	14/04/09
303	;	23,9873	;	56,8252	;	15/04/09
304	;	24,6803	;	78,9637	;	16/04/09
305	;	24,5155	;	73,6990	;	17/04/09
308	;	23,6327	;	38,4479	;	20/04/09
310	;	23,2251	;	0,0000	;	22/04/09
311	;	24,1695	;	44,6800	;	23/04/09
312	;	24,7670	;	72,9479	;	24/04/09
315	;	23,9096	;	32,3840	;	27/04/09
316	;	24,4294	;	56,9759	;	28/04/09
317	;	26,0579	;	100,0000	;	29/04/09
318	;	26,3352	;	100,0000	;	30/04/09
322	;	27,7623	;	100,0000	;	04/05/09
323	;	28,4464	;	100,0000	;	05/05/09
324	;	28,1256	;	93,8559	;	06/05/09
325	;	25,9960	;	53,0692	;	07/05/09
326	;	26,2987	;	58,8666	;	08/05/09
329	;	25,6145	;	45,7626	;	11/05/09
330	;	25,1994	;	37,8124	;	12/05/09
331	;	24,5327	;	13,7344	;	13/05/09
332	;	24,8527	;	20,7878	;	14/05/09
333	;	24,5843	;	14,8717	;	15/05/09
336	;	25,7708	;	33,3931	;	18/05/09
337	;	25,5020	;	24,7668	;	19/05/09
338	;	26,0045	;	37,6064	;	20/05/09
339	;	25,9697	;	36,7172	;	21/05/09
340	;	26,3073	;	45,3433	;	22/05/09
343	;	26,3249	;	49,8817	;	25/05/09
344	;	27,3205	;	100,0000	;	26/05/09
345	;	27,4417	;	100,0000	;	27/05/09
346	;	27,7106	;	100,0000	;	28/05/09
347	;	27,6236	;	97,2623	;	29/05/09
350	;	28,3858	;	100,0000	;	01/06/09
351	;	28,0306	;	90,6563	;	02/06/09
352	;	27,3642	;	73,1264	;	03/06/09
353	;	27,7105	;	76,5830	;	04/06/09
354	;	27,4766	;	68,4722	;	05/06/09
357	;	27,5368	;	64,8607	;	08/06/09
358	;	27,1909	;	50,5443	;	09/06/09
359	;	27,2945	;	47,4958	;	10/06/09
361	;	27,7272	;	68,0431	;	12/06/09
364	;	26,7749	;	0,0000	;	15/06/09
365	;	26,6104	;	0,0000	;	16/06/09
366	;	26,4634	;	0,0000	;	17/06/09
367	;	26,0993	;	0,0000	;	18/06/09
368	;	26,4980	;	17,4371	;	19/06/09
371	;	26,3076	;	10,7855	;	22/06/09
372	;	25,7622	;	0,0000	;	23/06/09
373	;	25,7622	;	0,0000	;	24/06/09
374	;	26,3508	;	29,9542	;	25/06/09
375	;	26,7663	;	51,0992	;	26/06/09
378	;	27,2945	;	77,9796	;	29/06/09
379	;	26,9305	;	59,4555	;	30/06/09
380	;	26,9394	;	59,9084	;	01/07/09
381	;	26,8791	;	72,8904	;	02/07/09
382	;	26,6711	;	59,3161	;	03/07/09
385	;	26,8444	;	70,6259	;	06/07/09
386	;	26,4200	;	42,9289	;	07/07/09
387	;	26,2815	;	33,8902	;	08/07/09
389	;	25,9784	;	14,1095	;	10/07/09
392	;	25,9784	;	14,1095	;	13/07/09
393	;	25,7012	;	0,0000	;	14/07/09
394	;	26,7750	;	67,3947	;	15/07/09
395	;	27,1908	;	93,4915	;	16/07/09
396	;	27,0608	;	85,3323	;	17/07/09
399	;	28,2036	;	100,0000	;	20/07/09
400	;	28,2296	;	100,0000	;	21/07/09
401	;	28,3081	;	100,0000	;	22/07/09
402	;	29,4336	;	100,0000	;	23/07/09
403	;	29,5201	;	100,0000	;	24/07/09
406	;	29,3991	;	96,8316	;	27/07/09
407	;	29,3553	;	95,6846	;	28/07/09
408	;	28,9658	;	85,4854	;	29/07/09
409	;	29,2344	;	92,5188	;	30/07/09
410	;	29,0957	;	88,8869	;	31/07/09
413	;	29,4422	;	97,1622	;	03/08/09
414	;	29,7024	;	100,0000	;	04/08/09
415	;	30,2998	;	100,0000	;	05/08/09
416	;	30,0486	;	88,0164	;	06/08/09
417	;	30,9229	;	100,0000	;	07/08/09
420	;	31,2434	;	100,0000	;	10/08/09
421	;	29,9618	;	43,7302	;	11/08/09
422	;	29,7369	;	33,8558	;	12/08/09
423	;	29,3732	;	17,8873	;	13/08/09
424	;	28,9228	;	0,0000	;	14/08/09
427	;	28,2298	;	0,0000	;	17/08/09
428	;	29,2257	;	33,0469	;	18/08/09
429	;	29,6151	;	45,9683	;	19/08/09
430	;	30,0052	;	58,9129	;	20/08/09
431	;	29,7885	;	51,7222	;	21/08/09
434	;	30,0588	;	60,6915	;	24/08/09
435	;	30,4329	;	73,1053	;	25/08/09
436	;	31,0952	;	95,0823	;	26/08/09
437	;	30,8601	;	87,2810	;	27/08/09
438	;	30,8338	;	90,8774	;	28/08/09
441	;	30,6403	;	84,1244	;	31/08/09
442	;	29,7495	;	53,0362	;	01/09/09
443	;	29,6632	;	50,0244	;	02/09/09
444	;	29,5192	;	44,9990	;	03/09/09
445	;	30,2668	;	55,6887	;	04/09/09
449	;	30,6595	;	72,3541	;	08/09/09
450	;	31,0426	;	96,6624	;	09/09/09
451	;	31,2250	;	100,0000	;	10/09/09
452	;	31,5604	;	100,0000	;	11/09/09
455	;	31,6176	;	100,0000	;	14/09/09
456	;	32,0872	;	100,0000	;	15/09/09
457	;	32,5183	;	100,0000	;	16/09/09
458	;	32,5279	;	100,0000	;	17/09/09
459	;	32,7195	;	100,0000	;	18/09/09
462	;	32,4799	;	92,5132	;	21/09/09
463	;	32,6238	;	97,0097	;	22/09/09
464	;	32,0872	;	80,2425	;	23/09/09
465	;	31,7615	;	60,9410	;	24/09/09
466	;	31,9338	;	61,8592	;	25/09/09
469	;	32,6429	;	95,4321	;	28/09/09
470	;	33,7254	;	100,0000	;	29/09/09
471	;	34,2046	;	100,0000	;	30/09/09
472	;	34,3601	;	100,0000	;	01/10/09
473	;	34,5039	;	100,0000	;	02/10/09
476	;	35,1748	;	100,0000	;	05/10/09
477	;	34,6954	;	85,9549	;	06/10/09
478	;	33,5932	;	53,6636	;	07/10/09
479	;	34,1684	;	70,5153	;	08/10/09
480	;	34,5039	;	80,3445	;	09/10/09
484	;	34,5998	;	83,1541	;	13/10/09
485	;	35,5582	;	100,0000	;	14/10/09
486	;	35,4142	;	96,0269	;	15/10/09
487	;	35,0788	;	83,5557	;	16/10/09
490	;	35,4814	;	96,0916	;	19/10/09
491	;	34,7914	;	60,9771	;	20/10/09
492	;	34,5039	;	46,3461	;	21/10/09
493	;	35,1748	;	80,4886	;	22/10/09
494	;	34,8391	;	63,4046	;	23/10/09
497	;	34,7914	;	60,9771	;	26/10/09
498	;	33,8904	;	15,1247	;	27/10/09
499	;	31,6286	;	0,0000	;	28/10/09
500	;	33,6701	;	51,9519	;	29/10/09
501	;	32,1075	;	12,1870	;	30/10/09
505	;	33,8069	;	55,4331	;	03/11/09
506	;	34,9001	;	84,9123	;	04/11/09
507	;	35,1875	;	92,3718	;	05/11/09
508	;	35,0340	;	88,3877	;	06/11/09
511	;	35,8108	;	100,0000	;	09/11/09
512	;	36,2709	;	100,0000	;	10/11/09
513	;	36,2900	;	100,0000	;	11/11/09
514	;	35,2357	;	77,3823	;	12/11/09
515	;	36,4148	;	100,0000	;	13/11/09
518	;	36,6735	;	100,0000	;	16/11/09
519	;	36,8942	;	100,0000	;	17/11/09
520	;	36,4341	;	90,3880	;	18/11/09
521	;	35,5613	;	72,1541	;	19/11/09
525	;	36,3282	;	81,6668	;	23/11/09
526	;	36,5202	;	81,2447	;	24/11/09
527	;	37,1913	;	100,0000	;	25/11/09
528	;	35,9736	;	43,5544	;	26/11/09
529	;	36,1944	;	49,0233	;	27/11/09
532	;	36,3859	;	58,8157	;	30/11/09
533	;	37,7405	;	100,0000	;	01/12/09
534	;	38,1719	;	100,0000	;	02/12/09
535	;	37,7405	;	83,4751	;	03/12/09
536	;	37,6925	;	81,6364	;	04/12/09
539	;	38,4120	;	100,0000	;	07/12/09
540	;	38,2200	;	93,2648	;	08/12/09
541	;	38,2103	;	92,9245	;	09/12/09
542	;	38,4023	;	99,6022	;	10/12/09
543	;	38,3640	;	98,0315	;	11/12/09
546	;	38,1529	;	89,3742	;	14/12/09
547	;	38,4693	;	100,0000	;	15/12/09
548	;	37,9801	;	78,4958	;	16/12/09
549	;	36,9442	;	26,7975	;	17/12/09
550	;	36,9057	;	0,0000	;	18/12/09
553	;	36,5892	;	0,0000	;	21/12/09
554	;	36,6276	;	2,0424	;	22/12/09
555	;	36,3208	;	0,0000	;	23/12/09
560	;	36,3496	;	1,3405	;	28/12/09
561	;	37,0308	;	33,0463	;	29/12/09
562	;	37,1075	;	36,6162	;	30/12/09
567	;	38,6683	;	100,0000	;	04/01/10
568	;	38,9189	;	100,0000	;	05/01/10
569	;	38,5815	;	87,0136	;	06/01/10
570	;	38,1863	;	71,8025	;	07/01/10
571	;	37,6081	;	49,5478	;	08/01/10
574	;	37,2804	;	36,9347	;	11/01/10
575	;	36,9334	;	23,5788	;	12/01/10
576	;	37,0492	;	28,0359	;	13/01/10
577	;	36,5384	;	8,3754	;	14/01/10
578	;	35,9215	;	0,0000	;	15/01/10
581	;	36,2395	;	10,6092	;	18/01/10
582	;	36,1432	;	7,3964	;	19/01/10
583	;	35,1891	;	0,0000	;	20/01/10
584	;	34,5431	;	0,0000	;	21/01/10
585	;	34,9383	;	9,0315	;	22/01/10
589	;	35,0251	;	11,9354	;	26/01/10
590	;	34,5238	;	0,0000	;	27/01/10
591	;	35,5551	;	33,4371	;	28/01/10
592	;	34,8227	;	10,8431	;	29/01/10
595	;	35,4900	;	38,2593	;	01/02/10
596	;	35,9622	;	56,9573	;	02/02/10
597	;	35,8081	;	63,7496	;	03/02/10
598	;	34,4295	;	0,0000	;	04/02/10
599	;	33,5521	;	0,0000	;	05/02/10
602	;	33,4555	;	0,0000	;	08/02/10
603	;	34,9498	;	59,6122	;	09/02/10
604	;	35,1429	;	67,3156	;	10/02/10
605	;	35,7599	;	91,9296	;	11/02/10
606	;	35,7502	;	91,5427	;	12/02/10
611	;	36,5216	;	100,0000	;	17/02/10
612	;	36,6370	;	100,0000	;	18/02/10
613	;	36,0588	;	81,8262	;	19/02/10
616	;	35,6733	;	69,7093	;	22/02/10
617	;	35,0791	;	51,0325	;	23/02/10
618	;	34,6894	;	38,7836	;	24/02/10
619	;	34,6796	;	38,4756	;	25/02/10
620	;	35,5564	;	66,0349	;	26/02/10
623	;	35,6267	;	68,2445	;	01/03/10
624	;	36,2017	;	77,7613	;	02/03/10
625	;	36,2017	;	77,7613	;	03/03/10
626	;	36,1528	;	75,2631	;	04/03/10
627	;	36,3477	;	85,2202	;	05/03/10
630	;	36,3281	;	84,2189	;	08/03/10
631	;	36,7766	;	100,0000	;	09/03/10
632	;	36,9324	;	100,0000	;	10/03/10
633	;	37,0300	;	100,0000	;	11/03/10
634	;	36,4356	;	74,7107	;	12/03/10
637	;	36,6498	;	83,8240	;	15/03/10
638	;	36,8836	;	93,7713	;	16/03/10
639	;	36,5426	;	66,9245	;	17/03/10
640	;	36,2501	;	44,4239	;	18/03/10
641	;	36,1042	;	0,0000	;	19/03/10
644	;	36,6399	;	57,8635	;	22/03/10
645	;	36,3379	;	25,2430	;	23/03/10
646	;	35,5681	;	0,0000	;	24/03/10
647	;	35,9968	;	29,3249	;	25/03/10
648	;	36,6399	;	73,3156	;	26/03/10
651	;	37,1857	;	100,0000	;	29/03/10
652	;	37,5659	;	100,0000	;	30/03/10
653	;	38,0042	;	100,0000	;	31/03/10
654	;	38,2110	;	100,0000	;	01/04/10
658	;	38,4547	;	100,0000	;	05/04/10
659	;	37,9673	;	83,1151	;	06/04/10
660	;	37,6261	;	71,2950	;	07/04/10
661	;	38,9713	;	100,0000	;	08/04/10
662	;	39,0883	;	100,0000	;	09/04/10
665	;	38,5521	;	84,7679	;	12/04/10
666	;	38,4352	;	81,4471	;	13/04/10
667	;	38,6496	;	85,8095	;	14/04/10
668	;	38,5911	;	79,6929	;	15/04/10
669	;	37,3823	;	10,3332	;	16/04/10
672	;	36,9534	;	0,0000	;	19/04/10
673	;	37,2850	;	15,5323	;	20/04/10
675	;	36,9437	;	0,0000	;	22/04/10
676	;	36,9925	;	2,2755	;	23/04/10
679	;	36,5149	;	0,0000	;	26/04/10
680	;	35,2964	;	0,0000	;	27/04/10
681	;	36,1933	;	23,6531	;	28/04/10
682	;	36,8463	;	40,8740	;	29/04/10
683	;	36,7411	;	43,0842	;	30/04/10
686	;	36,8580	;	46,5704	;	03/05/10
687	;	35,8828	;	17,4878	;	04/05/10
688	;	35,7660	;	14,2532	;	05/05/10
689	;	35,3369	;	1,9416	;	06/05/10
690	;	35,2394	;	0,0000	;	07/05/10
693	;	36,7508	;	73,8854	;	10/05/10
694	;	36,2434	;	57,2700	;	11/05/10
695	;	36,1756	;	53,4025	;	12/05/10
696	;	35,6392	;	24,7004	;	13/05/10
697	;	35,0542	;	0,0000	;	14/05/10
700	;	35,0053	;	0,0000	;	17/05/10
701	;	34,1181	;	0,0000	;	18/05/10
702	;	32,3726	;	0,0000	;	19/05/10
703	;	32,0315	;	0,0000	;	20/05/10
704	;	32,6651	;	13,4257	;	21/05/10
707	;	32,0996	;	1,4430	;	24/05/10
708	;	31,3098	;	0,0000	;	25/05/10
709	;	32,3628	;	19,3531	;	26/05/10
710	;	32,9480	;	30,1084	;	27/05/10
711	;	32,7627	;	29,4491	;	28/05/10
714	;	33,8354	;	51,9051	;	31/05/10
715	;	33,1640	;	42,8281	;	01/06/10
716	;	34,1006	;	74,5326	;	02/06/10
718	;	33,4080	;	56,7772	;	04/06/10
721	;	32,3937	;	38,5963	;	07/06/10
722	;	32,9789	;	59,8072	;	08/06/10
723	;	32,6764	;	48,9680	;	09/06/10
724	;	33,5546	;	80,4357	;	10/06/10
725	;	34,0518	;	98,2514	;	11/06/10
728	;	33,5056	;	78,6800	;	14/06/10
729	;	34,3248	;	100,0000	;	15/06/10
730	;	34,4324	;	100,0000	;	16/06/10
731	;	34,2761	;	92,3334	;	17/06/10
732	;	34,4324	;	100,0000	;	18/06/10
735	;	34,5786	;	100,0000	;	21/06/10
736	;	34,4324	;	93,3086	;	22/06/10
737	;	34,5981	;	100,0000	;	23/06/10
738	;	33,5056	;	50,4400	;	24/06/10
739	;	33,7494	;	55,8360	;	25/06/10
742	;	33,6616	;	51,2671	;	28/06/10
743	;	32,2767	;	0,0000	;	29/06/10
744	;	31,7011	;	0,0000	;	30/06/10
745	;	33,1666	;	50,5868	;	01/07/10
746	;	33,4790	;	61,3704	;	02/07/10
749	;	32,6690	;	33,4104	;	05/07/10
750	;	33,4497	;	60,3590	;	06/07/10
751	;	35,4110	;	100,0000	;	07/07/10
752	;	36,2014	;	100,0000	;	08/07/10
756	;	36,3282	;	100,0000	;	12/07/10
757	;	36,4453	;	100,0000	;	13/07/10
758	;	36,1819	;	94,4480	;	14/07/10
759	;	36,1039	;	92,8038	;	15/07/10
760	;	35,1963	;	73,6731	;	16/07/10
763	;	36,0061	;	90,7424	;	19/07/10
764	;	36,3086	;	97,1186	;	20/07/10
765	;	36,1916	;	93,2818	;	21/07/10
766	;	37,1771	;	100,0000	;	22/07/10
767	;	37,5675	;	100,0000	;	23/07/10
770	;	37,6553	;	100,0000	;	26/07/10
771	;	37,5675	;	96,4294	;	27/07/10
772	;	38,4456	;	100,0000	;	28/07/10
773	;	38,4748	;	100,0000	;	29/07/10
774	;	38,6308	;	100,0000	;	30/07/10
777	;	38,7600	;	100,0000	;	02/08/10
778	;	37,5788	;	66,8547	;	03/08/10
779	;	36,9346	;	48,7780	;	04/08/10
780	;	37,0028	;	36,1923	;	05/08/10
781	;	37,4324	;	48,3102	;	06/08/10
784	;	37,5788	;	54,0103	;	09/08/10
785	;	37,4030	;	25,6601	;	10/08/10
786	;	36,8103	;	0,0000	;	11/08/10
787	;	36,9871	;	9,0681	;	12/08/10
788	;	37,0461	;	12,0942	;	13/08/10
791	;	37,2230	;	21,1674	;	16/08/10
792	;	37,4684	;	33,7539	;	17/08/10
793	;	37,3800	;	29,2199	;	18/08/10
794	;	36,9379	;	6,5446	;	19/08/10
795	;	36,8594	;	6,3891	;	20/08/10
798	;	36,6040	;	0,0000	;	23/08/10
799	;	35,9753	;	0,0000	;	24/08/10
800	;	35,9555	;	0,0000	;	25/08/10
801	;	35,0616	;	0,0000	;	26/08/10
802	;	36,5450	;	61,6337	;	27/08/10
805	;	36,1030	;	43,2691	;	30/08/10
806	;	37,1540	;	86,9370	;	31/08/10
807	;	37,6475	;	100,0000	;	01/09/10
808	;	37,2443	;	84,4078	;	02/09/10
809	;	37,1954	;	82,5167	;	03/09/10
812	;	36,8514	;	69,2138	;	06/09/10
814	;	36,8024	;	67,3189	;	08/09/10
815	;	36,6253	;	60,4702	;	09/09/10
816	;	36,5468	;	57,4346	;	10/09/10
819	;	37,8341	;	100,0000	;	13/09/10
820	;	38,3746	;	100,0000	;	14/09/10
821	;	38,6005	;	100,0000	;	15/09/10
822	;	38,2273	;	85,0571	;	16/09/10
823	;	38,0305	;	77,1772	;	17/09/10
826	;	38,3255	;	86,6095	;	20/09/10
827	;	37,7261	;	57,4232	;	21/09/10
828	;	37,9816	;	69,8642	;	22/09/10
829	;	38,2764	;	84,2187	;	23/09/10
830	;	37,9816	;	69,8642	;	24/09/10
833	;	38,0305	;	72,2452	;	27/09/10
834	;	38,3746	;	89,0003	;	28/09/10
835	;	39,0724	;	100,0000	;	29/09/10
836	;	39,7701	;	100,0000	;	30/09/10
837	;	40,1142	;	100,0000	;	01/10/10
840	;	40,1633	;	100,0000	;	04/10/10
841	;	41,1662	;	100,0000	;	05/10/10
842	;	40,8024	;	89,4247	;	06/10/10
843	;	40,8812	;	91,7154	;	07/10/10
844	;	41,7757	;	100,0000	;	08/10/10
847	;	41,4612	;	91,7108	;	11/10/10
849	;	41,9430	;	100,0000	;	13/10/10
850	;	41,6383	;	92,3083	;	14/10/10
851	;	42,0510	;	100,0000	;	15/10/10
854	;	42,2773	;	100,0000	;	18/10/10
855	;	41,4316	;	73,6123	;	19/10/10
856	;	41,8347	;	82,3468	;	20/10/10
857	;	41,3039	;	54,9998	;	21/10/10
858	;	41,6773	;	71,6178	;	22/10/10
861	;	41,7856	;	66,6622	;	25/10/10
862	;	41,6871	;	59,9837	;	26/10/10
863	;	40,8418	;	0,0000	;	27/10/10
864	;	40,4483	;	0,0000	;	28/10/10
865	;	40,8024	;	19,3603	;	29/10/10
868	;	41,5813	;	61,9464	;	01/11/10
870	;	41,4535	;	54,9590	;	03/11/10
871	;	42,3878	;	100,0000	;	04/11/10
872	;	42,7713	;	100,0000	;	05/11/10
875	;	42,8107	;	100,0000	;	08/11/10
876	;	41,6599	;	51,2868	;	09/11/10
877	;	42,1418	;	71,6856	;	10/11/10
878	;	41,3060	;	36,3063	;	11/11/10
879	;	41,3060	;	36,3063	;	12/11/10
883	;	40,4699	;	0,9143	;	16/11/10
884	;	40,4208	;	0,0000	;	17/11/10
885	;	40,8241	;	16,8752	;	18/11/10
886	;	41,2371	;	34,1562	;	19/11/10
889	;	40,5979	;	7,4104	;	22/11/10
890	;	39,5258	;	0,0000	;	23/11/10
891	;	39,8700	;	10,4783	;	24/11/10
892	;	39,8012	;	8,3838	;	25/11/10
893	;	39,4374	;	0,0000	;	26/11/10
896	;	38,9456	;	0,0000	;	29/11/10
897	;	38,6013	;	0,0000	;	30/11/10
898	;	39,3609	;	28,0845	;	01/12/10
899	;	39,4987	;	33,1793	;	02/12/10
900	;	38,8887	;	10,9037	;	03/12/10
903	;	38,5346	;	0,0000	;	06/12/10
904	;	38,6623	;	4,7253	;	07/12/10
905	;	38,2983	;	0,0000	;	08/12/10
906	;	37,7671	;	0,0000	;	09/12/10
907	;	37,7671	;	0,0000	;	10/12/10
910	;	37,8754	;	5,1500	;	13/12/10
911	;	38,0426	;	13,5441	;	14/12/10
912	;	37,8261	;	3,4073	;	15/12/10
913	;	37,5212	;	0,0000	;	16/12/10
914	;	37,8754	;	17,9115	;	17/12/10
917	;	37,0491	;	0,0000	;	20/12/10
918	;	37,9049	;	34,9363	;	21/12/10
919	;	38,7903	;	94,6510	;	22/12/10
920	;	38,6919	;	94,3487	;	23/12/10
924	;	38,0229	;	55,9270	;	27/12/10
925	;	38,0032	;	54,7955	;	28/12/10
926	;	38,8494	;	100,0000	;	29/12/10
927	;	39,1445	;	100,0000	;	30/12/10
931	;	39,2482	;	100,0000	;	03/01/11
932	;	39,5648	;	100,0000	;	04/01/11
933	;	40,1582	;	100,0000	;	05/01/11
934	;	39,2087	;	69,4606	;	06/01/11
935	;	38,2494	;	38,6060	;	07/01/11
938	;	38,5560	;	48,4674	;	10/01/11
939	;	38,7933	;	39,4266	;	11/01/11
940	;	39,8121	;	83,9397	;	12/01/11
941	;	38,9416	;	43,5452	;	13/01/11
942	;	39,1791	;	54,5661	;	14/01/11
945	;	38,6251	;	28,8585	;	17/01/11
946	;	38,1306	;	0,0000	;	18/01/11
947	;	37,7151	;	0,0000	;	19/01/11
948	;	36,7953	;	0,0000	;	20/01/11
949	;	36,8052	;	0,2944	;	21/01/11
952	;	37,0722	;	8,2340	;	24/01/11
954	;	36,5479	;	0,0000	;	26/01/11
955	;	36,6964	;	4,5494	;	27/01/11
956	;	35,8952	;	0,0000	;	28/01/11
959	;	35,2028	;	0,0000	;	31/01/11
960	;	35,7193	;	11,2056	;	01/02/11
961	;	35,3829	;	4,5293	;	02/02/11
962	;	35,0168	;	0,0000	;	03/02/11
963	;	34,0471	;	0,0000	;	04/02/11
966	;	34,3934	;	8,4805	;	07/02/11
967	;	35,4225	;	37,4973	;	08/02/11
968	;	34,5914	;	17,9928	;	09/02/11
969	;	34,3934	;	11,4476	;	10/02/11
970	;	35,7292	;	55,6048	;	11/02/11
973	;	35,9963	;	73,5742	;	14/02/11
974	;	36,6296	;	97,4786	;	15/02/11
975	;	37,4508	;	100,0000	;	16/02/11
976	;	37,8070	;	100,0000	;	17/02/11
977	;	37,6389	;	95,5291	;	18/02/11
980	;	37,0551	;	80,0021	;	21/02/11
981	;	36,2437	;	58,4218	;	22/02/11
982	;	36,4218	;	63,1586	;	23/02/11
983	;	36,0854	;	49,5664	;	24/02/11
984	;	35,9271	;	44,9291	;	25/02/11
987	;	36,6098	;	64,9285	;	28/02/11
988	;	35,8299	;	42,0817	;	01/03/11
989	;	35,9585	;	11,0357	;	02/03/11
990	;	36,8394	;	51,0596	;	03/03/11
991	;	36,9582	;	57,0684	;	04/03/11
996	;	36,2100	;	19,2251	;	09/03/11
997	;	34,8200	;	0,0000	;	10/03/11
998	;	35,6800	;	28,7914	;	11/03/11
