-165	;	53,6198	;	29,8092	;	03/01/08
-164	;	51,6849	;	0,0000	;	04/01/08
-161	;	50,7638	;	0,0000	;	07/01/08
-160	;	51,7769	;	18,9922	;	08/01/08
-159	;	51,2243	;	8,6328	;	09/01/08
-158	;	52,3391	;	29,5315	;	10/01/08
-157	;	51,6849	;	17,2675	;	11/01/08
-154	;	51,5929	;	15,5428	;	14/01/08
-153	;	49,6582	;	0,0000	;	15/01/08
-152	;	47,3640	;	0,0000	;	16/01/08
-151	;	47,0324	;	0,0000	;	17/01/08
-150	;	47,5298	;	6,5361	;	18/01/08
-147	;	42,5826	;	0,0000	;	21/01/08
-146	;	43,8541	;	11,5201	;	22/01/08
-145	;	41,4585	;	0,0000	;	23/01/08
-144	;	46,1757	;	43,3542	;	24/01/08
-140	;	46,2954	;	44,4544	;	28/01/08
-139	;	47,0601	;	51,4825	;	29/01/08
-138	;	48,2670	;	62,5747	;	30/01/08
-137	;	47,7511	;	61,5329	;	31/01/08
-136	;	50,5794	;	89,9994	;	01/02/08
-131	;	48,9302	;	81,9185	;	06/02/08
-130	;	48,2761	;	74,7470	;	07/02/08
-129	;	49,2896	;	85,8589	;	08/02/08
-126	;	51,1321	;	100,0000	;	11/02/08
-125	;	51,5099	;	100,0000	;	12/02/08
-124	;	52,3206	;	100,0000	;	13/02/08
-123	;	51,8786	;	95,9308	;	14/02/08
-122	;	50,8742	;	76,4618	;	15/02/08
-119	;	53,0578	;	100,0000	;	18/02/08
-118	;	53,3526	;	100,0000	;	19/02/08
-117	;	55,2781	;	100,0000	;	20/02/08
-116	;	55,0937	;	97,5502	;	21/02/08
-115	;	55,9229	;	100,0000	;	22/02/08
-112	;	55,9229	;	100,0000	;	25/02/08
-111	;	55,9229	;	100,0000	;	26/02/08
-110	;	55,7479	;	97,3618	;	27/02/08
-109	;	57,5813	;	100,0000	;	28/02/08
-108	;	54,0436	;	47,2544	;	29/02/08
-105	;	53,7119	;	42,3089	;	03/03/08
-104	;	52,5694	;	25,2747	;	04/03/08
-103	;	54,1448	;	48,7633	;	05/03/08
-102	;	52,7262	;	3,1286	;	06/03/08
-101	;	51,6113	;	0,0000	;	07/03/08
-98	;	50,2109	;	0,0000	;	10/03/08
-97	;	52,2746	;	27,9998	;	11/03/08
-96	;	52,7906	;	35,0008	;	12/03/08
-95	;	53,0669	;	38,7496	;	13/03/08
-94	;	54,2647	;	55,0011	;	14/03/08
-91	;	50,9756	;	10,3753	;	17/03/08
-90	;	52,5879	;	32,2506	;	18/03/08
-89	;	48,9763	;	0,0000	;	19/03/08
-88	;	48,5802	;	0,0000	;	20/03/08
-84	;	51,0862	;	44,0848	;	24/03/08
-83	;	52,5326	;	69,5294	;	25/03/08
-82	;	54,8265	;	100,0000	;	26/03/08
-81	;	55,0477	;	100,0000	;	27/03/08
-80	;	55,0937	;	100,0000	;	28/03/08
-77	;	55,7388	;	100,0000	;	31/03/08
-76	;	56,8904	;	100,0000	;	01/04/08
-75	;	56,2915	;	92,7932	;	02/04/08
-74	;	57,0008	;	100,0000	;	03/04/08
-73	;	57,5904	;	100,0000	;	04/04/08
-70	;	57,4984	;	98,9789	;	07/04/08
-69	;	57,7656	;	100,0000	;	08/04/08
-68	;	56,7519	;	88,9640	;	09/04/08
-67	;	56,3928	;	79,4473	;	10/04/08
-66	;	55,7774	;	62,0065	;	11/04/08
-63	;	55,0442	;	7,4070	;	14/04/08
-62	;	56,3898	;	49,4451	;	15/04/08
-61	;	58,0970	;	100,0000	;	16/04/08
-60	;	58,1341	;	100,0000	;	17/04/08
-59	;	58,6446	;	100,0000	;	18/04/08
-55	;	60,5560	;	100,0000	;	22/04/08
-54	;	60,1291	;	92,2548	;	23/04/08
-53	;	57,7630	;	49,3269	;	24/04/08
-52	;	58,4589	;	61,9525	;	25/04/08
-49	;	59,2570	;	76,4324	;	28/04/08
-48	;	57,8094	;	50,1687	;	29/04/08
-47	;	60,9085	;	100,0000	;	30/04/08
-45	;	60,6860	;	96,2059	;	02/05/08
-42	;	61,7995	;	100,0000	;	05/05/08
-41	;	62,9315	;	100,0000	;	06/05/08
-40	;	61,1962	;	66,4255	;	07/05/08
-39	;	61,9294	;	80,6114	;	08/05/08
-38	;	61,6231	;	74,6851	;	09/05/08
-35	;	62,4583	;	90,8445	;	12/05/08
-34	;	62,6346	;	94,2556	;	13/05/08
-33	;	62,4119	;	89,9468	;	14/05/08
-32	;	64,5832	;	100,0000	;	15/05/08
-31	;	66,8936	;	100,0000	;	16/05/08
-28	;	66,3463	;	93,9753	;	19/05/08
-27	;	66,3463	;	91,1834	;	20/05/08
-26	;	64,2121	;	56,8030	;	21/05/08
-24	;	63,3304	;	37,4592	;	23/05/08
-21	;	62,6346	;	25,2466	;	26/05/08
-20	;	61,4190	;	3,9106	;	27/05/08
-19	;	62,7831	;	24,9169	;	28/05/08
-18	;	59,8044	;	0,0000	;	29/05/08
-17	;	60,7881	;	13,8760	;	30/05/08
-14	;	60,5837	;	10,9928	;	02/06/08
-13	;	58,4218	;	0,0000	;	03/06/08
-12	;	56,3618	;	0,0000	;	04/06/08
-11	;	58,3197	;	18,5904	;	05/06/08
-10	;	57,3360	;	9,7571	;	06/06/08
-7	;	55,3968	;	0,0000	;	09/06/08
-6	;	54,1905	;	0,0000	;	10/06/08
-5	;	52,5110	;	0,0000	;	11/06/08
-4	;	52,6037	;	0,9024	;	12/06/08
-3	;	52,6687	;	1,5352	;	13/06/08
0	;	52,7059	;	1,8974	;	16/06/08
1	;	54,2648	;	21,1886	;	17/06/08
2	;	53,9771	;	17,7127	;	18/06/08
3	;	53,8656	;	16,7800	;	19/06/08
4	;	51,4437	;	0,0000	;	20/06/08
7	;	52,4089	;	14,0372	;	23/06/08
8	;	53,3462	;	27,6687	;	24/06/08
9	;	54,4503	;	51,0259	;	25/06/08
10	;	52,5202	;	27,2318	;	26/06/08
11	;	52,1769	;	24,3864	;	27/06/08
14	;	53,2626	;	60,4969	;	30/06/08
15	;	51,0449	;	0,0000	;	01/07/08
16	;	48,4281	;	0,0000	;	02/07/08
17	;	47,2775	;	0,0000	;	03/07/08
18	;	47,7879	;	7,1158	;	04/07/08
21	;	47,8436	;	7,8923	;	07/07/08
22	;	47,3238	;	0,6455	;	08/07/08
24	;	47,3238	;	0,6455	;	10/07/08
25	;	46,5537	;	0,0000	;	11/07/08
28	;	47,3238	;	9,7523	;	14/07/08
29	;	46,3125	;	0,0000	;	15/07/08
30	;	45,6537	;	0,0000	;	16/07/08
31	;	43,1854	;	0,0000	;	17/07/08
32	;	42,6936	;	0,0000	;	18/07/08
35	;	44,2618	;	18,7779	;	21/07/08
36	;	42,6008	;	0,0000	;	22/07/08
37	;	42,5637	;	0,0000	;	23/07/08
38	;	40,5778	;	0,0000	;	24/07/08
39	;	40,3645	;	0,0000	;	25/07/08
42	;	40,8192	;	6,5337	;	28/07/08
43	;	41,8028	;	20,6673	;	29/07/08
44	;	44,6329	;	61,3338	;	30/07/08
45	;	43,9277	;	51,2006	;	31/07/08
46	;	41,1904	;	13,8853	;	01/08/08
49	;	38,2211	;	0,0000	;	04/08/08
50	;	38,6293	;	6,3664	;	05/08/08
51	;	39,1582	;	14,6152	;	06/08/08
52	;	39,3439	;	17,5115	;	07/08/08
53	;	38,6850	;	7,2351	;	08/08/08
56	;	37,2561	;	0,0000	;	11/08/08
57	;	37,0426	;	0,0000	;	12/08/08
58	;	38,7407	;	22,3720	;	13/08/08
59	;	39,1582	;	27,8724	;	14/08/08
60	;	38,4158	;	18,0915	;	15/08/08
63	;	37,5622	;	6,8456	;	18/08/08
64	;	38,1375	;	15,9025	;	19/08/08
65	;	40,2346	;	76,9565	;	20/08/08
66	;	41,0140	;	100,0000	;	21/08/08
67	;	40,3459	;	83,1772	;	22/08/08
70	;	39,1211	;	52,3367	;	25/08/08
71	;	39,1582	;	53,2709	;	26/08/08
72	;	40,4387	;	85,5139	;	27/08/08
73	;	40,6429	;	90,6557	;	28/08/08
74	;	40,3366	;	82,9430	;	29/08/08
77	;	39,7057	;	62,0980	;	01/09/08
78	;	38,7870	;	35,4829	;	02/09/08
79	;	38,6015	;	30,1089	;	03/09/08
80	;	37,4323	;	0,0000	;	04/09/08
81	;	37,8499	;	11,6593	;	05/09/08
84	;	36,4765	;	0,0000	;	08/09/08
85	;	34,6672	;	0,0000	;	09/09/08
86	;	36,6992	;	34,0044	;	10/09/08
87	;	38,6015	;	65,8383	;	11/09/08
88	;	39,5852	;	82,3000	;	12/09/08
91	;	36,0961	;	23,9118	;	15/09/08
92	;	37,0239	;	39,4381	;	16/09/08
93	;	34,4259	;	0,0000	;	17/09/08
94	;	36,9312	;	47,4507	;	18/09/08
95	;	39,9934	;	100,0000	;	19/09/08
98	;	38,8799	;	80,0000	;	22/09/08
99	;	36,0312	;	28,8334	;	23/09/08
100	;	36,6527	;	39,9964	;	24/09/08
101	;	37,9334	;	62,9996	;	25/09/08
102	;	35,7250	;	23,3336	;	26/09/08
105	;	31,3637	;	0,0000	;	29/09/08
106	;	33,9154	;	29,5688	;	30/09/08
107	;	33,7670	;	27,8492	;	01/10/08
108	;	30,2039	;	0,0000	;	02/10/08
109	;	30,3801	;	1,7999	;	03/10/08
112	;	28,0697	;	0,0000	;	06/10/08
113	;	26,9283	;	0,0000	;	07/10/08
114	;	26,9097	;	0,0000	;	08/10/08
115	;	25,9261	;	0,0000	;	09/10/08
116	;	26,2602	;	2,7825	;	10/10/08
119	;	29,6934	;	31,3751	;	13/10/08
120	;	29,2203	;	27,4350	;	14/10/08
121	;	23,7918	;	0,0000	;	15/10/08
122	;	23,1915	;	0,0000	;	16/10/08
123	;	24,0110	;	7,6418	;	17/10/08
126	;	27,2029	;	37,9311	;	20/10/08
127	;	27,4792	;	59,6458	;	21/10/08
128	;	25,9166	;	37,9086	;	22/10/08
129	;	24,4397	;	19,1975	;	23/10/08
130	;	23,2392	;	0,7336	;	24/10/08
133	;	21,0573	;	0,0000	;	27/10/08
134	;	23,9729	;	33,7606	;	28/10/08
135	;	24,7161	;	42,3664	;	29/10/08
136	;	26,4787	;	62,7760	;	30/10/08
137	;	27,0504	;	73,4179	;	31/10/08
140	;	27,6316	;	100,0000	;	03/11/08
141	;	29,5754	;	100,0000	;	04/11/08
142	;	27,0601	;	70,4711	;	05/11/08
143	;	26,2024	;	60,4020	;	06/11/08
144	;	25,3926	;	50,8952	;	07/11/08
147	;	26,5836	;	64,8771	;	10/11/08
148	;	26,9172	;	68,7935	;	11/11/08
149	;	25,1640	;	48,2115	;	12/11/08
150	;	26,0024	;	58,0540	;	13/11/08
151	;	25,7737	;	32,1428	;	14/11/08
154	;	25,4402	;	14,9013	;	17/11/08
155	;	24,3445	;	0,0000	;	18/11/08
156	;	23,8205	;	0,0000	;	19/11/08
158	;	21,7242	;	0,0000	;	21/11/08
161	;	24,8781	;	40,1709	;	24/11/08
162	;	25,5450	;	71,6055	;	25/11/08
163	;	26,2882	;	87,8875	;	26/11/08
164	;	25,7737	;	77,9800	;	27/11/08
165	;	26,2310	;	86,7861	;	28/11/08
168	;	24,2969	;	49,5417	;	01/12/08
169	;	23,3918	;	36,5381	;	02/12/08
170	;	23,6966	;	43,2165	;	03/12/08
171	;	22,9534	;	26,9325	;	04/12/08
172	;	22,4389	;	15,6595	;	05/12/08
175	;	25,2497	;	77,2458	;	08/12/08
176	;	25,6023	;	84,9715	;	09/12/08
177	;	27,3554	;	100,0000	;	10/12/08
178	;	26,7837	;	88,3718	;	11/12/08
179	;	26,8791	;	90,3122	;	12/12/08
182	;	27,0504	;	93,7964	;	15/12/08
183	;	28,4893	;	100,0000	;	16/12/08
184	;	28,8704	;	100,0000	;	17/12/08
185	;	27,4506	;	77,9243	;	18/12/08
186	;	27,3364	;	76,1486	;	19/12/08
189	;	25,6118	;	49,3338	;	22/12/08
190	;	24,6399	;	34,2222	;	23/12/08
193	;	25,8214	;	52,5927	;	26/12/08
196	;	25,7642	;	26,5761	;	29/12/08
197	;	26,3835	;	41,2150	;	30/12/08
200	;	29,0609	;	100,0000	;	02/01/09
203	;	30,6426	;	100,0000	;	05/01/09
204	;	31,4906	;	100,0000	;	06/01/09
205	;	29,5374	;	71,4890	;	07/01/09
206	;	30,8521	;	90,6798	;	08/01/09
207	;	30,3473	;	83,3112	;	09/01/09
210	;	27,9271	;	47,9834	;	12/01/09
211	;	28,6798	;	58,9706	;	13/01/09
212	;	27,3459	;	39,4996	;	14/01/09
213	;	28,0604	;	49,9292	;	15/01/09
214	;	28,5845	;	49,2508	;	16/01/09
217	;	28,2700	;	43,7587	;	19/01/09
218	;	27,0219	;	12,5002	;	20/01/09
219	;	27,8126	;	17,6942	;	21/01/09
220	;	27,8509	;	18,5513	;	22/01/09
221	;	28,8228	;	40,3003	;	23/01/09
224	;	29,3658	;	61,1952	;	26/01/09
225	;	30,5950	;	93,2876	;	27/01/09
226	;	32,3386	;	100,0000	;	28/01/09
227	;	31,4716	;	83,6929	;	29/01/09
228	;	30,9666	;	74,1945	;	30/01/09
231	;	30,7855	;	70,7883	;	02/02/09
232	;	32,3100	;	99,4621	;	03/02/09
233	;	33,7392	;	100,0000	;	04/02/09
234	;	35,2066	;	100,0000	;	05/02/09
235	;	36,9217	;	100,0000	;	06/02/09
238	;	35,8259	;	87,9703	;	09/02/09
239	;	34,7778	;	76,3648	;	10/02/09
240	;	33,8059	;	61,5281	;	11/02/09
241	;	33,1675	;	50,3143	;	12/02/09
242	;	34,6730	;	64,4570	;	13/02/09
245	;	34,7874	;	65,2179	;	16/02/09
246	;	32,5005	;	27,9489	;	17/02/09
247	;	33,1580	;	38,6640	;	18/02/09
248	;	33,3676	;	42,0798	;	19/02/09
249	;	30,7093	;	0,0000	;	20/02/09
254	;	29,0609	;	0,0000	;	25/02/09
255	;	29,0609	;	0,0000	;	26/02/09
256	;	29,4135	;	4,4856	;	27/02/09
259	;	27,7461	;	0,0000	;	02/03/09
260	;	28,2796	;	7,5767	;	03/03/09
261	;	31,1477	;	48,3093	;	04/03/09
262	;	29,7470	;	28,4166	;	05/03/09
263	;	28,9657	;	17,3207	;	06/03/09
266	;	28,2986	;	7,8466	;	09/03/09
267	;	30,3948	;	47,1173	;	10/03/09
268	;	30,6998	;	52,5429	;	11/03/09
269	;	30,1662	;	43,0508	;	12/03/09
270	;	29,3658	;	47,6158	;	13/03/09
273	;	29,2324	;	43,6941	;	16/03/09
274	;	29,9661	;	65,2634	;	17/03/09
275	;	29,6707	;	56,5793	;	18/03/09
276	;	30,2996	;	75,0676	;	19/03/09
277	;	29,8709	;	55,4827	;	20/03/09
280	;	31,7479	;	100,0000	;	23/03/09
281	;	30,5950	;	66,5758	;	24/03/09
282	;	30,6808	;	69,0633	;	25/03/09
283	;	31,5286	;	93,6422	;	26/03/09
284	;	30,7283	;	59,4673	;	27/03/09
287	;	28,9942	;	0,0000	;	30/03/09
288	;	29,5374	;	19,7262	;	31/03/09
289	;	30,0138	;	37,0266	;	01/04/09
290	;	31,9861	;	100,0000	;	02/04/09
291	;	32,3481	;	100,0000	;	03/04/09
294	;	31,5002	;	74,7190	;	06/04/09
295	;	30,8141	;	54,2622	;	07/04/09
296	;	31,0618	;	61,6476	;	08/04/09
297	;	33,0628	;	100,0000	;	09/04/09
298	;	33,0628	;	100,0000	;	10/04/09
301	;	33,9204	;	100,0000	;	13/04/09
302	;	33,9488	;	100,0000	;	14/04/09
303	;	34,1966	;	100,0000	;	15/04/09
304	;	34,4138	;	100,0000	;	16/04/09
305	;	34,1334	;	94,2499	;	17/04/09
308	;	32,7603	;	62,4205	;	20/04/09
310	;	33,1470	;	64,8082	;	22/04/09
311	;	34,0850	;	90,8659	;	23/04/09
312	;	34,7232	;	100,0000	;	24/04/09
315	;	33,7563	;	75,2654	;	27/04/09
316	;	33,1663	;	57,4780	;	28/04/09
317	;	33,8529	;	55,6625	;	29/04/09
318	;	34,8876	;	100,0000	;	30/04/09
322	;	38,6780	;	100,0000	;	04/05/09
323	;	38,3879	;	95,0978	;	05/05/09
324	;	38,6780	;	100,0000	;	06/05/09
325	;	37,2276	;	75,4905	;	07/05/09
326	;	37,7594	;	84,4771	;	08/05/09
329	;	37,8754	;	86,4373	;	11/05/09
330	;	36,8602	;	67,1343	;	12/05/09
331	;	35,3904	;	40,3523	;	13/05/09
332	;	35,6223	;	44,5598	;	14/05/09
333	;	35,3904	;	40,3523	;	15/05/09
336	;	37,7110	;	82,4555	;	18/05/09
337	;	38,0012	;	85,9734	;	19/05/09
338	;	38,1173	;	85,2074	;	20/05/09
339	;	36,5701	;	35,8833	;	21/05/09
340	;	36,5024	;	33,8241	;	22/05/09
343	;	36,8312	;	43,8253	;	25/05/09
344	;	37,5950	;	80,8464	;	26/05/09
345	;	36,5991	;	44,3251	;	27/05/09
346	;	37,4984	;	77,3039	;	28/05/09
347	;	36,7635	;	50,3539	;	29/05/09
350	;	38,5814	;	100,0000	;	01/06/09
351	;	37,2663	;	58,7872	;	02/06/09
352	;	35,7191	;	10,3009	;	03/06/09
353	;	36,5314	;	28,3793	;	04/06/09
354	;	36,9181	;	41,8894	;	05/06/09
357	;	37,1309	;	49,3240	;	08/06/09
358	;	37,1406	;	49,6629	;	09/06/09
359	;	37,4693	;	61,1466	;	10/06/09
361	;	37,2469	;	53,3767	;	12/06/09
364	;	36,5121	;	27,7050	;	15/06/09
365	;	35,8738	;	5,4047	;	16/06/09
366	;	35,5934	;	0,0000	;	17/06/09
367	;	35,3807	;	0,0000	;	18/06/09
368	;	35,3421	;	0,0000	;	19/06/09
371	;	33,4275	;	0,0000	;	22/06/09
372	;	33,6982	;	6,6975	;	23/06/09
373	;	32,9343	;	0,0000	;	24/06/09
374	;	34,0367	;	24,3087	;	25/06/09
375	;	33,4566	;	11,5171	;	26/06/09
378	;	33,7563	;	18,1257	;	29/06/09
379	;	33,3598	;	9,3826	;	30/06/09
380	;	33,4855	;	12,7812	;	01/07/09
381	;	33,2148	;	7,8400	;	02/07/09
382	;	33,0503	;	3,9463	;	03/07/09
385	;	32,4605	;	0,0000	;	06/07/09
386	;	30,8360	;	0,0000	;	07/07/09
387	;	31,4839	;	14,3783	;	08/07/09
388	;	31,4839	;	20,2425	;	09/07/09
389	;	31,4260	;	18,4335	;	10/07/09
392	;	31,4260	;	18,4335	;	13/07/09
393	;	31,1551	;	9,9697	;	14/07/09
394	;	33,5724	;	93,7027	;	15/07/09
395	;	33,6305	;	95,6922	;	16/07/09
396	;	33,6015	;	98,9623	;	17/07/09
399	;	34,8876	;	100,0000	;	20/07/09
400	;	35,2841	;	100,0000	;	21/07/09
401	;	34,5684	;	83,9100	;	22/07/09
402	;	35,2937	;	100,0000	;	23/07/09
403	;	35,5837	;	100,0000	;	24/07/09
406	;	35,8255	;	100,0000	;	27/07/09
407	;	35,7191	;	97,7218	;	28/07/09
408	;	34,9552	;	81,3656	;	29/07/09
409	;	35,3904	;	90,6839	;	30/07/09
410	;	35,8255	;	100,0000	;	31/07/09
413	;	36,8215	;	100,0000	;	03/08/09
414	;	36,7635	;	98,1988	;	04/08/09
415	;	36,8215	;	100,0000	;	05/08/09
416	;	36,3090	;	77,2536	;	06/08/09
417	;	36,6958	;	94,4210	;	07/08/09
420	;	36,5991	;	90,1292	;	10/08/09
421	;	35,6708	;	38,3433	;	11/08/09
422	;	35,9995	;	55,9556	;	12/08/09
423	;	36,9277	;	100,0000	;	13/08/09
424	;	37,2276	;	100,0000	;	14/08/09
427	;	35,6804	;	31,9134	;	17/08/09
428	;	35,4871	;	5,2634	;	18/08/09
429	;	35,4679	;	0,0000	;	19/08/09
430	;	35,7481	;	15,9232	;	20/08/09
431	;	36,2605	;	45,0418	;	21/08/09
434	;	36,6958	;	69,7789	;	24/08/09
435	;	36,4347	;	54,9412	;	25/08/09
436	;	36,3380	;	49,4459	;	26/08/09
437	;	36,1157	;	36,8131	;	27/08/09
438	;	36,6378	;	66,4829	;	28/08/09
441	;	35,4679	;	0,0000	;	31/08/09
442	;	35,3517	;	0,0000	;	01/09/09
443	;	34,8199	;	0,0000	;	02/09/09
444	;	35,2743	;	24,2230	;	03/09/09
445	;	35,8738	;	56,1810	;	04/09/09
449	;	37,0342	;	100,0000	;	08/09/09
450	;	36,8891	;	93,4471	;	09/09/09
451	;	37,5659	;	100,0000	;	10/09/09
452	;	37,1309	;	84,1588	;	11/09/09
455	;	37,6143	;	100,0000	;	14/09/09
456	;	38,1752	;	100,0000	;	15/09/09
457	;	38,9197	;	100,0000	;	16/09/09
458	;	38,4363	;	88,2092	;	17/09/09
459	;	38,6684	;	93,8704	;	18/09/09
462	;	39,3356	;	100,0000	;	21/09/09
463	;	40,3896	;	100,0000	;	22/09/09
464	;	39,9931	;	92,2487	;	23/09/09
465	;	39,2969	;	75,8027	;	24/09/09
466	;	39,3453	;	70,1671	;	25/09/09
469	;	40,0028	;	88,9502	;	28/09/09
470	;	39,6449	;	77,1473	;	29/09/09
471	;	39,8287	;	82,7876	;	30/09/09
472	;	38,7264	;	40,0713	;	01/10/09
473	;	39,6063	;	64,6270	;	02/10/09
476	;	40,1286	;	86,6380	;	05/10/09
477	;	40,4959	;	100,0000	;	06/10/09
478	;	41,4725	;	100,0000	;	07/10/09
479	;	42,0624	;	100,0000	;	08/10/09
480	;	42,2750	;	100,0000	;	09/10/09
483	;	42,2750	;	100,0000	;	12/10/09
484	;	41,8689	;	88,5561	;	13/10/09
485	;	43,8028	;	100,0000	;	14/10/09
486	;	44,2767	;	100,0000	;	15/10/09
487	;	44,2297	;	99,1532	;	16/10/09
490	;	45,5591	;	100,0000	;	19/10/09
491	;	44,7380	;	87,9828	;	20/10/09
492	;	45,0703	;	91,7887	;	21/10/09
493	;	45,8621	;	100,0000	;	22/10/09
494	;	45,0703	;	85,2447	;	23/10/09
497	;	45,3538	;	88,4204	;	26/10/09
498	;	43,6433	;	44,4355	;	27/10/09
499	;	41,7471	;	0,0000	;	28/10/09
500	;	45,4516	;	90,0243	;	29/10/09
501	;	43,7899	;	49,6428	;	30/10/09
505	;	45,4516	;	90,0243	;	03/11/09
506	;	45,8817	;	100,0000	;	04/11/09
507	;	46,0771	;	100,0000	;	05/11/09
508	;	45,7839	;	93,2286	;	06/11/09
511	;	47,3577	;	100,0000	;	09/11/09
512	;	46,8395	;	90,7639	;	10/11/09
513	;	46,7516	;	89,1972	;	11/11/09
514	;	45,0606	;	59,0579	;	12/11/09
515	;	45,8426	;	72,9958	;	13/11/09
518	;	47,6704	;	100,0000	;	16/11/09
519	;	48,2960	;	100,0000	;	17/11/09
520	;	47,4652	;	81,5628	;	18/11/09
521	;	47,5727	;	83,9484	;	19/11/09
522	;	47,5727	;	77,6442	;	20/11/09
525	;	48,0809	;	93,3517	;	23/11/09
526	;	48,3547	;	100,0000	;	24/11/09
527	;	49,1659	;	100,0000	;	25/11/09
528	;	47,6997	;	64,2852	;	26/11/09
529	;	48,4817	;	83,3337	;	27/11/09
532	;	47,9148	;	69,5248	;	30/11/09
533	;	48,7749	;	90,4757	;	01/12/09
534	;	48,3840	;	76,4722	;	02/12/09
535	;	47,8463	;	22,4084	;	03/12/09
536	;	46,9667	;	0,0000	;	04/12/09
539	;	47,0448	;	3,5513	;	07/12/09
540	;	46,6245	;	0,0000	;	08/12/09
541	;	47,1133	;	19,2335	;	09/12/09
542	;	47,8953	;	50,0039	;	10/12/09
543	;	48,2863	;	65,3892	;	11/12/09
546	;	49,1464	;	99,2327	;	14/12/09
547	;	49,0878	;	97,6764	;	15/12/09
548	;	48,8335	;	87,5927	;	16/12/09
549	;	47,3185	;	27,5189	;	17/12/09
550	;	47,2110	;	23,2563	;	18/12/09
553	;	47,0546	;	17,0546	;	21/12/09
554	;	47,9441	;	52,3256	;	22/12/09
555	;	48,5893	;	77,9095	;	23/12/09
560	;	48,6772	;	81,3950	;	28/12/09
561	;	48,5403	;	75,9665	;	29/12/09
562	;	48,3840	;	63,5529	;	30/12/09
567	;	50,3290	;	100,0000	;	04/01/10
568	;	50,7983	;	100,0000	;	05/01/10
569	;	51,8734	;	100,0000	;	06/01/10
570	;	52,0886	;	100,0000	;	07/01/10
571	;	52,5967	;	100,0000	;	08/01/10
574	;	52,4404	;	97,1798	;	11/01/10
575	;	52,2938	;	94,5346	;	12/01/10
576	;	52,9389	;	100,0000	;	13/01/10
577	;	52,9292	;	99,8058	;	14/01/10
578	;	52,2448	;	84,7615	;	15/01/10
581	;	52,9779	;	100,0000	;	18/01/10
582	;	53,7111	;	100,0000	;	19/01/10
583	;	52,2448	;	72,4747	;	20/01/10
584	;	50,4366	;	3,1815	;	21/01/10
585	;	49,3712	;	0,0000	;	22/01/10
589	;	48,3741	;	0,0000	;	26/01/10
590	;	47,7095	;	0,0000	;	27/01/10
591	;	47,6801	;	0,0000	;	28/01/10
592	;	47,8073	;	2,1091	;	29/01/10
595	;	49,2539	;	26,0952	;	01/02/10
596	;	49,2539	;	26,0952	;	02/02/10
597	;	49,1464	;	24,3127	;	03/02/10
598	;	46,4876	;	0,0000	;	04/02/10
599	;	46,0966	;	0,0000	;	05/02/10
602	;	46,4290	;	4,3654	;	08/02/10
603	;	47,4065	;	21,3054	;	09/02/10
604	;	47,4554	;	31,3088	;	10/02/10
605	;	48,5697	;	75,5237	;	11/02/10
606	;	48,2373	;	67,8016	;	12/02/10
611	;	50,1434	;	100,0000	;	17/02/10
612	;	50,9938	;	100,0000	;	18/02/10
613	;	50,8275	;	96,6042	;	19/02/10
616	;	49,8502	;	76,6479	;	22/02/10
617	;	49,0878	;	61,0798	;	23/02/10
618	;	49,2636	;	64,6696	;	24/02/10
619	;	49,5569	;	70,6587	;	25/02/10
620	;	49,3126	;	65,6702	;	26/02/10
623	;	49,8208	;	74,3034	;	01/03/10
624	;	50,8178	;	95,0938	;	02/03/10
625	;	50,7103	;	91,9879	;	03/03/10
626	;	51,4141	;	100,0000	;	04/03/10
627	;	53,0757	;	100,0000	;	05/03/10
630	;	52,6848	;	90,1979	;	08/03/10
631	;	53,0757	;	100,0000	;	09/03/10
632	;	52,3915	;	82,8431	;	10/03/10
633	;	51,7073	;	65,6862	;	11/03/10
634	;	51,4141	;	58,3340	;	12/03/10
637	;	51,7073	;	64,1038	;	15/03/10
638	;	52,9975	;	97,9219	;	16/03/10
639	;	53,0562	;	99,4818	;	17/03/10
640	;	52,5382	;	83,4864	;	18/03/10
641	;	51,9712	;	53,3060	;	19/03/10
644	;	52,6749	;	83,0557	;	22/03/10
645	;	54,5419	;	100,0000	;	23/03/10
646	;	54,4442	;	96,8764	;	24/03/10
647	;	54,0532	;	84,3756	;	25/03/10
648	;	54,5419	;	100,0000	;	26/03/10
651	;	55,7638	;	100,0000	;	29/03/10
652	;	56,1547	;	100,0000	;	30/03/10
653	;	55,8615	;	93,8151	;	31/03/10
654	;	56,4284	;	100,0000	;	01/04/10
658	;	56,2720	;	96,4911	;	05/04/10
659	;	56,1938	;	94,7366	;	06/04/10
660	;	56,7608	;	100,0000	;	07/04/10
661	;	58,0607	;	100,0000	;	08/04/10
662	;	57,9532	;	98,0040	;	09/04/10
665	;	57,5525	;	87,3188	;	12/04/10
666	;	58,0119	;	98,7823	;	13/04/10
667	;	58,5006	;	100,0000	;	14/04/10
668	;	58,4235	;	98,0524	;	15/04/10
669	;	57,6163	;	67,6885	;	16/04/10
672	;	56,6024	;	28,0740	;	19/04/10
673	;	55,8149	;	0,0000	;	20/04/10
675	;	56,0117	;	7,3277	;	22/04/10
676	;	55,5196	;	0,0000	;	23/04/10
679	;	55,2932	;	0,0000	;	26/04/10
680	;	52,4778	;	0,0000	;	27/04/10
681	;	52,1234	;	0,0000	;	28/04/10
682	;	53,5507	;	22,3813	;	29/04/10
683	;	52,2711	;	2,3161	;	30/04/10
686	;	50,9717	;	0,0000	;	03/05/10
687	;	48,5895	;	0,0000	;	04/05/10
688	;	49,8003	;	12,3124	;	05/05/10
689	;	49,0915	;	5,5612	;	06/05/10
690	;	48,9242	;	4,1770	;	07/05/10
693	;	51,0012	;	32,4931	;	10/05/10
694	;	50,5090	;	25,8616	;	11/05/10
695	;	50,3318	;	25,1411	;	12/05/10
696	;	49,6033	;	15,1230	;	13/05/10
697	;	48,1366	;	0,0000	;	14/05/10
700	;	47,3885	;	0,0000	;	17/05/10
701	;	45,6757	;	0,0000	;	18/05/10
702	;	44,7897	;	0,0000	;	19/05/10
703	;	43,1655	;	0,0000	;	20/05/10
704	;	46,0694	;	37,0599	;	21/05/10
707	;	45,5871	;	30,9047	;	24/05/10
708	;	45,9907	;	36,0555	;	25/05/10
709	;	45,7445	;	32,9135	;	26/05/10
710	;	48,6288	;	69,7232	;	27/05/10
711	;	48,1858	;	68,3639	;	28/05/10
714	;	49,2195	;	84,4787	;	31/05/10
715	;	48,1563	;	77,5234	;	01/06/10
716	;	49,1702	;	99,1857	;	02/06/10
718	;	46,8471	;	60,8127	;	04/06/10
721	;	45,3804	;	36,5857	;	07/06/10
722	;	45,8627	;	44,5524	;	08/06/10
723	;	46,0300	;	47,3158	;	09/06/10
724	;	46,8668	;	38,7174	;	10/06/10
725	;	47,4377	;	53,5881	;	11/06/10
728	;	47,4673	;	54,3591	;	14/06/10
729	;	48,1464	;	72,0481	;	15/06/10
730	;	47,5460	;	56,4091	;	16/06/10
731	;	46,7092	;	34,6123	;	17/06/10
732	;	46,2663	;	23,0757	;	18/06/10
735	;	47,7134	;	61,5600	;	21/06/10
736	;	47,2506	;	49,3483	;	22/06/10
737	;	47,8314	;	88,6117	;	23/06/10
738	;	46,7585	;	49,8229	;	24/06/10
739	;	47,3294	;	64,2247	;	25/06/10
742	;	46,4435	;	19,5379	;	28/06/10
743	;	44,1991	;	0,0000	;	29/06/10
744	;	42,9686	;	0,0000	;	30/06/10
745	;	43,1556	;	3,6116	;	01/07/10
746	;	42,9391	;	0,0000	;	02/07/10
749	;	42,3287	;	0,0000	;	05/07/10
750	;	42,8603	;	9,6607	;	06/07/10
751	;	43,8940	;	28,4460	;	07/07/10
752	;	44,0416	;	31,1284	;	08/07/10
756	;	43,3918	;	19,3196	;	12/07/10
757	;	43,4706	;	22,8348	;	13/07/10
758	;	43,4805	;	23,0328	;	14/07/10
759	;	43,1359	;	19,6170	;	15/07/10
760	;	42,1810	;	0,0000	;	16/07/10
763	;	43,3623	;	63,4903	;	19/07/10
764	;	45,8134	;	100,0000	;	20/07/10
765	;	46,0792	;	100,0000	;	21/07/10
766	;	47,0538	;	100,0000	;	22/07/10
767	;	47,4180	;	100,0000	;	23/07/10
770	;	47,4377	;	100,0000	;	26/07/10
771	;	47,2506	;	96,4407	;	27/07/10
772	;	48,0874	;	100,0000	;	28/07/10
773	;	47,6444	;	92,4997	;	29/07/10
774	;	47,7921	;	95,0003	;	30/07/10
777	;	49,7412	;	100,0000	;	02/08/10
778	;	49,6821	;	99,2183	;	03/08/10
779	;	49,6427	;	98,6971	;	04/08/10
780	;	49,8593	;	100,0000	;	05/08/10
781	;	49,7904	;	98,2970	;	06/08/10
784	;	49,9183	;	100,0000	;	09/08/10
785	;	49,2195	;	75,6048	;	10/08/10
786	;	47,5558	;	11,4406	;	11/08/10
787	;	47,9594	;	26,5697	;	12/08/10
788	;	48,0382	;	29,5236	;	13/08/10
791	;	48,6682	;	47,0857	;	16/08/10
792	;	49,2293	;	70,8360	;	17/08/10
793	;	49,5640	;	85,0032	;	18/08/10
794	;	49,0718	;	64,1693	;	19/08/10
795	;	48,4713	;	38,7513	;	20/08/10
798	;	47,0833	;	0,0000	;	23/08/10
799	;	46,0694	;	0,0000	;	24/08/10
800	;	45,6560	;	0,0000	;	25/08/10
801	;	45,1440	;	0,0000	;	26/08/10
802	;	46,7092	;	35,4118	;	27/08/10
805	;	45,4787	;	7,5724	;	30/08/10
806	;	46,1482	;	22,7195	;	31/08/10
807	;	48,2843	;	71,0475	;	01/09/10
808	;	47,8216	;	60,5792	;	02/09/10
809	;	47,6444	;	56,5701	;	03/09/10
812	;	47,2506	;	47,6606	;	06/09/10
814	;	46,4533	;	33,3342	;	08/09/10
815	;	46,5616	;	42,6051	;	09/09/10
816	;	46,1285	;	31,3505	;	10/09/10
819	;	47,4476	;	73,3561	;	13/09/10
820	;	47,0538	;	60,8159	;	14/09/10
821	;	47,3294	;	69,5921	;	15/09/10
822	;	47,0243	;	55,0898	;	16/09/10
823	;	46,3942	;	32,6312	;	17/09/10
826	;	47,3491	;	56,6194	;	20/09/10
827	;	47,4968	;	63,4706	;	21/09/10
828	;	48,3532	;	100,0000	;	22/09/10
829	;	48,3729	;	100,0000	;	23/09/10
830	;	50,0365	;	100,0000	;	24/09/10
833	;	50,9520	;	100,0000	;	27/09/10
834	;	51,3458	;	100,0000	;	28/09/10
835	;	51,3753	;	100,0000	;	29/09/10
836	;	51,4835	;	100,0000	;	30/09/10
837	;	51,9758	;	100,0000	;	01/10/10
840	;	52,0151	;	100,0000	;	04/10/10
841	;	52,6746	;	100,0000	;	05/10/10
842	;	52,8322	;	100,0000	;	06/10/10
843	;	52,6451	;	96,5877	;	07/10/10
844	;	52,4679	;	93,1720	;	08/10/10
847	;	52,7633	;	98,4617	;	11/10/10
849	;	52,7140	;	97,3494	;	13/10/10
850	;	52,9109	;	100,0000	;	14/10/10
851	;	53,0652	;	100,0000	;	15/10/10
854	;	54,2091	;	100,0000	;	18/10/10
855	;	52,9160	;	54,3687	;	19/10/10
856	;	54,4876	;	100,0000	;	20/10/10
857	;	53,6123	;	65,1525	;	21/10/10
858	;	53,6620	;	66,6087	;	22/10/10
861	;	54,1096	;	81,2844	;	25/10/10
862	;	54,9054	;	100,0000	;	26/10/10
863	;	54,3583	;	77,5549	;	27/10/10
864	;	53,3139	;	34,7077	;	28/10/10
865	;	53,3139	;	27,3752	;	29/10/10
868	;	54,5075	;	81,8427	;	01/11/10
870	;	53,9107	;	50,1279	;	03/11/10
871	;	55,2933	;	100,0000	;	04/11/10
872	;	55,4027	;	100,0000	;	05/11/10
875	;	55,8006	;	100,0000	;	08/11/10
876	;	55,6016	;	91,9974	;	09/11/10
877	;	55,5022	;	88,0002	;	10/11/10
878	;	55,7409	;	97,5992	;	11/11/10
879	;	54,7064	;	55,9979	;	12/11/10
883	;	53,6024	;	11,6017	;	16/11/10
884	;	53,5228	;	8,4007	;	17/11/10
885	;	54,9451	;	65,5970	;	18/11/10
886	;	55,1540	;	71,6130	;	19/11/10
889	;	55,0048	;	65,0628	;	22/11/10
890	;	53,6123	;	3,9292	;	23/11/10
891	;	54,9750	;	63,7545	;	24/11/10
892	;	54,6269	;	48,4722	;	25/11/10
893	;	53,8013	;	12,5558	;	26/11/10
896	;	53,9206	;	17,9343	;	29/11/10
897	;	53,2741	;	0,0000	;	30/11/10
898	;	55,0048	;	92,0634	;	01/12/10
899	;	55,6016	;	100,0000	;	02/12/10
900	;	56,2979	;	100,0000	;	03/12/10
903	;	56,5466	;	100,0000	;	06/12/10
904	;	56,4172	;	96,0458	;	07/12/10
905	;	55,1640	;	57,7510	;	08/12/10
906	;	55,7707	;	76,2903	;	09/12/10
907	;	56,4670	;	97,5676	;	10/12/10
910	;	57,8794	;	100,0000	;	13/12/10
911	;	57,3721	;	88,9844	;	14/12/10
912	;	56,4968	;	69,9781	;	15/12/10
913	;	56,4471	;	68,8989	;	16/12/10
914	;	56,5963	;	72,1386	;	17/12/10
917	;	56,1984	;	41,5223	;	20/12/10
918	;	56,8847	;	63,3682	;	21/12/10
919	;	56,7256	;	57,5090	;	22/12/10
920	;	56,5466	;	50,9170	;	23/12/10
924	;	54,9352	;	0,0000	;	27/12/10
925	;	54,4478	;	0,0000	;	28/12/10
926	;	54,8258	;	11,0153	;	29/12/10
927	;	55,0347	;	17,1028	;	30/12/10
931	;	56,6659	;	64,6375	;	03/01/11
932	;	57,8396	;	100,0000	;	04/01/11
933	;	58,8840	;	100,0000	;	05/01/11
934	;	58,1281	;	82,9606	;	06/01/11
935	;	57,6904	;	73,0941	;	07/01/11
938	;	57,5810	;	70,6280	;	10/01/11
939	;	58,1877	;	84,3041	;	11/01/11
940	;	59,7991	;	100,0000	;	12/01/11
941	;	59,3813	;	92,1926	;	13/01/11
942	;	59,6400	;	97,0269	;	14/01/11
945	;	60,1700	;	100,0000	;	17/01/11
946	;	60,9200	;	100,0000	;	18/01/11
947	;	59,6000	;	78,3401	;	19/01/11
948	;	58,6000	;	60,5798	;	20/01/11
949	;	59,0000	;	54,8671	;	21/01/11
952	;	59,4000	;	54,4774	;	24/01/11
954	;	59,3500	;	52,9799	;	26/01/11
955	;	58,7600	;	35,3100	;	27/01/11
956	;	57,0700	;	0,0000	;	28/01/11
959	;	57,0800	;	0,2597	;	31/01/11
960	;	58,4900	;	36,8831	;	01/02/11
961	;	57,4000	;	8,5714	;	02/02/11
962	;	57,2700	;	5,1948	;	03/02/11
963	;	56,3400	;	0,0000	;	04/02/11
966	;	56,7600	;	9,1703	;	07/02/11
967	;	56,3100	;	0,0000	;	08/02/11
968	;	54,6000	;	0,0000	;	09/02/11
969	;	55,3100	;	14,7917	;	10/02/11
970	;	56,4500	;	38,5417	;	11/02/11
973	;	57,5500	;	61,4583	;	14/02/11
974	;	57,3600	;	58,1053	;	15/02/11
975	;	57,9100	;	79,5673	;	16/02/11
976	;	57,9900	;	87,1465	;	17/02/11
977	;	57,4000	;	71,9794	;	18/02/11
980	;	56,1000	;	38,5604	;	21/02/11
981	;	54,9800	;	11,2094	;	22/02/11
982	;	56,0000	;	41,2979	;	23/02/11
983	;	55,5100	;	26,8437	;	24/02/11
984	;	55,7000	;	32,4484	;	25/02/11
987	;	56,3000	;	50,1475	;	28/02/11
988	;	55,2400	;	18,8791	;	01/03/11
989	;	56,1800	;	39,8671	;	02/03/11
990	;	56,6000	;	53,8206	;	03/03/11
991	;	55,6500	;	22,2591	;	04/03/11
996	;	53,6200	;	0,0000	;	09/03/11
997	;	52,1000	;	0,0000	;	10/03/11
998	;	52,8200	;	12,2241	;	11/03/11
