-165	;	23,8851	;	51,4060	;	03/01/08
-164	;	23,1766	;	45,6642	;	04/01/08
-161	;	22,0546	;	9,5734	;	07/01/08
-160	;	22,8370	;	43,2526	;	08/01/08
-159	;	23,5397	;	76,5661	;	09/01/08
-158	;	23,0289	;	53,6613	;	10/01/08
-157	;	22,4592	;	28,1153	;	11/01/08
-154	;	23,7375	;	85,4356	;	14/01/08
-153	;	23,3271	;	63,3810	;	15/01/08
-152	;	23,4570	;	69,8511	;	16/01/08
-151	;	22,3204	;	13,2390	;	17/01/08
-150	;	23,8556	;	89,7046	;	18/01/08
-147	;	21,9070	;	0,0000	;	21/01/08
-146	;	22,4385	;	26,8692	;	22/01/08
-145	;	20,9918	;	0,0000	;	23/01/08
-144	;	22,4385	;	50,5168	;	24/01/08
-140	;	22,8813	;	65,9788	;	28/01/08
-139	;	23,8112	;	98,4496	;	29/01/08
-138	;	24,3575	;	100,0000	;	30/01/08
-137	;	24,3575	;	100,0000	;	31/01/08
-136	;	25,9666	;	100,0000	;	01/02/08
-131	;	26,2471	;	100,0000	;	06/02/08
-130	;	27,3985	;	100,0000	;	07/02/08
-129	;	27,1475	;	96,0822	;	08/02/08
-126	;	27,2509	;	97,6962	;	11/02/08
-125	;	27,6052	;	100,0000	;	12/02/08
-124	;	27,6790	;	100,0000	;	13/02/08
-123	;	27,2804	;	94,0394	;	14/02/08
-122	;	27,5756	;	98,0269	;	15/02/08
-119	;	27,4723	;	95,6917	;	18/02/08
-118	;	27,5461	;	96,5639	;	19/02/08
-117	;	28,9484	;	100,0000	;	20/02/08
-116	;	30,5518	;	100,0000	;	21/02/08
-115	;	30,9149	;	100,0000	;	22/02/08
-112	;	31,1481	;	100,0000	;	25/02/08
-111	;	30,9562	;	95,2032	;	26/02/08
-110	;	30,0262	;	71,9567	;	27/02/08
-109	;	29,7250	;	63,4840	;	28/02/08
-108	;	28,9338	;	42,7489	;	29/02/08
-105	;	30,4100	;	80,9163	;	03/03/08
-104	;	30,7495	;	89,6941	;	04/03/08
-103	;	30,5577	;	83,9382	;	05/03/08
-102	;	30,1768	;	73,5758	;	06/03/08
-101	;	29,6128	;	57,3765	;	07/03/08
-98	;	28,1218	;	0,0000	;	10/03/08
-97	;	29,6424	;	50,2462	;	11/03/08
-96	;	30,2624	;	70,7332	;	12/03/08
-95	;	30,5871	;	81,4625	;	13/03/08
-94	;	31,0005	;	100,0000	;	14/03/08
-91	;	29,7605	;	56,9250	;	17/03/08
-90	;	30,9384	;	97,8428	;	18/03/08
-89	;	30,1117	;	69,1250	;	19/03/08
-88	;	29,5538	;	49,7447	;	20/03/08
-84	;	29,0815	;	33,3380	;	24/03/08
-83	;	30,2181	;	72,8211	;	25/03/08
-82	;	29,9524	;	63,5912	;	26/03/08
-81	;	29,7688	;	57,2133	;	27/03/08
-80	;	29,7420	;	56,2824	;	28/03/08
-77	;	29,3248	;	12,6785	;	31/03/08
-76	;	30,4722	;	72,4700	;	01/04/08
-75	;	30,5288	;	75,4195	;	02/04/08
-74	;	31,2471	;	100,0000	;	03/04/08
-73	;	32,1559	;	100,0000	;	04/04/08
-70	;	31,9026	;	91,7610	;	07/04/08
-69	;	32,4241	;	100,0000	;	08/04/08
-68	;	31,8639	;	83,2406	;	09/04/08
-67	;	31,9444	;	85,6489	;	10/04/08
-66	;	31,2916	;	63,4595	;	11/04/08
-63	;	30,7820	;	47,0171	;	14/04/08
-62	;	31,5092	;	70,4804	;	15/04/08
-61	;	33,5268	;	100,0000	;	16/04/08
-60	;	32,4688	;	74,8215	;	17/04/08
-59	;	32,1263	;	54,1511	;	18/04/08
-55	;	33,0799	;	85,0934	;	22/04/08
-54	;	33,1959	;	87,9445	;	23/04/08
-53	;	33,3779	;	94,5752	;	24/04/08
-52	;	33,9591	;	100,0000	;	25/04/08
-49	;	34,3912	;	100,0000	;	28/04/08
-48	;	32,8861	;	58,2982	;	29/04/08
-47	;	36,2805	;	100,0000	;	30/04/08
-45	;	35,9407	;	93,8201	;	02/05/08
-42	;	36,0302	;	95,4479	;	05/05/08
-41	;	36,9913	;	100,0000	;	06/05/08
-40	;	36,9019	;	98,1624	;	07/05/08
-39	;	37,5277	;	100,0000	;	08/05/08
-38	;	38,3994	;	100,0000	;	09/05/08
-35	;	39,0475	;	100,0000	;	12/05/08
-34	;	38,8912	;	97,4632	;	13/05/08
-33	;	38,8955	;	97,5330	;	14/05/08
-32	;	40,0086	;	100,0000	;	15/05/08
-31	;	41,6626	;	100,0000	;	16/05/08
-28	;	42,2884	;	100,0000	;	19/05/08
-27	;	41,2335	;	83,3814	;	20/05/08
-26	;	39,6957	;	59,1553	;	21/05/08
-24	;	39,6509	;	57,8553	;	23/05/08
-21	;	39,8968	;	55,6001	;	26/05/08
-20	;	39,1147	;	41,0805	;	27/05/08
-19	;	40,0086	;	52,1121	;	28/05/08
-18	;	39,1100	;	18,2721	;	29/05/08
-17	;	39,1147	;	6,5790	;	30/05/08
-14	;	38,8912	;	0,0000	;	02/06/08
-13	;	38,4441	;	0,0000	;	03/06/08
-12	;	36,9465	;	0,0000	;	04/06/08
-11	;	38,4217	;	27,6156	;	05/06/08
-10	;	38,7794	;	34,3118	;	06/06/08
-7	;	38,4887	;	35,9739	;	09/06/08
-6	;	37,7735	;	27,0076	;	10/06/08
-5	;	37,2817	;	10,9467	;	11/06/08
-4	;	37,5500	;	19,7087	;	12/06/08
-3	;	37,2505	;	9,9278	;	13/06/08
0	;	36,9690	;	0,7348	;	16/06/08
1	;	38,8464	;	87,6257	;	17/06/08
2	;	37,7735	;	38,1422	;	18/06/08
3	;	38,1312	;	60,9194	;	19/06/08
4	;	36,1061	;	0,0000	;	20/06/08
7	;	35,0153	;	0,0000	;	23/06/08
8	;	34,4253	;	0,0000	;	24/06/08
9	;	36,2536	;	41,3540	;	25/06/08
10	;	35,3595	;	21,1305	;	26/06/08
11	;	35,6278	;	27,1991	;	27/06/08
14	;	35,3149	;	20,1217	;	30/06/08
15	;	33,7056	;	0,0000	;	01/07/08
16	;	32,1410	;	0,0000	;	02/07/08
17	;	30,4870	;	0,0000	;	03/07/08
18	;	29,9506	;	0,0000	;	04/07/08
21	;	31,2916	;	16,3924	;	07/07/08
22	;	31,1397	;	14,5356	;	08/07/08
24	;	32,8607	;	46,1701	;	10/07/08
25	;	33,0307	;	48,8672	;	11/07/08
28	;	33,0799	;	49,6478	;	14/07/08
29	;	32,8831	;	46,5255	;	15/07/08
30	;	33,5715	;	63,7797	;	16/07/08
31	;	32,0918	;	37,7158	;	17/07/08
32	;	31,7298	;	33,1674	;	18/07/08
35	;	32,7221	;	73,8083	;	21/07/08
36	;	31,5823	;	45,0634	;	22/07/08
37	;	31,1710	;	33,7043	;	23/07/08
38	;	29,0789	;	0,0000	;	24/07/08
39	;	27,9614	;	0,0000	;	25/07/08
42	;	28,1402	;	3,1871	;	28/07/08
43	;	29,1907	;	21,9123	;	29/07/08
44	;	31,6493	;	65,7368	;	30/07/08
45	;	30,8447	;	51,3948	;	31/07/08
46	;	29,1683	;	21,5130	;	01/08/08
49	;	27,2237	;	0,0000	;	04/08/08
50	;	27,4919	;	4,8778	;	05/08/08
51	;	27,3579	;	2,4407	;	06/08/08
52	;	27,3355	;	2,0333	;	07/08/08
53	;	26,8616	;	0,0000	;	08/08/08
56	;	25,7709	;	0,0000	;	11/08/08
57	;	24,9888	;	0,0000	;	12/08/08
58	;	25,1719	;	2,7490	;	13/08/08
59	;	25,0333	;	0,6681	;	14/08/08
60	;	24,0946	;	0,0000	;	15/08/08
63	;	23,5582	;	0,0000	;	18/08/08
64	;	23,5314	;	0,0000	;	19/08/08
65	;	25,0787	;	27,4495	;	20/08/08
66	;	25,9316	;	60,6035	;	21/08/08
67	;	25,5439	;	50,8143	;	22/08/08
70	;	25,0878	;	40,6743	;	25/08/08
71	;	24,7000	;	30,7195	;	26/08/08
72	;	25,3158	;	53,5824	;	27/08/08
73	;	25,7674	;	93,1589	;	28/08/08
74	;	26,0913	;	100,0000	;	29/08/08
77	;	25,9545	;	94,6560	;	01/09/08
78	;	24,3123	;	30,5051	;	02/09/08
79	;	23,3452	;	0,0000	;	03/09/08
80	;	22,0087	;	0,0000	;	04/09/08
81	;	21,8948	;	0,0000	;	05/09/08
84	;	21,5754	;	0,0000	;	08/09/08
85	;	19,7053	;	0,0000	;	09/09/08
86	;	20,1159	;	6,4297	;	10/09/08
87	;	20,3484	;	10,0705	;	11/09/08
88	;	20,9825	;	20,0000	;	12/09/08
91	;	19,4818	;	0,0000	;	15/09/08
92	;	19,2081	;	0,0000	;	16/09/08
93	;	17,3288	;	0,0000	;	17/09/08
94	;	18,1545	;	9,5726	;	18/09/08
95	;	21,4387	;	58,8516	;	19/09/08
98	;	21,3930	;	67,5520	;	22/09/08
99	;	20,1386	;	60,0397	;	23/09/08
100	;	19,7783	;	53,6465	;	24/09/08
101	;	21,0281	;	87,1120	;	25/09/08
102	;	20,8320	;	85,2381	;	26/09/08
105	;	17,7576	;	10,4333	;	29/09/08
106	;	18,4783	;	27,9691	;	30/09/08
107	;	18,0266	;	16,9785	;	01/10/08
108	;	16,3755	;	0,0000	;	02/10/08
109	;	15,6457	;	0,0000	;	03/10/08
112	;	13,9123	;	0,0000	;	06/10/08
113	;	13,1734	;	0,0000	;	07/10/08
114	;	12,0877	;	0,0000	;	08/10/08
115	;	12,1790	;	0,9812	;	09/10/08
116	;	12,3158	;	2,5513	;	10/10/08
119	;	13,9123	;	20,4085	;	13/10/08
120	;	14,3228	;	25,0000	;	14/10/08
121	;	12,2428	;	1,7737	;	15/10/08
122	;	12,4298	;	5,3532	;	16/10/08
123	;	12,5440	;	7,1402	;	17/10/08
126	;	13,6842	;	26,8821	;	20/10/08
127	;	13,5109	;	33,1919	;	21/10/08
128	;	11,7685	;	0,0000	;	22/10/08
129	;	11,5495	;	0,0000	;	23/10/08
130	;	10,9018	;	0,0000	;	24/10/08
133	;	10,3772	;	0,0000	;	27/10/08
134	;	12,0742	;	43,0099	;	28/10/08
135	;	12,7720	;	60,6955	;	29/10/08
136	;	13,6842	;	83,8149	;	30/10/08
137	;	12,7720	;	60,6955	;	31/10/08
140	;	12,6215	;	67,8651	;	03/11/08
141	;	13,0912	;	82,0683	;	04/11/08
142	;	11,9372	;	47,1727	;	05/11/08
143	;	11,1754	;	24,1367	;	06/11/08
144	;	10,9520	;	17,3813	;	07/11/08
147	;	11,0523	;	20,4143	;	10/11/08
148	;	11,0614	;	20,6895	;	11/11/08
149	;	10,0352	;	0,0000	;	12/11/08
150	;	10,4319	;	10,8715	;	13/11/08
151	;	9,9439	;	0,0000	;	14/11/08
154	;	9,8709	;	0,0000	;	17/11/08
155	;	9,7387	;	0,0000	;	18/11/08
156	;	9,1821	;	0,0000	;	19/11/08
158	;	8,7351	;	0,0000	;	21/11/08
161	;	9,9668	;	28,2753	;	24/11/08
162	;	10,2404	;	47,0098	;	25/11/08
163	;	10,7148	;	81,1253	;	26/11/08
164	;	10,6280	;	81,3696	;	27/11/08
165	;	10,6600	;	82,7451	;	28/11/08
168	;	10,3088	;	67,6482	;	01/12/08
169	;	10,1629	;	72,1220	;	02/12/08
170	;	10,2404	;	76,0368	;	03/12/08
171	;	10,3088	;	79,4918	;	04/12/08
172	;	10,1263	;	70,2733	;	05/12/08
175	;	11,6863	;	100,0000	;	08/12/08
176	;	11,9509	;	100,0000	;	09/12/08
177	;	12,4526	;	100,0000	;	10/12/08
178	;	12,4983	;	100,0000	;	11/12/08
179	;	12,5393	;	100,0000	;	12/12/08
182	;	12,2245	;	86,9540	;	15/12/08
183	;	12,9910	;	100,0000	;	16/12/08
184	;	13,0001	;	100,0000	;	17/12/08
185	;	13,0456	;	100,0000	;	18/12/08
186	;	13,0229	;	99,2224	;	19/12/08
189	;	12,3067	;	74,6891	;	22/12/08
190	;	11,4720	;	46,0967	;	23/12/08
193	;	11,5860	;	50,0017	;	26/12/08
196	;	12,2885	;	51,8874	;	29/12/08
197	;	12,4655	;	63,1355	;	30/12/08
200	;	13,4948	;	100,0000	;	02/01/09
203	;	14,3832	;	100,0000	;	05/01/09
204	;	14,6512	;	100,0000	;	06/01/09
205	;	14,1246	;	83,4361	;	07/01/09
206	;	14,7076	;	100,0000	;	08/01/09
207	;	14,4349	;	91,5719	;	09/01/09
210	;	13,8427	;	73,2693	;	12/01/09
211	;	13,7863	;	71,5262	;	13/01/09
212	;	13,1800	;	52,7877	;	14/01/09
213	;	13,6547	;	67,4589	;	15/01/09
214	;	14,0730	;	79,6707	;	16/01/09
217	;	13,9838	;	70,0798	;	19/01/09
218	;	13,3022	;	37,3177	;	20/01/09
219	;	13,8192	;	41,8434	;	21/01/09
220	;	13,8756	;	45,5355	;	22/01/09
221	;	13,3022	;	7,9995	;	23/01/09
224	;	12,9167	;	0,0000	;	26/01/09
225	;	12,9684	;	2,8868	;	27/01/09
226	;	13,6688	;	49,5389	;	28/01/09
227	;	13,7253	;	69,9300	;	29/01/09
228	;	13,5653	;	56,0927	;	30/01/09
231	;	13,2129	;	25,6162	;	02/02/09
232	;	13,3068	;	33,7369	;	03/02/09
233	;	14,0072	;	94,3094	;	04/02/09
234	;	14,5195	;	100,0000	;	05/02/09
235	;	15,0460	;	100,0000	;	06/02/09
238	;	14,3597	;	67,7688	;	09/02/09
239	;	13,8662	;	44,5921	;	10/02/09
240	;	13,4760	;	26,2669	;	11/02/09
241	;	13,2552	;	15,8972	;	12/02/09
242	;	13,6782	;	34,1644	;	13/02/09
245	;	13,5090	;	16,1530	;	16/02/09
246	;	12,9026	;	0,0000	;	17/02/09
247	;	13,0671	;	7,6747	;	18/02/09
248	;	13,0484	;	6,8023	;	19/02/09
249	;	12,6911	;	0,0000	;	20/02/09
254	;	12,3198	;	0,0000	;	25/02/09
255	;	12,3105	;	0,0000	;	26/02/09
256	;	12,1881	;	0,0000	;	27/02/09
259	;	11,5160	;	0,0000	;	02/03/09
260	;	11,5629	;	1,9956	;	03/03/09
261	;	12,5030	;	45,6480	;	04/03/09
262	;	11,7322	;	9,9991	;	05/03/09
263	;	11,6539	;	6,3778	;	06/03/09
266	;	11,1599	;	0,0000	;	09/03/09
267	;	11,8553	;	36,4618	;	10/03/09
268	;	11,7978	;	33,4469	;	11/03/09
269	;	11,7595	;	31,7501	;	12/03/09
270	;	11,7498	;	38,5253	;	13/03/09
273	;	11,3182	;	11,7862	;	16/03/09
274	;	11,1743	;	1,0722	;	17/03/09
275	;	11,2702	;	8,2123	;	18/03/09
276	;	11,9897	;	61,7824	;	19/03/09
277	;	12,3541	;	88,9137	;	20/03/09
280	;	13,1119	;	100,0000	;	23/03/09
281	;	12,9489	;	91,6496	;	24/03/09
282	;	13,3325	;	100,0000	;	25/03/09
283	;	14,2581	;	100,0000	;	26/03/09
284	;	14,3635	;	100,0000	;	27/03/09
287	;	13,5004	;	72,9368	;	30/03/09
288	;	14,1477	;	93,2334	;	31/03/09
289	;	14,3827	;	100,0000	;	01/04/09
290	;	15,2748	;	100,0000	;	02/04/09
291	;	15,2556	;	99,5318	;	03/04/09
294	;	15,0590	;	94,6112	;	06/04/09
295	;	14,8143	;	85,9822	;	07/04/09
296	;	14,9631	;	89,3279	;	08/04/09
297	;	15,2028	;	96,9044	;	09/04/09
298	;	15,2028	;	96,9044	;	10/04/09
301	;	15,1069	;	91,3556	;	13/04/09
302	;	14,7712	;	71,6186	;	14/04/09
303	;	15,0110	;	85,1330	;	15/04/09
304	;	15,9702	;	100,0000	;	16/04/09
305	;	16,6464	;	100,0000	;	17/04/09
308	;	15,8359	;	64,1958	;	20/04/09
310	;	16,0709	;	69,3099	;	22/04/09
311	;	16,2819	;	80,5621	;	23/04/09
312	;	16,1907	;	75,6986	;	24/04/09
315	;	15,2892	;	27,6237	;	27/04/09
316	;	15,0351	;	14,0732	;	28/04/09
317	;	15,2748	;	26,8558	;	29/04/09
318	;	15,4426	;	35,8042	;	30/04/09
322	;	16,3970	;	86,7001	;	04/05/09
323	;	16,3586	;	84,6523	;	05/05/09
324	;	16,5984	;	97,0649	;	06/05/09
325	;	16,2771	;	77,0806	;	07/05/09
326	;	16,7854	;	100,0000	;	08/05/09
329	;	17,2170	;	100,0000	;	11/05/09
330	;	16,6655	;	74,7239	;	12/05/09
331	;	16,0229	;	45,2725	;	13/05/09
332	;	15,3947	;	16,4811	;	14/05/09
333	;	15,3228	;	13,1858	;	15/05/09
336	;	16,2099	;	53,8430	;	18/05/09
337	;	16,8813	;	82,7155	;	19/05/09
338	;	17,1308	;	95,4493	;	20/05/09
339	;	16,6320	;	69,1163	;	21/05/09
340	;	16,6177	;	68,3613	;	22/05/09
343	;	16,9581	;	86,3320	;	25/05/09
344	;	17,1500	;	96,4629	;	26/05/09
345	;	17,1836	;	98,2367	;	27/05/09
346	;	17,8166	;	100,0000	;	28/05/09
347	;	18,9436	;	100,0000	;	29/05/09
350	;	19,5478	;	100,0000	;	01/06/09
351	;	19,7494	;	100,0000	;	02/06/09
352	;	18,8716	;	80,1699	;	03/06/09
353	;	19,0395	;	79,9435	;	04/06/09
354	;	19,3513	;	87,2881	;	05/06/09
357	;	19,8789	;	100,0000	;	08/06/09
358	;	19,6151	;	91,9110	;	09/06/09
359	;	19,6725	;	93,6710	;	10/06/09
361	;	19,9988	;	100,0000	;	12/06/09
364	;	19,3033	;	75,5862	;	15/06/09
365	;	18,6271	;	51,2752	;	16/06/09
366	;	18,5983	;	35,8217	;	17/06/09
367	;	18,6318	;	2,3920	;	18/06/09
368	;	18,7709	;	12,3242	;	19/06/09
371	;	17,9173	;	0,0000	;	22/06/09
372	;	18,2962	;	18,2032	;	23/06/09
373	;	18,6080	;	33,1828	;	24/06/09
374	;	19,6631	;	83,8722	;	25/06/09
375	;	19,8309	;	91,9337	;	26/06/09
378	;	20,5742	;	100,0000	;	29/06/09
379	;	19,9556	;	76,7172	;	30/06/09
380	;	20,4783	;	96,3905	;	01/07/09
381	;	19,8069	;	71,1205	;	02/07/09
382	;	19,5336	;	60,8341	;	03/07/09
385	;	19,6582	;	65,5237	;	06/07/09
386	;	19,0683	;	43,3212	;	07/07/09
387	;	18,7758	;	32,3121	;	08/07/09
388	;	18,7758	;	32,3121	;	09/07/09
389	;	18,0276	;	0,0000	;	10/07/09
392	;	17,0300	;	0,0000	;	13/07/09
393	;	16,9581	;	0,0000	;	14/07/09
394	;	17,7639	;	22,2837	;	15/07/09
395	;	18,2243	;	35,0156	;	16/07/09
396	;	18,4640	;	42,7788	;	17/07/09
399	;	18,9579	;	56,8093	;	20/07/09
400	;	19,6486	;	94,4433	;	21/07/09
401	;	19,9076	;	100,0000	;	22/07/09
402	;	20,6221	;	100,0000	;	23/07/09
403	;	20,0850	;	85,3412	;	24/07/09
406	;	20,0659	;	84,8199	;	27/07/09
407	;	20,6221	;	100,0000	;	28/07/09
408	;	20,3344	;	92,1479	;	29/07/09
409	;	21,0682	;	100,0000	;	30/07/09
410	;	21,2360	;	100,0000	;	31/07/09
413	;	21,8451	;	100,0000	;	03/08/09
414	;	21,6239	;	93,8909	;	04/08/09
415	;	21,6722	;	94,8863	;	05/08/09
416	;	21,7925	;	98,1782	;	06/08/09
417	;	22,3127	;	100,0000	;	07/08/09
420	;	22,6161	;	100,0000	;	10/08/09
421	;	22,5969	;	99,2471	;	11/08/09
422	;	23,3626	;	100,0000	;	12/08/09
423	;	24,1283	;	100,0000	;	13/08/09
424	;	23,4108	;	81,0881	;	14/08/09
427	;	22,5776	;	59,1265	;	17/08/09
428	;	22,2019	;	37,0478	;	18/08/09
429	;	22,0092	;	26,7331	;	19/08/09
430	;	22,5631	;	37,5020	;	20/08/09
431	;	23,2614	;	65,3849	;	21/08/09
434	;	22,8088	;	46,2766	;	24/08/09
435	;	22,4668	;	28,8681	;	25/08/09
436	;	22,1875	;	8,4140	;	26/08/09
437	;	22,1539	;	6,8284	;	27/08/09
438	;	21,9226	;	0,0000	;	28/08/09
441	;	21,3351	;	0,0000	;	31/08/09
442	;	21,0221	;	0,0000	;	01/09/09
443	;	20,7089	;	0,0000	;	02/09/09
444	;	20,8390	;	5,0970	;	03/09/09
445	;	21,1906	;	18,8717	;	04/09/09
449	;	22,0719	;	53,3986	;	08/09/09
450	;	21,7925	;	42,4525	;	09/09/09
451	;	21,7685	;	41,5122	;	10/09/09
452	;	21,5758	;	41,2829	;	11/09/09
455	;	21,6433	;	53,1543	;	14/09/09
456	;	21,7878	;	72,9677	;	15/09/09
457	;	22,6305	;	100,0000	;	16/09/09
458	;	22,5198	;	94,2392	;	17/09/09
459	;	22,6354	;	100,0000	;	18/09/09
462	;	22,6642	;	100,0000	;	21/09/09
463	;	22,9339	;	100,0000	;	22/09/09
464	;	22,5872	;	83,4503	;	23/09/09
465	;	22,4475	;	72,0989	;	24/09/09
466	;	22,5872	;	74,4717	;	25/09/09
469	;	22,7125	;	83,6978	;	28/09/09
470	;	22,5969	;	75,1859	;	29/09/09
471	;	22,4957	;	67,7343	;	30/09/09
472	;	22,0768	;	33,5890	;	01/10/09
473	;	22,2983	;	44,5424	;	02/10/09
476	;	22,6354	;	65,1733	;	05/10/09
477	;	22,5391	;	53,9377	;	06/10/09
478	;	22,8762	;	93,2680	;	07/10/09
479	;	23,5505	;	100,0000	;	08/10/09
480	;	23,9308	;	100,0000	;	09/10/09
483	;	23,9308	;	100,0000	;	12/10/09
484	;	24,2054	;	100,0000	;	13/10/09
485	;	25,4287	;	100,0000	;	14/10/09
486	;	25,6213	;	100,0000	;	15/10/09
487	;	25,2361	;	89,1325	;	16/10/09
490	;	26,1029	;	100,0000	;	19/10/09
491	;	25,1157	;	75,4800	;	20/10/09
492	;	25,1446	;	74,8121	;	21/10/09
493	;	25,0386	;	70,1358	;	22/10/09
494	;	24,5667	;	56,8943	;	23/10/09
497	;	24,6100	;	53,7329	;	26/10/09
498	;	23,5263	;	0,0000	;	27/10/09
499	;	22,0092	;	0,0000	;	28/10/09
500	;	22,6642	;	16,0002	;	29/10/09
501	;	22,1539	;	3,5347	;	30/10/09
505	;	22,1104	;	2,4721	;	03/11/09
506	;	22,3463	;	8,2346	;	04/11/09
507	;	22,5872	;	14,1193	;	05/11/09
508	;	23,0207	;	24,7087	;	06/11/09
511	;	23,7816	;	56,5287	;	09/11/09
512	;	24,0078	;	63,7431	;	10/11/09
513	;	24,0321	;	66,7756	;	11/11/09
514	;	23,1170	;	42,5946	;	12/11/09
515	;	23,5986	;	61,1120	;	13/11/09
518	;	24,1765	;	100,0000	;	16/11/09
519	;	24,1765	;	100,0000	;	17/11/09
520	;	24,0657	;	94,6372	;	18/11/09
521	;	23,8008	;	81,8160	;	19/11/09
522	;	23,8008	;	81,8160	;	20/11/09
525	;	23,7430	;	76,3141	;	23/11/09
526	;	24,2150	;	100,0000	;	24/11/09
527	;	24,8026	;	100,0000	;	25/11/09
528	;	24,3210	;	71,4286	;	26/11/09
529	;	24,2969	;	69,9988	;	27/11/09
532	;	24,6581	;	91,4274	;	30/11/09
533	;	24,8316	;	100,0000	;	01/12/09
534	;	24,8748	;	100,0000	;	02/12/09
535	;	24,7545	;	89,3709	;	03/12/09
536	;	24,6341	;	78,7330	;	04/12/09
539	;	25,0290	;	100,0000	;	07/12/09
540	;	24,2246	;	37,4495	;	08/12/09
541	;	23,8393	;	7,4883	;	09/12/09
542	;	23,9165	;	13,4915	;	10/12/09
543	;	24,3306	;	41,2961	;	11/12/09
546	;	24,2728	;	36,4378	;	14/12/09
547	;	24,2535	;	34,8155	;	15/12/09
548	;	23,7816	;	0,0000	;	16/12/09
549	;	23,5505	;	0,0000	;	17/12/09
550	;	23,0447	;	0,0000	;	18/12/09
553	;	22,4908	;	0,0000	;	21/12/09
554	;	23,1410	;	25,6166	;	22/12/09
555	;	23,2663	;	30,5532	;	23/12/09
560	;	23,5023	;	39,8511	;	28/12/09
561	;	23,9646	;	80,1065	;	29/12/09
562	;	24,1033	;	87,6454	;	30/12/09
567	;	24,8890	;	100,0000	;	04/01/10
568	;	24,9622	;	100,0000	;	05/01/10
569	;	24,9379	;	99,0168	;	06/01/10
570	;	25,1721	;	100,0000	;	07/01/10
571	;	24,8158	;	86,7117	;	08/01/10
574	;	24,8842	;	89,2627	;	11/01/10
575	;	24,2057	;	63,9578	;	12/01/10
576	;	24,2546	;	65,7815	;	13/01/10
577	;	24,3912	;	61,5529	;	14/01/10
578	;	24,5475	;	67,2264	;	15/01/10
581	;	24,4498	;	56,7433	;	18/01/10
582	;	24,6939	;	60,3975	;	19/01/10
583	;	23,7617	;	0,0000	;	20/01/10
584	;	22,5953	;	0,0000	;	21/01/10
585	;	22,6930	;	3,7915	;	22/01/10
589	;	22,7125	;	4,5483	;	26/01/10
590	;	23,1809	;	22,7259	;	27/01/10
591	;	23,7421	;	50,1027	;	28/01/10
592	;	24,2057	;	70,3569	;	29/01/10
595	;	24,6011	;	95,5780	;	01/02/10
596	;	24,6889	;	99,7618	;	02/02/10
597	;	24,4986	;	90,6938	;	03/02/10
598	;	23,5470	;	45,3493	;	04/02/10
599	;	23,2785	;	32,5550	;	05/02/10
602	;	22,9370	;	16,2823	;	08/02/10
603	;	23,1078	;	24,4794	;	09/02/10
604	;	22,9370	;	16,3212	;	10/02/10
605	;	22,9127	;	11,0076	;	11/02/10
606	;	22,5221	;	0,0000	;	12/02/10
611	;	23,5763	;	48,6524	;	17/02/10
612	;	24,0594	;	70,9479	;	18/02/10
613	;	24,1570	;	75,4523	;	19/02/10
616	;	24,0106	;	68,6958	;	22/02/10
617	;	23,5957	;	49,5477	;	23/02/10
618	;	23,0834	;	28,3987	;	24/02/10
619	;	24,2790	;	100,0000	;	25/02/10
620	;	25,0452	;	100,0000	;	26/02/10
623	;	25,3771	;	100,0000	;	01/03/10
624	;	25,3771	;	100,0000	;	02/03/10
625	;	25,1331	;	91,4536	;	03/03/10
626	;	25,6210	;	100,0000	;	04/03/10
627	;	26,4702	;	100,0000	;	05/03/10
630	;	26,6849	;	100,0000	;	08/03/10
631	;	27,6219	;	100,0000	;	09/03/10
632	;	27,8171	;	100,0000	;	10/03/10
633	;	27,6219	;	95,8764	;	11/03/10
634	;	27,1340	;	85,5694	;	12/03/10
637	;	27,1485	;	85,8757	;	15/03/10
638	;	27,7683	;	98,6207	;	16/03/10
639	;	27,6171	;	92,7847	;	17/03/10
640	;	27,3779	;	83,6364	;	18/03/10
641	;	27,0364	;	70,9128	;	19/03/10
644	;	26,7435	;	60,0000	;	22/03/10
645	;	27,3047	;	76,6677	;	23/03/10
646	;	27,5732	;	81,8918	;	24/03/10
647	;	27,5701	;	78,1841	;	25/03/10
648	;	27,7952	;	97,9601	;	26/03/10
651	;	29,3855	;	100,0000	;	29/03/10
652	;	29,5079	;	100,0000	;	30/03/10
653	;	29,8113	;	100,0000	;	31/03/10
654	;	30,7802	;	100,0000	;	01/04/10
658	;	30,8585	;	100,0000	;	05/04/10
659	;	29,8259	;	74,9064	;	06/04/10
660	;	29,3366	;	63,0158	;	07/04/10
661	;	29,9629	;	78,2357	;	08/04/10
662	;	29,9483	;	77,8809	;	09/04/10
665	;	29,6302	;	65,4370	;	12/04/10
666	;	30,2566	;	81,6963	;	13/04/10
667	;	30,0951	;	76,7851	;	14/04/10
668	;	29,4003	;	52,3977	;	15/04/10
669	;	29,4051	;	4,5010	;	16/04/10
672	;	28,6614	;	0,0000	;	19/04/10
673	;	28,5537	;	0,0000	;	20/04/10
675	;	28,6760	;	5,3063	;	22/04/10
676	;	28,5928	;	1,6965	;	23/04/10
679	;	28,5048	;	0,0000	;	26/04/10
680	;	27,5015	;	0,0000	;	27/04/10
681	;	27,6973	;	7,1068	;	28/04/10
682	;	28,3971	;	32,5070	;	29/04/10
683	;	27,4575	;	0,0000	;	30/04/10
686	;	26,9828	;	0,0000	;	03/05/10
687	;	26,2293	;	0,0000	;	04/05/10
688	;	25,9455	;	0,0000	;	05/05/10
689	;	25,1772	;	0,0000	;	06/05/10
690	;	24,6193	;	0,0000	;	07/05/10
693	;	26,0335	;	34,8609	;	10/05/10
694	;	25,7888	;	28,8289	;	11/05/10
695	;	25,9455	;	33,3761	;	12/05/10
696	;	25,1037	;	12,4669	;	13/05/10
697	;	24,5410	;	0,0000	;	14/05/10
700	;	23,5672	;	0,0000	;	17/05/10
701	;	22,5738	;	0,0000	;	18/05/10
702	;	22,0208	;	0,0000	;	19/05/10
703	;	21,1155	;	0,0000	;	20/05/10
704	;	22,2165	;	21,5300	;	21/05/10
707	;	22,1236	;	20,4982	;	24/05/10
708	;	21,3700	;	5,1749	;	25/05/10
709	;	21,5315	;	8,4587	;	26/05/10
710	;	22,4025	;	26,1692	;	27/05/10
711	;	22,1676	;	21,7826	;	28/05/10
714	;	22,4612	;	27,8613	;	31/05/10
715	;	22,0697	;	23,9256	;	01/06/10
716	;	22,3878	;	37,1420	;	02/06/10
718	;	21,4825	;	14,9692	;	04/06/10
721	;	20,5087	;	0,0000	;	07/06/10
722	;	20,9051	;	20,3022	;	08/06/10
723	;	20,9883	;	24,5634	;	09/06/10
724	;	22,2165	;	87,4674	;	10/06/10
725	;	22,5151	;	100,0000	;	11/06/10
728	;	22,7549	;	100,0000	;	14/06/10
729	;	23,1218	;	100,0000	;	15/06/10
730	;	23,0485	;	97,1949	;	16/06/10
731	;	22,8674	;	90,2644	;	17/06/10
732	;	22,8234	;	88,5806	;	18/06/10
735	;	23,0387	;	96,8199	;	21/06/10
736	;	23,2442	;	100,0000	;	22/06/10
737	;	24,1348	;	100,0000	;	23/06/10
738	;	24,5997	;	100,0000	;	24/06/10
739	;	24,9863	;	100,0000	;	25/06/10
742	;	25,2261	;	100,0000	;	28/06/10
743	;	24,3208	;	69,9196	;	29/06/10
744	;	23,5427	;	37,9048	;	30/06/10
745	;	24,1397	;	56,0376	;	01/07/10
746	;	24,3844	;	64,9686	;	02/07/10
749	;	24,3452	;	63,3371	;	05/07/10
750	;	25,0059	;	90,8353	;	06/07/10
751	;	25,5441	;	100,0000	;	07/07/10
752	;	25,8965	;	100,0000	;	08/07/10
756	;	25,4560	;	81,2856	;	12/07/10
757	;	24,6633	;	47,6081	;	13/07/10
758	;	23,9048	;	15,3836	;	14/07/10
759	;	23,6357	;	3,9511	;	15/07/10
760	;	23,1414	;	0,0000	;	16/07/10
763	;	23,8363	;	25,2223	;	19/07/10
764	;	24,7025	;	56,6622	;	20/07/10
765	;	25,3533	;	80,2838	;	21/07/10
766	;	25,6909	;	92,5375	;	22/07/10
767	;	26,0580	;	100,0000	;	23/07/10
770	;	26,0629	;	100,0000	;	26/07/10
771	;	26,3271	;	100,0000	;	27/07/10
772	;	25,9259	;	87,4062	;	28/07/10
773	;	25,3973	;	70,8133	;	29/07/10
774	;	24,2131	;	33,6410	;	30/07/10
777	;	24,4187	;	40,0948	;	02/08/10
778	;	24,5703	;	44,8536	;	03/08/10
779	;	25,3729	;	70,0474	;	04/08/10
780	;	25,1087	;	51,0840	;	05/08/10
781	;	24,7123	;	23,6140	;	06/08/10
784	;	24,5312	;	15,0473	;	09/08/10
785	;	24,2230	;	0,4683	;	10/08/10
786	;	23,5623	;	0,0000	;	11/08/10
787	;	23,9880	;	15,3971	;	12/08/10
788	;	23,4645	;	0,0000	;	13/08/10
791	;	23,3910	;	0,0000	;	16/08/10
792	;	23,6308	;	11,9524	;	17/08/10
793	;	23,4301	;	1,9729	;	18/08/10
794	;	23,0289	;	0,0000	;	19/08/10
795	;	22,6081	;	0,0000	;	20/08/10
798	;	22,7010	;	3,3601	;	23/08/10
799	;	22,7010	;	3,7151	;	24/08/10
800	;	22,2117	;	0,0000	;	25/08/10
801	;	21,4874	;	0,0000	;	26/08/10
802	;	22,0404	;	20,2149	;	27/08/10
805	;	21,5315	;	1,7636	;	30/08/10
806	;	21,5461	;	2,3474	;	31/08/10
807	;	22,1921	;	32,8777	;	01/09/10
808	;	21,9475	;	21,4659	;	02/09/10
809	;	21,7761	;	13,4693	;	03/09/10
812	;	21,8251	;	17,3830	;	06/09/10
814	;	22,0991	;	39,6821	;	08/09/10
815	;	22,1480	;	54,4331	;	09/09/10
816	;	21,8349	;	28,6338	;	10/09/10
819	;	22,0257	;	44,3556	;	13/09/10
820	;	21,6293	;	19,5913	;	14/09/10
821	;	21,4580	;	0,0000	;	15/09/10
822	;	21,7027	;	33,3333	;	16/09/10
823	;	21,3847	;	0,0000	;	17/09/10
826	;	21,8251	;	54,5455	;	20/09/10
827	;	22,1921	;	100,0000	;	21/09/10
828	;	22,2117	;	100,0000	;	22/09/10
829	;	22,0942	;	85,7920	;	23/09/10
830	;	21,7027	;	38,4522	;	24/09/10
833	;	22,0208	;	76,9166	;	27/09/10
834	;	22,6081	;	100,0000	;	28/09/10
835	;	22,0697	;	55,9915	;	29/09/10
836	;	22,2165	;	67,9909	;	30/09/10
837	;	22,1089	;	59,1957	;	01/10/10
840	;	21,9229	;	43,9922	;	04/10/10
841	;	22,1187	;	59,9967	;	05/10/10
842	;	21,6293	;	19,9935	;	06/10/10
843	;	21,0715	;	0,0000	;	07/10/10
844	;	21,1056	;	2,2192	;	08/10/10
847	;	20,9274	;	0,0000	;	11/10/10
849	;	20,7195	;	0,0000	;	13/10/10
850	;	20,8581	;	7,3388	;	14/10/10
851	;	21,3729	;	34,5971	;	15/10/10
854	;	21,0660	;	18,3469	;	18/10/10
855	;	20,5710	;	0,0000	;	19/10/10
856	;	19,8286	;	0,0000	;	20/10/10
857	;	19,7890	;	0,0000	;	21/10/10
858	;	20,3830	;	25,4969	;	22/10/10
861	;	19,9276	;	5,9493	;	25/10/10
862	;	19,8583	;	3,7657	;	26/10/10
863	;	19,8484	;	3,7502	;	27/10/10
864	;	20,7492	;	60,6225	;	28/10/10
865	;	21,0165	;	77,4986	;	29/10/10
868	;	21,2739	;	93,7496	;	01/11/10
870	;	21,2442	;	91,8745	;	03/11/10
871	;	22,1055	;	100,0000	;	04/11/10
872	;	22,0560	;	97,8632	;	05/11/10
875	;	22,7093	;	100,0000	;	08/11/10
876	;	22,2342	;	83,7311	;	09/11/10
877	;	22,5311	;	93,8979	;	10/11/10
878	;	22,3232	;	86,5043	;	11/11/10
879	;	21,9471	;	73,3580	;	12/11/10
883	;	21,1749	;	46,3665	;	16/11/10
884	;	21,1254	;	19,1929	;	17/11/10
885	;	21,4026	;	22,8084	;	18/11/10
886	;	21,3828	;	16,2510	;	19/11/10
889	;	20,4820	;	0,0000	;	22/11/10
890	;	19,6504	;	0,0000	;	23/11/10
891	;	20,0167	;	11,9749	;	24/11/10
892	;	19,7791	;	4,2074	;	25/11/10
893	;	19,1554	;	0,0000	;	26/11/10
896	;	19,0762	;	0,0000	;	29/11/10
897	;	18,5120	;	0,0000	;	30/11/10
898	;	18,7693	;	7,4903	;	01/12/10
899	;	18,7099	;	5,7611	;	02/12/10
900	;	18,5912	;	2,7399	;	03/12/10
903	;	19,2544	;	25,6833	;	06/12/10
904	;	19,2049	;	23,9708	;	07/12/10
905	;	18,7099	;	6,8936	;	08/12/10
906	;	18,6605	;	7,5381	;	09/12/10
907	;	18,9772	;	30,9165	;	10/12/10
910	;	19,7098	;	79,6039	;	13/12/10
911	;	19,3732	;	67,9662	;	14/12/10
912	;	18,9376	;	35,5318	;	15/12/10
913	;	18,8980	;	32,2258	;	16/12/10
914	;	18,9475	;	36,3583	;	17/12/10
917	;	18,7099	;	10,6115	;	20/12/10
918	;	19,2940	;	62,8285	;	21/12/10
919	;	18,9079	;	28,3122	;	22/12/10
920	;	18,7792	;	11,3123	;	23/12/10
924	;	18,5120	;	0,0000	;	27/12/10
925	;	18,1259	;	0,0000	;	28/12/10
926	;	18,6308	;	31,8770	;	29/12/10
927	;	19,1600	;	65,2882	;	30/12/10
931	;	19,1800	;	66,5509	;	03/01/11
932	;	19,9400	;	100,0000	;	04/01/11
933	;	20,4000	;	100,0000	;	05/01/11
934	;	20,2500	;	93,4040	;	06/01/11
935	;	20,6000	;	100,0000	;	07/01/11
938	;	20,3000	;	87,8744	;	10/01/11
939	;	20,6900	;	100,0000	;	11/01/11
940	;	20,9000	;	100,0000	;	12/01/11
941	;	20,2900	;	78,0109	;	13/01/11
942	;	20,3500	;	80,1738	;	14/01/11
945	;	20,1900	;	74,4061	;	17/01/11
946	;	19,9300	;	65,0337	;	18/01/11
947	;	19,4600	;	36,5415	;	19/01/11
948	;	19,8000	;	36,7816	;	20/01/11
949	;	19,7500	;	33,1395	;	21/01/11
952	;	19,5000	;	2,7778	;	24/01/11
954	;	18,9100	;	0,0000	;	26/01/11
955	;	18,9000	;	0,0000	;	27/01/11
956	;	18,7000	;	0,0000	;	28/01/11
959	;	19,4300	;	33,1818	;	31/01/11
960	;	20,1400	;	65,4546	;	01/02/11
961	;	19,3000	;	27,2727	;	02/02/11
962	;	19,4700	;	46,6667	;	03/02/11
963	;	18,9500	;	15,1515	;	04/02/11
966	;	19,0300	;	22,1477	;	07/02/11
967	;	19,2500	;	38,1944	;	08/02/11
968	;	18,7800	;	5,5556	;	09/02/11
969	;	19,1000	;	27,7778	;	10/02/11
970	;	19,0500	;	24,3056	;	11/02/11
973	;	18,9400	;	16,6667	;	14/02/11
974	;	18,8000	;	6,9444	;	15/02/11
975	;	19,6400	;	65,2778	;	16/02/11
976	;	20,3000	;	100,0000	;	17/02/11
977	;	21,0300	;	100,0000	;	18/02/11
980	;	20,4200	;	72,8889	;	21/02/11
981	;	20,0800	;	57,7778	;	22/02/11
982	;	19,0400	;	11,5556	;	23/02/11
983	;	18,6500	;	0,0000	;	24/02/11
984	;	18,6000	;	0,0000	;	25/02/11
987	;	19,0000	;	16,4609	;	28/02/11
988	;	18,3000	;	0,0000	;	01/03/11
989	;	18,9500	;	23,8095	;	02/03/11
990	;	20,0500	;	64,1026	;	03/03/11
991	;	20,8000	;	91,5751	;	04/03/11
996	;	20,6500	;	86,0806	;	09/03/11
997	;	20,1400	;	67,3993	;	10/03/11
998	;	21,0800	;	100,0000	;	11/03/11
