-165	;	53,6198	;	-146,5032	;	03/01/08
-164	;	51,6849	;	-267,8426	;	04/01/08
-161	;	50,7638	;	-384,1141	;	07/01/08
-160	;	51,7769	;	-366,7313	;	08/01/08
-159	;	51,2243	;	-365,7050	;	09/01/08
-158	;	52,3391	;	-267,6040	;	10/01/08
-157	;	51,6849	;	-226,1632	;	11/01/08
-154	;	51,5929	;	-185,9706	;	14/01/08
-153	;	49,6582	;	-265,8965	;	15/01/08
-152	;	47,3640	;	-439,2772	;	16/01/08
-151	;	47,0324	;	-535,9018	;	17/01/08
-150	;	47,5298	;	-525,1214	;	18/01/08
-147	;	42,5826	;	-793,9371	;	21/01/08
-146	;	43,8541	;	-825,1497	;	22/01/08
-145	;	41,4585	;	-938,0398	;	23/01/08
-144	;	46,1757	;	-640,0318	;	24/01/08
-140	;	46,2954	;	-392,1854	;	28/01/08
-139	;	47,0601	;	-146,5483	;	29/01/08
-138	;	48,2670	;	113,2414	;	30/01/08
-137	;	47,7511	;	258,1131	;	31/01/08
-136	;	50,5794	;	536,2505	;	01/02/08
-131	;	48,9302	;	596,2804	;	06/02/08
-130	;	48,2761	;	578,7043	;	07/02/08
-129	;	49,2896	;	618,4034	;	08/02/08
-126	;	51,1321	;	743,5227	;	11/02/08
-125	;	51,5099	;	820,3382	;	12/02/08
-124	;	52,3206	;	888,7506	;	13/02/08
-123	;	51,8786	;	866,2005	;	14/02/08
-122	;	50,8742	;	750,0004	;	15/02/08
-119	;	53,0578	;	782,9603	;	18/02/08
-118	;	53,3526	;	785,3282	;	19/02/08
-117	;	55,2781	;	870,7426	;	20/02/08
-116	;	55,0937	;	867,0741	;	21/02/08
-115	;	55,9229	;	870,4593	;	22/02/08
-112	;	55,9229	;	823,0874	;	25/02/08
-111	;	55,9229	;	744,6299	;	26/02/08
-110	;	55,7479	;	637,9439	;	27/02/08
-109	;	57,5813	;	645,7951	;	28/02/08
-108	;	54,0436	;	380,7961	;	29/02/08
-105	;	53,7119	;	162,3969	;	03/03/08
-104	;	52,5694	;	-67,3625	;	04/03/08
-103	;	54,1448	;	-118,6900	;	05/03/08
-102	;	52,7262	;	-246,3120	;	06/03/08
-101	;	51,6113	;	-395,0496	;	07/03/08
-98	;	50,2109	;	-566,5997	;	10/03/08
-97	;	52,2746	;	-521,0398	;	11/03/08
-96	;	52,7906	;	-439,3918	;	12/03/08
-95	;	53,0669	;	-353,6734	;	13/03/08
-94	;	54,2647	;	-210,2987	;	14/03/08
-91	;	50,9756	;	-324,2390	;	17/03/08
-90	;	52,5879	;	-279,8712	;	18/03/08
-89	;	48,9763	;	-471,4170	;	19/03/08
-88	;	48,5802	;	-594,4136	;	20/03/08
-84	;	51,0862	;	-481,4509	;	24/03/08
-83	;	52,5326	;	-293,0807	;	25/03/08
-82	;	54,8265	;	-12,5446	;	26/03/08
-81	;	55,0477	;	178,7643	;	27/03/08
-80	;	55,0937	;	292,6114	;	28/03/08
-77	;	55,7388	;	389,4491	;	31/03/08
-76	;	56,8904	;	502,0393	;	01/04/08
-75	;	56,2915	;	505,7114	;	02/04/08
-74	;	57,0008	;	523,2091	;	03/04/08
-73	;	57,5904	;	539,6873	;	04/04/08
-70	;	57,4984	;	509,9098	;	07/04/08
-69	;	57,7656	;	474,4878	;	08/04/08
-68	;	56,7519	;	354,4702	;	09/04/08
-67	;	56,3928	;	228,7762	;	10/04/08
-66	;	55,7774	;	89,1810	;	11/04/08
-63	;	55,0442	;	-59,4552	;	14/04/08
-62	;	56,3898	;	-73,2442	;	15/04/08
-61	;	58,0970	;	21,4846	;	16/04/08
-60	;	58,1341	;	72,6277	;	17/04/08
-59	;	58,6446	;	123,8622	;	18/04/08
-55	;	60,5560	;	261,4898	;	22/04/08
-54	;	60,1291	;	296,3118	;	23/04/08
-53	;	57,7630	;	140,4094	;	24/04/08
-52	;	58,4589	;	68,2475	;	25/04/08
-49	;	59,2570	;	58,6780	;	28/04/08
-48	;	57,8094	;	-54,5776	;	29/04/08
-47	;	60,9085	;	63,4579	;	30/04/08
-45	;	60,6860	;	108,1263	;	02/05/08
-42	;	61,7995	;	189,3810	;	05/05/08
-41	;	62,9315	;	290,2248	;	06/05/08
-40	;	61,1962	;	214,2598	;	07/05/08
-39	;	61,9294	;	188,6078	;	08/05/08
-38	;	61,6231	;	129,0462	;	09/05/08
-35	;	62,4583	;	123,7970	;	12/05/08
-34	;	62,6346	;	110,6376	;	13/05/08
-33	;	62,4119	;	67,4701	;	14/05/08
-32	;	64,5832	;	160,3761	;	15/05/08
-31	;	66,8936	;	342,2209	;	16/05/08
-28	;	66,3463	;	387,2167	;	19/05/08
-27	;	66,3463	;	377,9334	;	20/05/08
-26	;	64,2121	;	198,1867	;	21/05/08
-24	;	63,3304	;	0,4694	;	23/05/08
-21	;	62,6346	;	-186,2645	;	26/05/08
-20	;	61,4190	;	-389,1716	;	27/05/08
-19	;	62,7831	;	-425,8973	;	28/05/08
-18	;	59,8044	;	-632,8778	;	29/05/08
-17	;	60,7881	;	-681,2622	;	30/05/08
-14	;	60,5837	;	-702,0498	;	02/06/08
-13	;	58,4218	;	-827,7998	;	03/06/08
-12	;	56,3618	;	-1004,3198	;	04/06/08
-11	;	58,3197	;	-944,7358	;	05/06/08
-10	;	57,3360	;	-925,8686	;	06/06/08
-7	;	55,3968	;	-992,2949	;	09/06/08
-6	;	54,1905	;	-1059,6759	;	10/06/08
-5	;	52,5110	;	-1151,9807	;	11/06/08
-4	;	52,6037	;	-1139,3446	;	12/06/08
-3	;	52,6687	;	-1060,6757	;	13/06/08
0	;	52,7059	;	-944,2206	;	16/06/08
1	;	54,2648	;	-710,8165	;	17/06/08
2	;	53,9771	;	-532,6532	;	18/06/08
3	;	53,8656	;	-385,9626	;	19/06/08
4	;	51,4437	;	-413,1701	;	20/06/08
7	;	52,4089	;	-330,9361	;	23/06/08
8	;	53,3462	;	-185,4689	;	24/06/08
9	;	54,4503	;	3,1449	;	25/06/08
10	;	52,5202	;	15,2359	;	26/06/08
11	;	52,1769	;	17,2287	;	27/06/08
14	;	53,2626	;	104,0230	;	30/06/08
15	;	51,0449	;	28,2584	;	01/07/08
16	;	48,4281	;	-170,8333	;	02/07/08
17	;	47,2775	;	-342,9066	;	03/07/08
18	;	47,7879	;	-382,1653	;	04/07/08
21	;	47,8436	;	-364,3722	;	07/07/08
22	;	47,3238	;	-347,4978	;	08/07/08
24	;	47,3238	;	-298,2382	;	10/07/08
25	;	46,5537	;	-279,7106	;	11/07/08
28	;	47,3238	;	-182,4885	;	14/07/08
29	;	46,3125	;	-154,3108	;	15/07/08
30	;	45,6537	;	-148,0086	;	16/07/08
31	;	43,1854	;	-270,8869	;	17/07/08
32	;	42,6936	;	-341,5895	;	18/07/08
35	;	44,2618	;	-243,5916	;	21/07/08
36	;	42,6008	;	-250,4733	;	22/07/08
37	;	42,5637	;	-218,6186	;	23/07/08
38	;	40,5778	;	-288,0149	;	24/07/08
39	;	40,3645	;	-303,4519	;	25/07/08
42	;	40,8192	;	-240,9215	;	28/07/08
43	;	41,8028	;	-98,4172	;	29/07/08
44	;	44,6329	;	204,7862	;	30/07/08
45	;	43,9277	;	366,6290	;	31/07/08
46	;	41,1904	;	300,9032	;	01/08/08
49	;	38,2211	;	80,4826	;	04/08/08
50	;	38,6293	;	-9,9339	;	05/08/08
51	;	39,1582	;	-6,3471	;	06/08/08
52	;	39,3439	;	33,9623	;	07/08/08
53	;	38,6850	;	41,2498	;	08/08/08
56	;	37,2561	;	-21,7202	;	11/08/08
57	;	37,0426	;	-47,9362	;	12/08/08
58	;	38,7407	;	72,4510	;	13/08/08
59	;	39,1582	;	196,4408	;	14/08/08
60	;	38,4158	;	241,7926	;	15/08/08
63	;	37,5622	;	227,8341	;	18/08/08
64	;	38,1375	;	268,1073	;	19/08/08
65	;	40,2346	;	436,8058	;	20/08/08
66	;	41,0140	;	592,0046	;	21/08/08
67	;	40,3459	;	636,8837	;	22/08/08
70	;	39,1211	;	573,2670	;	25/08/08
71	;	39,1582	;	524,2136	;	26/08/08
72	;	40,4387	;	565,0509	;	27/08/08
73	;	40,6429	;	590,0407	;	28/08/08
74	;	40,3366	;	569,9526	;	29/08/08
77	;	39,7057	;	500,6021	;	01/09/08
78	;	38,7870	;	384,5617	;	02/09/08
79	;	38,6015	;	291,1694	;	03/09/08
80	;	37,4323	;	153,4955	;	04/09/08
81	;	37,8499	;	96,1564	;	05/09/08
84	;	36,4765	;	-22,3549	;	08/09/08
85	;	34,6672	;	-200,7639	;	09/09/08
86	;	36,6992	;	-161,7311	;	10/09/08
87	;	38,6015	;	3,6551	;	11/09/08
88	;	39,5852	;	180,9241	;	12/09/08
91	;	36,0961	;	70,4193	;	15/09/08
92	;	37,0239	;	67,1354	;	16/09/08
93	;	34,4259	;	-93,9717	;	17/09/08
94	;	36,9312	;	-19,6574	;	18/09/08
95	;	39,9934	;	233,9541	;	19/09/08
98	;	38,8799	;	319,5633	;	22/09/08
99	;	36,0312	;	183,9706	;	23/09/08
100	;	36,6527	;	137,8965	;	24/09/08
101	;	37,9334	;	192,0772	;	25/09/08
102	;	35,7250	;	83,1018	;	26/09/08
105	;	31,3637	;	-259,9986	;	29/09/08
106	;	33,9154	;	-290,0789	;	30/09/08
107	;	33,7670	;	-293,9031	;	01/10/08
108	;	30,2039	;	-498,5625	;	02/10/08
109	;	30,3801	;	-578,4500	;	03/10/08
112	;	28,0697	;	-733,3200	;	06/10/08
113	;	26,9283	;	-850,8160	;	07/10/08
114	;	26,9097	;	-865,1328	;	08/10/08
115	;	25,9261	;	-873,6262	;	09/10/08
116	;	26,2602	;	-792,0210	;	10/10/08
119	;	29,6934	;	-458,4968	;	13/10/08
120	;	29,2203	;	-232,8774	;	14/10/08
121	;	23,7918	;	-402,5419	;	15/10/08
122	;	23,1915	;	-501,8735	;	16/10/08
123	;	24,0110	;	-460,2188	;	17/10/08
126	;	27,2029	;	-179,9350	;	20/10/08
127	;	27,4792	;	49,6520	;	21/10/08
128	;	25,9166	;	117,8816	;	22/10/08
129	;	24,4397	;	86,6253	;	23/10/08
130	;	23,2392	;	12,0202	;	24/10/08
133	;	21,0573	;	-148,4638	;	27/10/08
134	;	23,9729	;	-28,6110	;	28/10/08
135	;	24,7161	;	121,9112	;	29/10/08
136	;	26,4787	;	348,7290	;	30/10/08
137	;	27,0504	;	534,5832	;	31/10/08
140	;	27,6316	;	684,3866	;	03/11/08
141	;	29,5754	;	889,2693	;	04/11/08
142	;	27,0601	;	831,1754	;	05/11/08
143	;	26,2024	;	715,2603	;	06/11/08
144	;	25,3926	;	570,5282	;	07/11/08
147	;	26,5836	;	541,8626	;	10/11/08
148	;	26,9172	;	531,4101	;	11/11/08
149	;	25,1640	;	398,4881	;	12/11/08
150	;	26,0024	;	360,3905	;	13/11/08
151	;	25,7737	;	314,7124	;	14/11/08
154	;	25,4402	;	259,2899	;	17/11/08
155	;	24,3445	;	151,3519	;	18/11/08
156	;	23,8205	;	52,3615	;	19/11/08
158	;	21,7242	;	-136,2708	;	21/11/08
161	;	24,8781	;	-35,8166	;	24/11/08
162	;	25,5450	;	81,8267	;	25/11/08
163	;	26,2882	;	208,8214	;	26/11/08
164	;	25,7737	;	254,3371	;	27/11/08
165	;	26,2310	;	307,7897	;	28/11/08
168	;	24,2969	;	210,0718	;	01/12/08
169	;	23,3918	;	87,9774	;	02/12/08
170	;	23,6966	;	33,9819	;	03/12/08
171	;	22,9534	;	-41,5345	;	04/12/08
172	;	22,4389	;	-111,7076	;	05/12/08
175	;	25,2497	;	37,4339	;	08/12/08
176	;	25,6023	;	159,3871	;	09/12/08
177	;	27,3554	;	346,8697	;	10/12/08
178	;	26,7837	;	416,4558	;	11/12/08
179	;	26,8791	;	450,0446	;	12/12/08
182	;	27,0504	;	463,2357	;	15/12/08
183	;	28,4893	;	542,6686	;	16/12/08
184	;	28,8704	;	590,8549	;	17/12/08
185	;	27,4506	;	500,5239	;	18/12/08
186	;	27,3364	;	410,4191	;	19/12/08
189	;	25,6118	;	221,3753	;	22/12/08
190	;	24,6399	;	27,7402	;	23/12/08
193	;	25,8214	;	-21,2478	;	26/12/08
196	;	25,7642	;	-55,9582	;	29/12/08
197	;	26,3835	;	-36,6066	;	30/12/08
200	;	29,0609	;	147,0347	;	02/01/09
203	;	30,6426	;	353,7878	;	05/01/09
204	;	31,4906	;	516,5502	;	06/01/09
205	;	29,5374	;	463,2402	;	07/01/09
206	;	30,8521	;	484,7522	;	08/01/09
207	;	30,3473	;	434,9218	;	09/01/09
210	;	27,9271	;	219,6974	;	12/01/09
211	;	28,6798	;	113,9979	;	13/01/09
212	;	27,3459	;	-50,8817	;	14/01/09
213	;	28,0604	;	-113,3454	;	15/01/09
214	;	28,5845	;	-120,1963	;	16/01/09
217	;	28,2700	;	-145,1170	;	19/01/09
218	;	27,0219	;	-239,2936	;	20/01/09
219	;	27,8126	;	-241,2749	;	21/01/09
220	;	27,8509	;	-232,9399	;	22/01/09
221	;	28,8228	;	-158,2719	;	23/01/09
224	;	29,3658	;	-73,0975	;	26/01/09
225	;	30,5950	;	58,1620	;	27/01/09
226	;	32,3386	;	244,2096	;	28/01/09
227	;	31,4716	;	287,6077	;	29/01/09
228	;	30,9666	;	261,8462	;	30/01/09
231	;	30,7855	;	214,0370	;	02/02/09
232	;	32,3100	;	263,3096	;	03/02/09
233	;	33,7392	;	364,2477	;	04/02/09
234	;	35,2066	;	493,7982	;	05/02/09
235	;	36,9217	;	649,1986	;	06/02/09
238	;	35,8259	;	631,8389	;	09/02/09
239	;	34,7778	;	508,6711	;	10/02/09
240	;	33,8059	;	329,3369	;	11/02/09
241	;	33,1675	;	144,7495	;	12/02/09
242	;	34,6730	;	102,9996	;	13/02/09
245	;	34,7874	;	63,9997	;	16/02/09
246	;	32,5005	;	-124,6402	;	17/02/09
247	;	33,1580	;	-208,9922	;	18/02/09
248	;	33,3676	;	-251,6738	;	19/02/09
249	;	30,7093	;	-448,4590	;	20/02/09
254	;	29,0609	;	-666,0472	;	25/02/09
255	;	29,0609	;	-778,5978	;	26/02/09
256	;	29,4135	;	-794,9582	;	27/02/09
259	;	27,7461	;	-877,4066	;	02/03/09
260	;	28,2796	;	-854,4853	;	03/03/09
261	;	31,1477	;	-615,7482	;	04/03/09
262	;	29,7470	;	-525,3186	;	05/03/09
263	;	28,9657	;	-491,9349	;	06/03/09
266	;	28,2986	;	-487,4679	;	09/03/09
267	;	30,3948	;	-324,0543	;	10/03/09
268	;	30,6998	;	-183,0834	;	11/03/09
269	;	30,1662	;	-116,7067	;	12/03/09
270	;	29,3658	;	-117,2854	;	13/03/09
273	;	29,2324	;	-117,0283	;	16/03/09
274	;	29,9661	;	-60,5826	;	17/03/09
275	;	29,6707	;	-37,4261	;	18/03/09
276	;	30,2996	;	22,6991	;	19/03/09
277	;	29,8709	;	35,2793	;	20/03/09
280	;	31,7479	;	164,5434	;	23/03/09
281	;	30,5950	;	166,3547	;	24/03/09
282	;	30,6808	;	166,8438	;	25/03/09
283	;	31,5286	;	214,7550	;	26/03/09
284	;	30,7283	;	184,2040	;	27/03/09
287	;	28,9942	;	46,1632	;	30/03/09
288	;	29,5374	;	-6,9094	;	31/03/09
289	;	30,0138	;	-8,1675	;	01/04/09
290	;	31,9861	;	118,6660	;	02/04/09
291	;	32,3481	;	216,0528	;	03/04/09
294	;	31,5002	;	212,2022	;	06/04/09
295	;	30,8141	;	154,8018	;	07/04/09
296	;	31,0618	;	126,2414	;	08/04/09
297	;	33,0628	;	228,7531	;	09/04/09
298	;	33,0628	;	279,9625	;	10/04/09
301	;	33,9204	;	350,2900	;	13/04/09
302	;	33,9488	;	375,2720	;	14/04/09
303	;	34,1966	;	383,6576	;	15/04/09
304	;	34,4138	;	378,3661	;	16/04/09
305	;	34,1334	;	332,1329	;	17/04/09
308	;	32,7603	;	192,1863	;	20/04/09
310	;	33,1470	;	112,7090	;	22/04/09
311	;	34,0850	;	110,3272	;	23/04/09
312	;	34,7232	;	136,9018	;	24/04/09
315	;	33,7563	;	77,4414	;	27/04/09
316	;	33,1663	;	-8,9269	;	28/04/09
317	;	33,8529	;	-26,1015	;	29/04/09
318	;	34,8876	;	23,2788	;	30/04/09
322	;	38,6780	;	287,5830	;	04/05/09
323	;	38,3879	;	411,7464	;	05/05/09
324	;	38,6780	;	477,5571	;	06/05/09
325	;	37,2276	;	391,2457	;	07/05/09
326	;	37,7594	;	339,6366	;	08/05/09
329	;	37,8754	;	285,2293	;	11/05/09
330	;	36,8602	;	158,9834	;	12/05/09
331	;	35,3904	;	-34,9733	;	13/05/09
332	;	35,6223	;	-152,5386	;	14/05/09
333	;	35,3904	;	-245,2309	;	15/05/09
336	;	37,7110	;	-154,1047	;	18/05/09
337	;	38,0012	;	-81,7638	;	19/05/09
338	;	38,1173	;	-35,8110	;	20/05/09
339	;	36,5701	;	-114,9688	;	21/05/09
340	;	36,5024	;	-173,6550	;	22/05/09
343	;	36,8312	;	-190,8440	;	25/05/09
344	;	37,5950	;	-152,8352	;	26/05/09
345	;	36,5991	;	-194,1882	;	27/05/09
346	;	37,4984	;	-161,7506	;	28/05/09
347	;	36,7635	;	-188,6805	;	29/05/09
350	;	38,5814	;	-88,0644	;	01/06/09
351	;	37,2663	;	-112,5315	;	02/06/09
352	;	35,7191	;	-228,5852	;	03/06/09
353	;	36,5314	;	-244,9482	;	04/06/09
354	;	36,9181	;	-224,5986	;	05/06/09
357	;	37,1309	;	-192,7989	;	08/06/09
358	;	37,1406	;	-168,0791	;	09/06/09
359	;	37,4693	;	-128,3033	;	10/06/09
361	;	37,2469	;	-116,0826	;	12/06/09
364	;	36,5121	;	-154,2261	;	15/06/09
365	;	35,8738	;	-215,3809	;	16/06/09
366	;	35,5934	;	-264,4647	;	17/06/09
367	;	35,3807	;	-298,4518	;	18/06/09
368	;	35,3421	;	-309,4814	;	19/06/09
371	;	33,4275	;	-424,4651	;	22/06/09
372	;	33,6982	;	-458,1321	;	23/06/09
373	;	32,9343	;	-504,1857	;	24/06/09
374	;	34,0367	;	-435,1886	;	25/06/09
375	;	33,4566	;	-404,1509	;	26/06/09
378	;	33,7563	;	-341,4807	;	29/06/09
379	;	33,3598	;	-305,9046	;	30/06/09
380	;	33,4855	;	-255,1237	;	01/07/09
381	;	33,2148	;	-222,1790	;	02/07/09
382	;	33,0503	;	-194,8632	;	03/07/09
385	;	32,4605	;	-199,3306	;	06/07/09
386	;	30,8360	;	-288,9045	;	07/07/09
387	;	31,4839	;	-281,5236	;	08/07/09
388	;	31,4839	;	-254,4189	;	09/07/09
389	;	31,4260	;	-219,5351	;	10/07/09
392	;	31,4260	;	-177,3881	;	13/07/09
393	;	31,1551	;	-149,7505	;	14/07/09
394	;	33,5724	;	39,1596	;	15/07/09
395	;	33,6305	;	168,6877	;	16/07/09
396	;	33,6015	;	248,2302	;	17/07/09
399	;	34,8876	;	375,6242	;	20/07/09
400	;	35,2841	;	468,7394	;	21/07/09
401	;	34,5684	;	463,3915	;	22/07/09
402	;	35,2937	;	487,5132	;	23/07/09
403	;	35,5837	;	500,0106	;	24/07/09
406	;	35,8255	;	500,3285	;	27/07/09
407	;	35,7191	;	469,6228	;	28/07/09
408	;	34,9552	;	378,0182	;	29/07/09
409	;	35,3904	;	328,7346	;	30/07/09
410	;	35,8255	;	307,8677	;	31/07/09
413	;	36,8215	;	340,9342	;	03/08/09
414	;	36,7635	;	337,9474	;	04/08/09
415	;	36,8215	;	319,2379	;	05/08/09
416	;	36,3090	;	254,5903	;	06/08/09
417	;	36,6958	;	221,2722	;	07/08/09
420	;	36,5991	;	177,9778	;	10/08/09
421	;	35,6708	;	77,1822	;	11/08/09
422	;	35,9995	;	25,7458	;	12/08/09
423	;	36,9277	;	46,1966	;	13/08/09
424	;	37,2276	;	70,2373	;	14/08/09
427	;	35,6804	;	-22,6102	;	17/08/09
428	;	35,4871	;	-97,5282	;	18/08/09
429	;	35,4679	;	-145,7826	;	19/08/09
430	;	35,7481	;	-155,4261	;	20/08/09
431	;	36,2605	;	-125,2209	;	21/08/09
434	;	36,6958	;	-76,2567	;	24/08/09
435	;	36,4347	;	-62,2854	;	25/08/09
436	;	36,3380	;	-60,4683	;	26/08/09
437	;	36,1157	;	-74,2146	;	27/08/09
438	;	36,6378	;	-49,2917	;	28/08/09
441	;	35,4679	;	-109,2734	;	31/08/09
442	;	35,3517	;	-151,8187	;	01/09/09
443	;	34,8199	;	-207,4550	;	02/09/09
444	;	35,2743	;	-204,9240	;	03/09/09
445	;	35,8738	;	-156,4192	;	04/09/09
449	;	37,0342	;	-45,3754	;	08/09/09
450	;	36,8891	;	15,7797	;	09/09/09
451	;	37,5659	;	94,8638	;	10/09/09
452	;	37,1309	;	109,8910	;	11/09/09
455	;	37,6143	;	142,3128	;	14/09/09
456	;	38,1752	;	188,6502	;	15/09/09
457	;	38,9197	;	252,4402	;	16/09/09
458	;	38,4363	;	244,9122	;	17/09/09
459	;	38,6684	;	238,2498	;	18/09/09
462	;	39,3356	;	259,6398	;	21/09/09
463	;	40,3896	;	321,7118	;	22/09/09
464	;	39,9931	;	312,5694	;	23/09/09
465	;	39,2969	;	239,4155	;	24/09/09
466	;	39,3453	;	177,0524	;	25/09/09
469	;	40,0028	;	163,1619	;	28/09/09
470	;	39,6449	;	115,2495	;	29/09/09
471	;	39,8287	;	82,7596	;	30/09/09
472	;	38,7264	;	-20,5923	;	01/10/09
473	;	39,6063	;	-36,3938	;	02/10/09
476	;	40,1286	;	-19,2750	;	05/10/09
477	;	40,4959	;	7,8600	;	06/10/09
478	;	41,4725	;	78,6080	;	07/10/09
479	;	42,0624	;	148,1664	;	08/10/09
480	;	42,2750	;	188,8531	;	09/10/09
483	;	42,2750	;	195,4025	;	12/10/09
484	;	41,8689	;	153,7620	;	13/10/09
485	;	43,8028	;	233,1696	;	14/10/09
486	;	44,2767	;	290,5357	;	15/10/09
487	;	44,2297	;	297,1486	;	16/10/09
490	;	45,5591	;	358,8389	;	19/10/09
491	;	44,7380	;	313,7111	;	20/10/09
492	;	45,0703	;	276,8889	;	21/10/09
493	;	45,8621	;	275,8311	;	22/10/09
494	;	45,0703	;	195,6249	;	23/10/09
497	;	45,3538	;	138,1799	;	26/10/09
498	;	43,6433	;	-29,5361	;	27/10/09
499	;	41,7471	;	-269,3089	;	28/10/09
500	;	45,4516	;	-183,7671	;	29/10/09
501	;	43,7899	;	-240,7737	;	30/10/09
505	;	45,4516	;	-171,4990	;	03/11/09
506	;	45,8817	;	-104,8792	;	04/11/09
507	;	46,0771	;	-58,1434	;	05/11/09
508	;	45,7839	;	-57,4747	;	06/11/09
511	;	47,3577	;	33,6202	;	09/11/09
512	;	46,8395	;	43,0562	;	10/11/09
513	;	46,7516	;	28,1250	;	11/11/09
514	;	45,0606	;	-103,5800	;	12/11/09
515	;	45,8426	;	-143,5840	;	13/11/09
518	;	47,6704	;	-56,9472	;	16/11/09
519	;	48,2960	;	27,9622	;	17/11/09
520	;	47,4652	;	14,2098	;	18/11/09
521	;	47,5727	;	-0,6322	;	19/11/09
522	;	47,5727	;	-22,3458	;	20/11/09
525	;	48,0809	;	-14,6766	;	23/11/09
526	;	48,3547	;	-3,9813	;	24/11/09
527	;	49,1659	;	42,4150	;	25/11/09
528	;	47,6997	;	-36,7080	;	26/11/09
529	;	48,4817	;	-46,8864	;	27/11/09
532	;	47,9148	;	-99,1091	;	30/11/09
533	;	48,7749	;	-83,8473	;	01/12/09
534	;	48,3840	;	-106,5978	;	02/12/09
535	;	47,8463	;	-161,1982	;	03/12/09
536	;	46,9667	;	-254,2386	;	04/12/09
539	;	47,0448	;	-304,9109	;	07/12/09
540	;	46,6245	;	-357,4487	;	08/12/09
541	;	47,1133	;	-349,5590	;	09/12/09
542	;	47,8953	;	-284,6872	;	10/12/09
543	;	48,2863	;	-211,8298	;	11/12/09
546	;	49,1464	;	-107,3038	;	14/12/09
547	;	49,0878	;	-46,8830	;	15/12/09
548	;	48,8335	;	-29,5864	;	16/12/09
549	;	47,3185	;	-120,7091	;	17/12/09
550	;	47,2110	;	-184,8073	;	18/12/09
553	;	47,0546	;	-231,3658	;	21/12/09
554	;	47,9441	;	-197,1726	;	22/12/09
555	;	48,5893	;	-129,3381	;	23/12/09
560	;	48,6772	;	-79,1505	;	28/12/09
561	;	48,5403	;	-56,9204	;	29/12/09
562	;	48,3840	;	-54,4963	;	30/12/09
567	;	50,3290	;	69,6830	;	04/01/10
568	;	50,7983	;	169,2664	;	05/01/10
569	;	51,8734	;	286,5331	;	06/01/10
570	;	52,0886	;	353,1465	;	07/01/10
571	;	52,5967	;	402,5172	;	08/01/10
574	;	52,4404	;	395,0538	;	11/01/10
575	;	52,2938	;	352,2030	;	12/01/10
576	;	52,9389	;	339,0424	;	13/01/10
577	;	52,9292	;	302,5939	;	14/01/10
578	;	52,2448	;	209,8351	;	15/01/10
581	;	52,9779	;	176,5081	;	18/01/10
582	;	53,7111	;	181,7665	;	19/01/10
583	;	52,2448	;	70,2932	;	20/01/10
584	;	50,4366	;	-130,5654	;	21/01/10
585	;	49,3712	;	-329,2523	;	22/01/10
589	;	48,3741	;	-511,0018	;	26/01/10
590	;	47,7095	;	-650,2414	;	27/01/10
591	;	47,6801	;	-713,5531	;	28/01/10
592	;	47,8073	;	-714,2825	;	29/01/10
595	;	49,2539	;	-589,9060	;	01/02/10
596	;	49,2539	;	-484,5648	;	02/02/10
597	;	49,1464	;	-402,5318	;	03/02/10
598	;	46,4876	;	-501,3054	;	04/02/10
599	;	46,0966	;	-562,4043	;	05/02/10
602	;	46,4290	;	-549,1234	;	08/02/10
603	;	47,4065	;	-447,5387	;	09/02/10
604	;	47,4554	;	-354,1910	;	10/02/10
605	;	48,5697	;	-202,0728	;	11/02/10
606	;	48,2373	;	-113,0182	;	12/02/10
611	;	50,1434	;	75,0254	;	17/02/10
612	;	50,9938	;	247,7003	;	18/02/10
613	;	50,8275	;	336,2402	;	19/02/10
616	;	49,8502	;	314,8322	;	22/02/10
617	;	49,0878	;	238,6658	;	23/02/10
618	;	49,2636	;	191,4926	;	24/02/10
619	;	49,5569	;	172,0741	;	25/02/10
620	;	49,3126	;	136,3793	;	26/02/10
623	;	49,8208	;	139,9834	;	01/03/10
624	;	50,8178	;	198,9467	;	02/03/10
625	;	50,7103	;	218,5974	;	03/03/10
626	;	51,4141	;	263,8379	;	04/03/10
627	;	53,0757	;	383,2303	;	05/03/10
630	;	52,6848	;	411,0642	;	08/03/10
631	;	53,0757	;	428,9314	;	09/03/10
632	;	52,3915	;	370,1051	;	10/03/10
633	;	51,7073	;	265,2841	;	11/03/10
634	;	51,4141	;	161,6673	;	12/03/10
637	;	51,7073	;	101,1738	;	15/03/10
638	;	52,9975	;	134,2990	;	16/03/10
639	;	53,0562	;	145,5192	;	17/03/10
640	;	52,5382	;	105,2154	;	18/03/10
641	;	51,9712	;	31,3723	;	19/03/10
644	;	52,6749	;	21,4178	;	22/03/10
645	;	54,5419	;	126,2542	;	23/03/10
646	;	54,4442	;	171,8834	;	24/03/10
647	;	54,0532	;	158,7867	;	25/03/10
648	;	54,5419	;	165,5094	;	26/03/10
651	;	55,7638	;	230,6475	;	29/03/10
652	;	56,1547	;	275,3180	;	30/03/10
653	;	55,8615	;	260,7344	;	31/03/10
654	;	56,4284	;	263,8675	;	01/04/10
658	;	56,2720	;	231,3340	;	05/04/10
659	;	56,1938	;	182,5072	;	06/04/10
660	;	56,7608	;	166,8858	;	07/04/10
661	;	58,0607	;	219,1886	;	08/04/10
662	;	57,9532	;	221,0309	;	09/04/10
665	;	57,5525	;	171,9447	;	12/04/10
666	;	58,0119	;	148,0358	;	13/04/10
667	;	58,5006	;	142,7486	;	14/04/10
668	;	58,4235	;	112,8389	;	15/04/10
669	;	57,6163	;	22,2711	;	16/04/10
672	;	56,6024	;	-114,7431	;	19/04/10
673	;	55,8149	;	-259,0745	;	20/04/10
675	;	56,0117	;	-336,9396	;	22/04/10
676	;	55,5196	;	-412,2717	;	23/04/10
679	;	55,2932	;	-464,2174	;	26/04/10
680	;	52,4778	;	-662,8939	;	27/04/10
681	;	52,1234	;	-784,6351	;	28/04/10
682	;	53,5507	;	-736,2681	;	29/04/10
683	;	52,2711	;	-754,7745	;	30/04/10
686	;	50,9717	;	-813,8996	;	03/05/10
687	;	48,5895	;	-962,6397	;	04/05/10
688	;	49,8003	;	-928,1118	;	05/05/10
689	;	49,0915	;	-901,0494	;	06/05/10
690	;	48,9242	;	-843,4795	;	07/05/10
693	;	51,0012	;	-624,5436	;	10/05/10
694	;	50,5090	;	-478,5949	;	11/05/10
695	;	50,3318	;	-364,7959	;	12/05/10
696	;	49,6033	;	-311,4367	;	13/05/10
697	;	48,1366	;	-345,1494	;	14/05/10
700	;	47,3885	;	-385,1595	;	17/05/10
701	;	45,6757	;	-487,5676	;	18/05/10
702	;	44,7897	;	-569,8941	;	19/05/10
703	;	43,1655	;	-681,1953	;	20/05/10
704	;	46,0694	;	-514,1562	;	21/05/10
707	;	45,5871	;	-396,3650	;	24/05/10
708	;	45,9907	;	-258,2920	;	25/05/10
709	;	45,7445	;	-155,5136	;	26/05/10
710	;	48,6288	;	119,8291	;	27/05/10
711	;	48,1858	;	276,3433	;	28/05/10
714	;	49,2195	;	443,7146	;	31/05/10
715	;	48,1563	;	474,3317	;	01/06/10
716	;	49,1702	;	549,0654	;	02/06/10
718	;	46,8471	;	433,3323	;	04/06/10
721	;	45,3804	;	258,0258	;	07/06/10
722	;	45,8627	;	178,2606	;	08/06/10
723	;	46,0300	;	142,1285	;	09/06/10
724	;	46,8668	;	177,6228	;	10/06/10
725	;	47,4377	;	238,6582	;	11/06/10
728	;	47,4673	;	277,5666	;	14/06/10
729	;	48,1464	;	341,3333	;	15/06/10
730	;	47,5460	;	334,9066	;	16/06/10
731	;	46,7092	;	268,9653	;	17/06/10
732	;	46,2663	;	193,7322	;	18/06/10
735	;	47,7134	;	236,7458	;	21/06/10
736	;	47,2506	;	229,2366	;	22/06/10
737	;	47,8314	;	256,5093	;	23/06/10
738	;	46,7585	;	198,0074	;	24/06/10
739	;	47,3294	;	193,2859	;	25/06/10
742	;	46,4435	;	129,1087	;	28/06/10
743	;	44,1991	;	-55,9930	;	29/06/10
744	;	42,9686	;	-242,2344	;	30/06/10
745	;	43,1556	;	-328,5075	;	01/07/10
746	;	42,9391	;	-372,6460	;	02/07/10
749	;	42,3287	;	-412,2768	;	05/07/10
750	;	42,8603	;	-373,1814	;	06/07/10
751	;	43,8940	;	-253,9051	;	07/07/10
752	;	44,0416	;	-146,5641	;	08/07/10
756	;	43,3918	;	-36,1530	;	12/07/10
757	;	43,4706	;	-2,9224	;	13/07/10
758	;	43,4805	;	28,9421	;	14/07/10
759	;	43,1359	;	35,7937	;	15/07/10
760	;	42,1810	;	-12,5650	;	16/07/10
763	;	43,3623	;	43,4680	;	19/07/10
764	;	45,8134	;	242,8544	;	20/07/10
765	;	46,0792	;	381,6435	;	21/07/10
766	;	47,0538	;	519,6348	;	22/07/10
767	;	47,4180	;	609,6278	;	23/07/10
770	;	47,4377	;	641,5422	;	26/07/10
771	;	47,2506	;	620,6738	;	27/07/10
772	;	48,0874	;	631,7390	;	28/07/10
773	;	47,6444	;	579,0712	;	29/07/10
774	;	47,7921	;	525,6570	;	30/07/10
777	;	49,7412	;	588,3656	;	02/08/10
778	;	49,6821	;	591,0925	;	03/08/10
779	;	49,6427	;	555,9140	;	04/08/10
780	;	49,8593	;	513,8512	;	05/08/10
781	;	49,7904	;	450,4410	;	06/08/10
784	;	49,9183	;	388,3528	;	09/08/10
785	;	49,2195	;	276,7622	;	10/08/10
786	;	47,5558	;	77,8098	;	11/08/10
787	;	47,9594	;	-33,8322	;	12/08/10
788	;	48,0382	;	-105,3858	;	13/08/10
791	;	48,6682	;	-112,7086	;	16/08/10
792	;	49,2293	;	-83,5269	;	17/08/10
793	;	49,5640	;	-47,3015	;	18/08/10
794	;	49,0718	;	-61,1212	;	19/08/10
795	;	48,4713	;	-112,4170	;	20/08/10
798	;	47,0833	;	-234,4936	;	23/08/10
799	;	46,0694	;	-370,1549	;	24/08/10
800	;	45,6560	;	-468,1239	;	25/08/10
801	;	45,1440	;	-542,4191	;	26/08/10
802	;	46,7092	;	-464,2553	;	27/08/10
805	;	45,4787	;	-471,9642	;	30/08/10
806	;	46,1482	;	-410,7714	;	31/08/10
807	;	48,2843	;	-215,0171	;	01/09/10
808	;	47,8216	;	-110,6537	;	02/09/10
809	;	47,6444	;	-50,4430	;	03/09/10
812	;	47,2506	;	-34,8344	;	06/09/10
814	;	46,4533	;	-73,7075	;	08/09/10
815	;	46,5616	;	-86,7260	;	09/09/10
816	;	46,1285	;	-117,2208	;	10/09/10
819	;	47,4476	;	-44,8966	;	13/09/10
820	;	47,0538	;	-21,1173	;	14/09/10
821	;	47,3294	;	13,6662	;	15/09/10
822	;	47,0243	;	16,4530	;	16/09/10
823	;	46,3942	;	-21,7176	;	17/09/10
826	;	47,3491	;	17,5859	;	20/09/10
827	;	47,4968	;	51,9087	;	21/09/10
828	;	48,3532	;	126,3270	;	22/09/10
829	;	48,3729	;	168,4216	;	23/09/10
830	;	50,0365	;	292,5773	;	24/09/10
833	;	50,9520	;	413,1818	;	27/09/10
834	;	51,3458	;	490,9454	;	28/09/10
835	;	51,3753	;	513,5563	;	29/09/10
836	;	51,4835	;	504,1250	;	30/09/10
837	;	51,9758	;	498,5000	;	01/10/10
840	;	52,0151	;	465,6000	;	04/10/10
841	;	52,6746	;	455,7600	;	05/10/10
842	;	52,8322	;	427,8080	;	06/10/10
843	;	52,6451	;	367,0464	;	07/10/10
844	;	52,4679	;	288,6771	;	08/10/10
847	;	52,7633	;	232,9417	;	11/10/10
849	;	52,7140	;	171,7134	;	13/10/10
850	;	52,9109	;	125,6107	;	14/10/10
851	;	53,0652	;	88,4086	;	15/10/10
854	;	54,2091	;	121,6069	;	18/10/10
855	;	52,9160	;	41,4455	;	19/10/10
856	;	54,4876	;	77,1564	;	20/10/10
857	;	53,6123	;	27,2451	;	21/10/10
858	;	53,6620	;	-14,6839	;	22/10/10
861	;	54,1096	;	-23,9871	;	25/10/10
862	;	54,9054	;	9,9303	;	26/10/10
863	;	54,3583	;	-16,6158	;	27/10/10
864	;	53,3139	;	-111,2926	;	28/10/10
865	;	53,3139	;	-176,8741	;	29/10/10
868	;	54,5075	;	-144,2193	;	01/11/10
870	;	53,9107	;	-165,6154	;	03/11/10
871	;	55,2933	;	-92,9723	;	04/11/10
872	;	55,4027	;	-46,3778	;	05/11/10
875	;	55,8006	;	0,0978	;	08/11/10
876	;	55,6016	;	5,8382	;	09/11/10
877	;	55,5022	;	-7,8094	;	10/11/10
878	;	55,7409	;	-11,2875	;	11/11/10
879	;	54,7064	;	-89,5100	;	12/11/10
883	;	53,6024	;	-251,5424	;	16/11/10
884	;	53,5228	;	-320,1939	;	17/11/10
885	;	54,9451	;	-264,3951	;	18/11/10
886	;	55,1540	;	-210,3961	;	19/11/10
889	;	55,0048	;	-182,7169	;	22/11/10
890	;	53,6123	;	-251,9335	;	23/11/10
891	;	54,9750	;	-201,7868	;	24/11/10
892	;	54,6269	;	-188,2294	;	25/11/10
893	;	53,8013	;	-228,4235	;	26/11/10
896	;	53,9206	;	-239,2188	;	29/11/10
897	;	53,2741	;	-279,4550	;	30/11/10
898	;	55,0048	;	-183,6440	;	01/12/10
899	;	55,6016	;	-79,5552	;	02/12/10
900	;	56,2979	;	30,7558	;	03/12/10
903	;	56,5466	;	110,6046	;	06/12/10
904	;	56,4172	;	142,8037	;	07/12/10
905	;	55,1640	;	71,3630	;	08/12/10
906	;	55,7707	;	57,3304	;	09/12/10
907	;	56,4670	;	85,5443	;	10/12/10
910	;	57,8794	;	184,1954	;	13/12/10
911	;	57,3721	;	198,9563	;	14/12/10
912	;	56,4968	;	136,4450	;	15/12/10
913	;	56,4471	;	81,0760	;	16/12/10
914	;	56,5963	;	45,6608	;	17/12/10
917	;	56,1984	;	-10,3514	;	20/12/10
918	;	56,8847	;	-7,2411	;	21/12/10
919	;	56,7256	;	-21,0729	;	22/12/10
920	;	56,5466	;	-46,0583	;	23/12/10
924	;	54,9352	;	-168,0466	;	27/12/10
925	;	54,4478	;	-272,4373	;	28/12/10
926	;	54,8258	;	-304,3498	;	29/12/10
927	;	55,0347	;	-299,3198	;	30/12/10
931	;	56,6659	;	-179,8558	;	03/01/11
932	;	57,8396	;	-23,7246	;	04/01/11
933	;	58,8840	;	138,9403	;	05/01/11
934	;	58,1281	;	182,0322	;	06/01/11
935	;	57,6904	;	167,7858	;	07/01/11
938	;	57,5810	;	138,8686	;	10/01/11
939	;	58,1877	;	147,7349	;	11/01/11
940	;	59,7991	;	243,4679	;	12/01/11
941	;	59,3813	;	258,6943	;	13/01/11
942	;	59,6400	;	265,1954	;	14/01/11
945	;	60,1700	;	282,6363	;	17/01/11
946	;	60,9200	;	319,3890	;	18/01/11
947	;	59,6000	;	233,4312	;	19/01/11
948	;	58,6000	;	95,0650	;	20/01/11
949	;	59,0000	;	20,1320	;	21/01/11
952	;	59,4000	;	-11,0944	;	24/01/11
954	;	59,3500	;	-41,9955	;	26/01/11
955	;	58,7600	;	-105,4364	;	27/01/11
956	;	57,0700	;	-255,8691	;	28/01/11
959	;	57,0800	;	-343,9753	;	31/01/11
960	;	58,4900	;	-298,2202	;	01/02/11
961	;	57,4000	;	-329,7762	;	02/02/11
962	;	57,2700	;	-346,1410	;	03/02/11
963	;	56,3400	;	-402,4328	;	04/02/11
966	;	56,7600	;	-393,7062	;	07/02/11
967	;	56,3100	;	-399,2850	;	08/02/11
968	;	54,6000	;	-493,1080	;	09/02/11
969	;	55,3100	;	-481,6864	;	10/02/11
970	;	56,4500	;	-376,3091	;	11/02/11
973	;	57,5500	;	-219,3673	;	14/02/11
974	;	57,3600	;	-120,1338	;	15/02/11
975	;	57,9100	;	-14,7470	;	16/02/11
976	;	57,9900	;	59,0024	;	17/02/11
977	;	57,4000	;	66,1619	;	18/02/11
980	;	56,1000	;	-14,1905	;	21/02/11
981	;	54,9800	;	-133,7524	;	22/02/11
982	;	56,0000	;	-134,7619	;	23/02/11
983	;	55,5100	;	-157,4095	;	24/02/11
984	;	55,7000	;	-148,6476	;	25/02/11
987	;	56,3000	;	-94,1981	;	28/02/11
988	;	55,2400	;	-119,7585	;	01/03/11
989	;	56,1800	;	-66,1268	;	02/03/11
990	;	56,6000	;	1,1786	;	03/03/11
991	;	55,6500	;	-13,7771	;	04/03/11
996	;	53,6200	;	-148,4617	;	09/03/11
997	;	52,1000	;	-318,2094	;	10/03/11
998	;	52,8200	;	-357,3675	;	11/03/11
