-165	;	38,3554	;	127,2987	;	03/01/08
-164	;	36,4735	;	-62,8810	;	04/01/08
-161	;	35,4025	;	-259,1048	;	07/01/08
-160	;	37,3473	;	-255,6038	;	08/01/08
-159	;	38,0508	;	-205,8430	;	09/01/08
-158	;	37,6835	;	-197,5544	;	10/01/08
-157	;	36,5453	;	-264,4435	;	11/01/08
-154	;	36,4689	;	-306,5148	;	14/01/08
-153	;	34,8631	;	-427,8518	;	15/01/08
-152	;	33,5501	;	-572,7614	;	16/01/08
-151	;	31,8636	;	-747,4091	;	17/01/08
-150	;	32,2908	;	-794,9673	;	18/01/08
-147	;	29,8937	;	-938,8538	;	21/01/08
-146	;	32,8124	;	-794,0430	;	22/01/08
-145	;	32,2504	;	-696,2744	;	23/01/08
-144	;	34,5125	;	-451,3395	;	24/01/08
-140	;	36,3699	;	-151,7116	;	28/01/08
-139	;	36,3382	;	46,3107	;	29/01/08
-138	;	37,1613	;	224,5686	;	30/01/08
-137	;	36,1585	;	264,1349	;	31/01/08
-136	;	36,7432	;	315,3879	;	01/02/08
-131	;	35,4387	;	250,0703	;	06/02/08
-130	;	36,5408	;	267,9762	;	07/02/08
-129	;	36,7881	;	282,0610	;	08/02/08
-126	;	37,4042	;	315,8888	;	11/02/08
-125	;	37,4806	;	325,1110	;	12/02/08
-124	;	38,0293	;	347,9288	;	13/02/08
-123	;	37,5663	;	312,5830	;	14/02/08
-122	;	37,2377	;	250,5464	;	15/02/08
-119	;	38,2047	;	257,1571	;	18/02/08
-118	;	38,3621	;	254,2057	;	19/02/08
-117	;	38,4522	;	240,5646	;	20/02/08
-116	;	37,7821	;	171,8117	;	21/02/08
-115	;	37,9125	;	122,8894	;	22/02/08
-112	;	37,8900	;	78,7915	;	25/02/08
-111	;	37,9574	;	45,6732	;	26/02/08
-110	;	38,5419	;	54,0586	;	27/02/08
-109	;	38,7445	;	63,5669	;	28/02/08
-108	;	36,6307	;	-74,7465	;	29/02/08
-105	;	36,3834	;	-179,1572	;	03/03/08
-104	;	35,3714	;	-305,2458	;	04/03/08
-103	;	36,2484	;	-317,0766	;	05/03/08
-102	;	35,5334	;	-357,5013	;	06/03/08
-101	;	35,1511	;	-391,6810	;	07/03/08
-98	;	34,4945	;	-436,7848	;	10/03/08
-97	;	35,8481	;	-357,1078	;	11/03/08
-96	;	35,6727	;	-300,1662	;	12/03/08
-95	;	35,2050	;	-278,4530	;	13/03/08
-94	;	34,5125	;	-293,5624	;	14/03/08
-91	;	33,2038	;	-369,7299	;	17/03/08
-90	;	33,7076	;	-363,6239	;	18/03/08
-89	;	31,2114	;	-496,8191	;	19/03/08
-88	;	31,2114	;	-550,0953	;	20/03/08
-84	;	31,4813	;	-531,8362	;	24/03/08
-83	;	33,1452	;	-379,6290	;	25/03/08
-82	;	33,6848	;	-222,1832	;	26/03/08
-81	;	32,8798	;	-155,1866	;	27/03/08
-80	;	32,6551	;	-110,8693	;	28/03/08
-77	;	33,2758	;	-28,9354	;	31/03/08
-76	;	34,0716	;	83,4917	;	01/04/08
-75	;	34,9758	;	215,9134	;	02/04/08
-74	;	35,3940	;	322,4107	;	03/04/08
-73	;	35,5288	;	388,2486	;	04/04/08
-70	;	35,3937	;	406,9989	;	07/04/08
-69	;	36,0655	;	445,9191	;	08/04/08
-68	;	36,0879	;	452,8953	;	09/04/08
-67	;	36,2188	;	445,3562	;	10/04/08
-66	;	35,4162	;	368,6050	;	11/04/08
-63	;	37,4089	;	430,0040	;	14/04/08
-62	;	37,8462	;	474,5632	;	15/04/08
-61	;	37,6028	;	461,6506	;	16/04/08
-60	;	38,3694	;	476,8405	;	17/04/08
-59	;	38,4594	;	464,5924	;	18/04/08
-55	;	38,8653	;	454,7939	;	22/04/08
-54	;	38,3332	;	386,2351	;	23/04/08
-53	;	37,5127	;	265,1481	;	24/04/08
-52	;	38,0087	;	200,9185	;	25/04/08
-49	;	38,4053	;	168,8148	;	28/04/08
-48	;	36,8814	;	35,6918	;	29/04/08
-47	;	38,0536	;	18,0734	;	30/04/08
-45	;	38,7751	;	45,0987	;	02/05/08
-42	;	39,5417	;	101,3590	;	05/05/08
-41	;	40,5786	;	190,1272	;	06/05/08
-40	;	40,4432	;	219,2218	;	07/05/08
-39	;	40,5786	;	226,3374	;	08/05/08
-38	;	41,1827	;	248,5899	;	09/05/08
-35	;	41,2550	;	244,7119	;	12/05/08
-34	;	42,3371	;	288,5695	;	13/05/08
-33	;	41,7508	;	252,7756	;	14/05/08
-32	;	42,4813	;	252,4605	;	15/05/08
-31	;	43,4191	;	287,0884	;	16/05/08
-28	;	45,0874	;	387,7507	;	19/05/08
-27	;	46,5842	;	512,7606	;	20/05/08
-26	;	47,3506	;	598,6885	;	21/05/08
-24	;	45,5924	;	493,0308	;	23/05/08
-21	;	46,5029	;	442,1046	;	26/05/08
-20	;	44,9970	;	272,8037	;	27/05/08
-19	;	45,9800	;	196,5630	;	28/05/08
-18	;	44,4921	;	24,4504	;	29/05/08
-17	;	44,1855	;	-123,4797	;	30/05/08
-14	;	44,8980	;	-183,1038	;	02/06/08
-13	;	42,7877	;	-363,9230	;	03/06/08
-12	;	40,8311	;	-600,7384	;	04/06/08
-11	;	42,8871	;	-602,6707	;	05/06/08
-10	;	42,9142	;	-585,4166	;	06/06/08
-7	;	42,8147	;	-563,7733	;	09/06/08
-6	;	41,4804	;	-618,0586	;	10/06/08
-5	;	40,9394	;	-665,0869	;	11/06/08
-4	;	40,7408	;	-681,6695	;	12/06/08
-3	;	41,3904	;	-622,6156	;	13/06/08
0	;	41,3000	;	-565,0525	;	16/06/08
1	;	41,7058	;	-478,5220	;	17/06/08
2	;	40,9394	;	-452,0976	;	18/06/08
3	;	39,5866	;	-501,1181	;	19/06/08
4	;	38,8923	;	-551,6145	;	20/06/08
7	;	39,5778	;	-511,2116	;	23/06/08
8	;	39,4695	;	-465,3693	;	24/06/08
9	;	40,5335	;	-342,6154	;	25/06/08
10	;	40,4885	;	-248,0923	;	26/06/08
11	;	40,8491	;	-149,8338	;	27/06/08
14	;	41,6699	;	-24,5870	;	30/06/08
15	;	41,5615	;	51,6904	;	01/07/08
16	;	39,6589	;	-21,2877	;	02/07/08
17	;	38,3694	;	-144,8702	;	03/07/08
18	;	38,9554	;	-173,6562	;	04/07/08
21	;	37,8102	;	-251,5650	;	07/07/08
22	;	36,6199	;	-358,5320	;	08/07/08
24	;	36,1149	;	-433,4656	;	10/07/08
25	;	36,6109	;	-419,5725	;	11/07/08
28	;	36,8634	;	-365,4180	;	14/07/08
29	;	36,5658	;	-323,0544	;	15/07/08
30	;	35,8626	;	-315,4035	;	16/07/08
31	;	34,0861	;	-397,8428	;	17/07/08
32	;	34,4467	;	-394,9942	;	18/07/08
35	;	34,9517	;	-328,7154	;	21/07/08
36	;	33,7523	;	-334,2523	;	22/07/08
37	;	32,5531	;	-383,6418	;	23/07/08
38	;	31,1102	;	-472,6734	;	24/07/08
39	;	31,1102	;	-488,7787	;	25/07/08
42	;	31,4258	;	-436,9430	;	28/07/08
43	;	31,3808	;	-367,3944	;	29/07/08
44	;	32,9137	;	-188,7155	;	30/07/08
45	;	32,3729	;	-82,9724	;	31/07/08
46	;	31,1192	;	-73,8179	;	01/08/08
49	;	29,6584	;	-138,7343	;	04/08/08
50	;	29,0363	;	-192,8274	;	05/08/08
51	;	30,0281	;	-133,8619	;	06/08/08
52	;	30,5331	;	-37,8895	;	07/08/08
53	;	30,2537	;	26,3284	;	08/08/08
56	;	29,4870	;	36,1027	;	11/08/08
57	;	29,8207	;	81,2822	;	12/08/08
58	;	30,4339	;	164,0658	;	13/08/08
59	;	30,1542	;	208,6126	;	14/08/08
60	;	29,4601	;	200,0101	;	15/08/08
63	;	28,5672	;	145,3681	;	18/08/08
64	;	29,4241	;	176,0545	;	19/08/08
65	;	30,8486	;	294,5236	;	20/08/08
66	;	31,9127	;	438,0189	;	21/08/08
67	;	31,8227	;	515,1351	;	22/08/08
70	;	30,4880	;	465,9481	;	25/08/08
71	;	30,8309	;	446,1985	;	26/08/08
72	;	31,7415	;	481,1188	;	27/08/08
73	;	31,8768	;	497,8550	;	28/08/08
74	;	31,4710	;	466,7640	;	29/08/08
77	;	30,8486	;	392,2912	;	01/09/08
78	;	30,0372	;	281,6730	;	02/09/08
79	;	29,3969	;	164,4584	;	03/09/08
80	;	28,3600	;	23,5667	;	04/09/08
81	;	28,7297	;	-35,0666	;	05/09/08
84	;	27,2868	;	-154,6133	;	08/09/08
85	;	25,5645	;	-323,6106	;	09/09/08
86	;	25,8622	;	-385,1285	;	10/09/08
87	;	28,3148	;	-237,6228	;	11/09/08
88	;	29,7577	;	-30,6582	;	12/09/08
91	;	26,8721	;	-73,5666	;	15/09/08
92	;	28,2247	;	-0,1333	;	16/09/08
93	;	26,8721	;	-30,2666	;	17/09/08
94	;	29,0363	;	100,7467	;	18/09/08
95	;	31,5430	;	347,5574	;	19/09/08
98	;	31,4710	;	488,6859	;	22/09/08
99	;	29,9832	;	464,6287	;	23/09/08
100	;	31,1013	;	503,5430	;	24/09/08
101	;	32,5079	;	597,2344	;	25/09/08
102	;	31,9487	;	593,3875	;	26/09/08
105	;	29,5324	;	408,7900	;	29/09/08
106	;	31,6513	;	409,1920	;	30/09/08
107	;	31,4710	;	377,7536	;	01/10/08
108	;	28,9009	;	174,6029	;	02/10/08
109	;	27,9541	;	-22,2377	;	03/10/08
112	;	27,0523	;	-201,8702	;	06/10/08
113	;	25,5195	;	-401,1762	;	07/10/08
114	;	24,0768	;	-595,7410	;	08/10/08
115	;	23,3371	;	-730,8328	;	09/10/08
116	;	21,6419	;	-880,9062	;	10/10/08
119	;	24,2568	;	-755,4450	;	13/10/08
120	;	24,6177	;	-605,8760	;	14/10/08
121	;	21,6419	;	-660,7008	;	15/10/08
122	;	20,0188	;	-752,9606	;	16/10/08
123	;	20,7312	;	-713,0085	;	17/10/08
126	;	22,8953	;	-498,0868	;	20/10/08
127	;	22,5438	;	-344,0694	;	21/10/08
128	;	20,9207	;	-316,7755	;	22/10/08
129	;	20,4697	;	-294,7804	;	23/10/08
130	;	18,3956	;	-380,1443	;	24/10/08
133	;	16,3307	;	-526,8354	;	27/10/08
134	;	18,0801	;	-459,7083	;	28/10/08
135	;	19,2974	;	-294,9666	;	29/10/08
136	;	20,6049	;	-71,2533	;	30/10/08
137	;	21,0197	;	120,8374	;	31/10/08
140	;	20,8666	;	246,5899	;	03/11/08
141	;	22,6337	;	446,1519	;	04/11/08
142	;	21,8673	;	518,7615	;	05/11/08
143	;	20,6500	;	478,0492	;	06/11/08
144	;	20,9746	;	465,7194	;	07/11/08
147	;	21,5968	;	489,8555	;	10/11/08
148	;	21,5608	;	492,4444	;	11/11/08
149	;	18,5940	;	293,1555	;	12/11/08
150	;	19,0268	;	194,1244	;	13/11/08
151	;	18,7205	;	115,4595	;	14/11/08
154	;	18,4408	;	55,1676	;	17/11/08
155	;	17,3587	;	-41,7859	;	18/11/08
156	;	16,6823	;	-130,7087	;	19/11/08
158	;	15,2306	;	-259,0470	;	21/11/08
161	;	17,3406	;	-177,4776	;	24/11/08
162	;	17,4579	;	-95,4221	;	25/11/08
163	;	18,5039	;	42,1423	;	26/11/08
164	;	17,9899	;	107,6338	;	27/11/08
165	;	18,0888	;	163,3870	;	28/11/08
168	;	16,5921	;	107,9896	;	01/12/08
169	;	16,5019	;	75,1917	;	02/12/08
170	;	17,4129	;	122,1534	;	03/12/08
171	;	16,7726	;	117,2427	;	04/12/08
172	;	16,3758	;	95,4742	;	05/12/08
175	;	18,2242	;	207,2594	;	08/12/08
176	;	18,1342	;	272,6875	;	09/12/08
177	;	19,7844	;	416,1500	;	10/12/08
178	;	20,1360	;	517,0800	;	11/12/08
179	;	20,3795	;	578,0640	;	12/12/08
182	;	20,6500	;	611,1712	;	15/12/08
183	;	21,4615	;	658,2970	;	16/12/08
184	;	21,9576	;	690,0776	;	17/12/08
185	;	21,1911	;	628,3821	;	18/12/08
186	;	21,0558	;	550,1457	;	19/12/08
189	;	19,9646	;	403,3966	;	22/12/08
190	;	19,8385	;	282,1573	;	23/12/08
193	;	20,5598	;	236,6058	;	26/12/08
196	;	21,0459	;	225,4446	;	29/12/08
197	;	21,3449	;	223,8757	;	30/12/08
200	;	22,9335	;	310,2206	;	02/01/09
203	;	23,4568	;	378,4165	;	05/01/09
204	;	23,7840	;	418,3332	;	06/01/09
205	;	22,8494	;	356,9066	;	07/01/09
206	;	23,8308	;	356,6453	;	08/01/09
207	;	23,7373	;	325,3962	;	09/01/09
210	;	22,1952	;	183,1170	;	12/01/09
211	;	22,3824	;	88,6536	;	13/01/09
212	;	21,7747	;	-21,8771	;	14/01/09
213	;	22,5223	;	-50,0617	;	15/01/09
214	;	22,6905	;	-62,0494	;	16/01/09
217	;	22,2700	;	-100,6795	;	19/01/09
218	;	21,5504	;	-172,7836	;	20/01/09
219	;	22,6718	;	-144,3069	;	21/01/09
220	;	22,0925	;	-162,4055	;	22/01/09
221	;	22,0459	;	-174,4044	;	23/01/09
224	;	22,2419	;	-166,1635	;	26/01/09
225	;	22,3353	;	-151,7308	;	27/01/09
226	;	23,5503	;	-62,2646	;	28/01/09
227	;	23,3913	;	-18,0517	;	29/01/09
228	;	23,3913	;	5,7186	;	30/01/09
231	;	23,0736	;	-4,8651	;	02/02/09
232	;	23,9054	;	36,9079	;	03/02/09
233	;	24,0178	;	63,3663	;	04/02/09
234	;	24,2980	;	89,3330	;	05/02/09
235	;	25,3260	;	161,2264	;	06/02/09
238	;	25,5970	;	209,4611	;	09/02/09
239	;	25,0457	;	187,3289	;	10/02/09
240	;	25,1109	;	161,1431	;	11/02/09
241	;	24,9520	;	119,1545	;	12/02/09
242	;	25,7933	;	133,0836	;	13/02/09
245	;	26,0923	;	146,3869	;	16/02/09
246	;	24,6718	;	48,4695	;	17/02/09
247	;	24,1952	;	-53,8644	;	18/02/09
248	;	24,5784	;	-98,6115	;	19/02/09
249	;	24,0923	;	-160,1692	;	20/02/09
254	;	24,5314	;	-169,5754	;	25/02/09
255	;	24,7839	;	-157,4203	;	26/02/09
256	;	24,6718	;	-155,2162	;	27/02/09
259	;	23,3822	;	-234,1730	;	02/03/09
260	;	23,1764	;	-290,1384	;	03/03/09
261	;	24,6437	;	-221,3907	;	04/03/09
262	;	24,2980	;	-193,1926	;	05/03/09
263	;	23,9896	;	-189,1141	;	06/03/09
266	;	24,0178	;	-178,4913	;	09/03/09
267	;	25,2979	;	-83,9930	;	10/03/09
268	;	25,4286	;	-15,0344	;	11/03/09
269	;	25,7464	;	46,2925	;	12/03/09
270	;	25,8868	;	88,2340	;	13/03/09
273	;	25,4100	;	76,1072	;	16/03/09
274	;	26,1485	;	108,2458	;	17/03/09
275	;	26,4474	;	138,0366	;	18/03/09
276	;	27,3352	;	202,1093	;	19/03/09
277	;	27,1952	;	218,2474	;	20/03/09
280	;	28,8397	;	316,9179	;	23/03/09
281	;	28,3632	;	326,0143	;	24/03/09
282	;	28,4380	;	312,9714	;	25/03/09
283	;	28,3818	;	277,6571	;	26/03/09
284	;	27,6624	;	187,2457	;	27/03/09
287	;	26,8958	;	63,6366	;	30/03/09
288	;	26,6810	;	-39,3307	;	31/03/09
289	;	27,4754	;	-59,3046	;	01/04/09
290	;	28,5035	;	-11,2037	;	02/04/09
291	;	28,4101	;	5,4370	;	03/04/09
294	;	28,3071	;	0,9096	;	06/04/09
295	;	28,0079	;	-29,2723	;	07/04/09
296	;	27,9240	;	-60,0578	;	08/04/09
297	;	29,1627	;	-5,0862	;	09/04/09
298	;	29,1627	;	21,7710	;	10/04/09
301	;	29,1155	;	26,4568	;	13/04/09
302	;	28,8412	;	2,4454	;	14/04/09
303	;	28,3495	;	-52,1237	;	15/04/09
304	;	28,3684	;	-90,2590	;	16/04/09
305	;	27,9145	;	-146,1272	;	17/04/09
308	;	27,2338	;	-224,3418	;	20/04/09
310	;	27,0539	;	-279,9534	;	22/04/09
311	;	27,6782	;	-266,5227	;	23/04/09
312	;	27,7159	;	-247,2982	;	24/04/09
315	;	27,1296	;	-264,7986	;	27/04/09
316	;	27,2621	;	-257,8389	;	28/04/09
317	;	28,1226	;	-188,9111	;	29/04/09
318	;	27,9334	;	-151,2889	;	30/04/09
322	;	29,9097	;	3,2089	;	04/05/09
323	;	30,3353	;	124,0071	;	05/05/09
324	;	30,7799	;	218,2457	;	06/05/09
325	;	30,2408	;	227,5566	;	07/05/09
326	;	31,2052	;	278,6053	;	08/05/09
329	;	31,0823	;	283,1242	;	11/05/09
330	;	30,5905	;	234,0994	;	12/05/09
331	;	29,7680	;	132,3995	;	13/05/09
332	;	30,0137	;	70,8796	;	14/05/09
333	;	29,5978	;	-4,5763	;	15/05/09
336	;	30,9311	;	26,7390	;	18/05/09
337	;	30,9405	;	38,8312	;	19/05/09
338	;	31,3470	;	63,5450	;	20/05/09
339	;	30,7324	;	29,5560	;	21/05/09
340	;	31,0823	;	21,9648	;	22/05/09
343	;	31,1580	;	13,8118	;	25/05/09
344	;	31,9051	;	48,5694	;	26/05/09
345	;	31,9051	;	60,6155	;	27/05/09
346	;	32,7657	;	112,5724	;	28/05/09
347	;	32,5764	;	119,4979	;	29/05/09
350	;	33,3236	;	157,3583	;	01/06/09
351	;	32,6712	;	123,0066	;	02/06/09
352	;	31,3470	;	2,0053	;	03/06/09
353	;	32,2361	;	-25,6758	;	04/06/09
354	;	32,1320	;	-56,7806	;	05/06/09
357	;	32,0374	;	-87,7445	;	08/06/09
358	;	31,6876	;	-132,9156	;	09/06/09
359	;	32,0374	;	-139,7725	;	10/06/09
361	;	32,1036	;	-140,1380	;	12/06/09
364	;	31,4889	;	-179,3904	;	15/06/09
365	;	30,7799	;	-246,6323	;	16/06/09
366	;	30,3069	;	-312,2658	;	17/06/09
367	;	30,0327	;	-360,0526	;	18/06/09
368	;	30,2124	;	-364,2821	;	19/06/09
371	;	29,1818	;	-417,5057	;	22/06/09
372	;	29,6924	;	-399,2846	;	23/06/09
373	;	29,3141	;	-393,1077	;	24/06/09
374	;	30,4961	;	-294,3262	;	25/06/09
375	;	30,4961	;	-217,3810	;	26/06/09
378	;	31,2527	;	-109,4248	;	29/06/09
379	;	30,6853	;	-71,8598	;	30/06/09
380	;	30,0705	;	-83,3278	;	01/07/09
381	;	29,5409	;	-119,3022	;	02/07/09
382	;	29,3235	;	-148,4818	;	03/07/09
385	;	28,6837	;	-198,6254	;	06/07/09
386	;	28,0248	;	-259,9403	;	07/07/09
387	;	27,7959	;	-296,9922	;	08/07/09
388	;	27,7959	;	-301,6738	;	09/07/09
389	;	28,3305	;	-250,9390	;	10/07/09
392	;	28,4451	;	-194,4312	;	13/07/09
393	;	28,2540	;	-156,3450	;	14/07/09
394	;	29,3713	;	-47,8760	;	15/07/09
395	;	29,5525	;	39,2992	;	16/07/09
396	;	30,0778	;	130,5594	;	17/07/09
399	;	30,4598	;	210,0475	;	20/07/09
400	;	30,3834	;	248,2780	;	21/07/09
401	;	30,2591	;	255,0224	;	22/07/09
402	;	30,9372	;	292,2579	;	23/07/09
403	;	31,0327	;	308,9263	;	24/07/09
406	;	30,9849	;	301,9410	;	27/07/09
407	;	30,3166	;	240,1128	;	28/07/09
408	;	29,5049	;	137,5302	;	29/07/09
409	;	29,8105	;	85,7842	;	30/07/09
410	;	30,0492	;	64,1474	;	31/07/09
413	;	31,0422	;	110,4379	;	03/08/09
414	;	30,6699	;	109,5503	;	04/08/09
415	;	30,8608	;	114,8402	;	05/08/09
416	;	30,4598	;	85,7122	;	06/08/09
417	;	30,5552	;	68,0098	;	07/08/09
420	;	30,6508	;	58,1678	;	10/08/09
421	;	29,8105	;	-6,0258	;	11/08/09
422	;	30,4501	;	-6,4206	;	12/08/09
423	;	31,0230	;	28,8635	;	13/08/09
424	;	30,8893	;	39,5708	;	14/08/09
427	;	30,5552	;	21,4166	;	17/08/09
428	;	30,8608	;	26,8933	;	18/08/09
429	;	31,3191	;	56,5546	;	19/08/09
430	;	31,5578	;	85,6437	;	20/08/09
431	;	32,1117	;	132,9150	;	21/08/09
434	;	31,8920	;	139,2920	;	24/08/09
435	;	31,7298	;	123,1136	;	25/08/09
436	;	31,6725	;	100,0109	;	26/08/09
437	;	31,3765	;	58,3287	;	27/08/09
438	;	31,0805	;	7,1430	;	28/08/09
441	;	29,9632	;	-99,8056	;	31/08/09
442	;	30,1733	;	-151,2045	;	01/09/09
443	;	30,6985	;	-144,6436	;	02/09/09
444	;	30,7367	;	-132,7549	;	03/09/09
445	;	31,0422	;	-100,7639	;	04/09/09
449	;	31,3955	;	-54,6911	;	08/09/09
450	;	31,5101	;	-17,2729	;	09/09/09
451	;	31,8348	;	26,1817	;	10/09/09
452	;	31,6437	;	38,2254	;	11/09/09
455	;	31,7392	;	48,1803	;	14/09/09
456	;	31,8920	;	59,7442	;	15/09/09
457	;	32,7992	;	119,7954	;	16/09/09
458	;	32,7514	;	145,8363	;	17/09/09
459	;	33,0855	;	173,2290	;	18/09/09
462	;	33,0379	;	175,3032	;	21/09/09
463	;	33,2576	;	178,0026	;	22/09/09
464	;	32,7132	;	131,9221	;	23/09/09
465	;	32,2741	;	63,9377	;	24/09/09
466	;	32,5700	;	32,5902	;	25/09/09
469	;	33,3147	;	54,4722	;	28/09/09
470	;	33,2001	;	53,6578	;	29/09/09
471	;	33,4198	;	59,8062	;	30/09/09
472	;	32,6995	;	9,7650	;	01/10/09
473	;	32,8052	;	-20,0280	;	02/10/09
476	;	33,0835	;	-24,5824	;	05/10/09
477	;	33,1220	;	-28,3059	;	06/10/09
478	;	33,2855	;	-23,2047	;	07/10/09
479	;	34,0440	;	25,0362	;	08/10/09
480	;	34,2265	;	61,0690	;	09/10/09
483	;	34,2265	;	75,7352	;	12/10/09
484	;	34,3994	;	87,1482	;	13/10/09
485	;	34,7164	;	104,8386	;	14/10/09
486	;	35,1484	;	132,7509	;	15/10/09
487	;	34,9563	;	125,4807	;	16/10/09
490	;	35,8783	;	167,1846	;	19/10/09
491	;	35,0523	;	125,5877	;	20/10/09
492	;	35,2444	;	98,7102	;	21/10/09
493	;	35,5325	;	88,2482	;	22/10/09
494	;	35,0523	;	39,3986	;	23/10/09
497	;	35,2444	;	11,9189	;	26/10/09
498	;	34,5241	;	-59,0249	;	27/10/09
499	;	32,8820	;	-212,1799	;	28/10/09
500	;	34,6298	;	-191,9039	;	29/10/09
501	;	33,6503	;	-237,7631	;	30/10/09
505	;	34,1401	;	-228,2105	;	03/11/09
506	;	34,2840	;	-206,0884	;	04/11/09
507	;	34,9563	;	-143,0307	;	05/11/09
508	;	34,6202	;	-121,6246	;	06/11/09
511	;	35,6094	;	-42,6597	;	09/11/09
512	;	35,9263	;	25,4722	;	10/11/09
513	;	36,1088	;	74,6178	;	11/11/09
514	;	35,3885	;	51,5342	;	12/11/09
515	;	35,6575	;	47,3074	;	13/11/09
518	;	35,8974	;	53,2859	;	16/11/09
519	;	36,8769	;	112,3087	;	17/11/09
520	;	36,6850	;	126,5670	;	18/11/09
521	;	36,9730	;	142,2936	;	19/11/09
522	;	36,9730	;	139,4349	;	20/11/09
525	;	37,3092	;	146,2679	;	23/11/09
526	;	37,5972	;	155,3343	;	24/11/09
527	;	37,8854	;	164,9874	;	25/11/09
528	;	36,9251	;	94,3899	;	26/11/09
529	;	37,3572	;	65,9919	;	27/11/09
532	;	37,2612	;	31,5935	;	30/11/09
533	;	38,2119	;	61,9948	;	01/12/09
534	;	37,8469	;	47,1958	;	02/12/09
535	;	37,7413	;	21,4366	;	03/12/09
536	;	36,8769	;	-58,3707	;	04/12/09
539	;	36,8769	;	-112,6166	;	07/12/09
540	;	36,0991	;	-197,2933	;	08/12/09
541	;	36,0991	;	-246,5546	;	09/12/09
542	;	36,2623	;	-260,1237	;	10/12/09
543	;	36,3008	;	-257,8590	;	11/12/09
546	;	36,3969	;	-241,6472	;	14/12/09
547	;	36,4930	;	-216,9178	;	15/12/09
548	;	36,3584	;	-202,3342	;	16/12/09
549	;	35,4078	;	-246,5874	;	17/12/09
550	;	35,1292	;	-281,9099	;	18/12/09
553	;	33,9897	;	-364,0879	;	21/12/09
554	;	35,0905	;	-327,5103	;	22/12/09
555	;	35,4381	;	-265,7682	;	23/12/09
560	;	35,4865	;	-209,8946	;	28/12/09
561	;	35,5348	;	-160,2357	;	29/12/09
562	;	35,4286	;	-126,5086	;	30/12/09
567	;	36,0369	;	-58,7269	;	04/01/10
568	;	35,7279	;	-31,4615	;	05/01/10
569	;	36,2107	;	19,5508	;	06/01/10
570	;	35,8727	;	30,2806	;	07/01/10
571	;	35,6795	;	24,3845	;	08/01/10
574	;	35,5638	;	13,3476	;	11/01/10
575	;	35,1099	;	-22,0419	;	12/01/10
576	;	35,0519	;	-45,4735	;	13/01/10
577	;	34,4436	;	-95,1788	;	14/01/10
578	;	34,5209	;	-114,8630	;	15/01/10
581	;	35,2933	;	-69,9704	;	18/01/10
582	;	35,1292	;	-46,6163	;	19/01/10
583	;	34,2312	;	-84,6530	;	20/01/10
584	;	33,1497	;	-170,8424	;	21/01/10
585	;	33,5552	;	-187,3139	;	22/01/10
589	;	32,7345	;	-237,0511	;	26/01/10
590	;	32,9373	;	-239,1609	;	27/01/10
591	;	33,4201	;	-192,9287	;	28/01/10
592	;	32,9951	;	-176,2630	;	29/01/10
595	;	33,1207	;	-143,4904	;	01/02/10
596	;	32,9276	;	-122,3923	;	02/02/10
597	;	32,8697	;	-100,7138	;	03/02/10
598	;	31,1894	;	-183,2110	;	04/02/10
599	;	30,4362	;	-267,0488	;	05/02/10
602	;	30,6488	;	-285,0790	;	08/02/10
603	;	31,1315	;	-243,1032	;	09/02/10
604	;	31,5178	;	-171,2826	;	10/02/10
605	;	32,2130	;	-64,3861	;	11/02/10
606	;	32,6378	;	41,8511	;	12/02/10
611	;	33,0724	;	142,5209	;	17/02/10
612	;	33,4973	;	233,5367	;	18/02/10
613	;	33,1690	;	265,1494	;	19/02/10
616	;	33,4587	;	296,6795	;	22/02/10
617	;	33,0146	;	278,9436	;	23/02/10
618	;	32,7731	;	243,6349	;	24/02/10
619	;	33,1979	;	241,0679	;	25/02/10
620	;	33,4201	;	245,7343	;	26/02/10
623	;	33,7291	;	259,5474	;	01/03/10
624	;	33,9125	;	269,9579	;	02/03/10
625	;	33,9416	;	267,0863	;	03/03/10
626	;	33,9897	;	256,7090	;	04/03/10
627	;	34,5787	;	276,0872	;	05/03/10
630	;	34,4726	;	268,0698	;	08/03/10
631	;	35,2451	;	298,8558	;	09/03/10
632	;	35,7279	;	333,0846	;	10/03/10
633	;	35,7761	;	339,1877	;	11/03/10
634	;	35,7858	;	324,0702	;	12/03/10
637	;	35,5058	;	277,3362	;	15/03/10
638	;	35,9308	;	257,5490	;	16/03/10
639	;	35,8727	;	224,2792	;	17/03/10
640	;	35,7472	;	179,5034	;	18/03/10
641	;	34,9844	;	88,7227	;	19/03/10
644	;	34,9939	;	22,9782	;	22/03/10
645	;	34,5885	;	-50,1774	;	23/03/10
646	;	34,8491	;	-81,5019	;	24/03/10
647	;	33,9897	;	-156,2415	;	25/03/10
648	;	33,3139	;	-242,1932	;	26/03/10
651	;	33,7000	;	-262,3946	;	29/03/10
652	;	33,6036	;	-270,5557	;	30/03/10
653	;	34,1733	;	-227,4846	;	31/03/10
654	;	34,5209	;	-168,3077	;	01/04/10
658	;	34,7719	;	-107,9262	;	05/04/10
659	;	34,8395	;	-61,3810	;	06/04/10
660	;	34,5692	;	-47,3448	;	07/04/10
661	;	34,5787	;	-36,5158	;	08/04/10
662	;	34,0187	;	-64,4926	;	09/04/10
665	;	33,2077	;	-131,1941	;	12/04/10
666	;	33,0146	;	-178,9553	;	13/04/10
667	;	33,0724	;	-195,9642	;	14/04/10
668	;	32,4447	;	-236,0514	;	15/04/10
669	;	31,8170	;	-287,9611	;	16/04/10
672	;	32,3965	;	-266,8489	;	19/04/10
673	;	33,1207	;	-191,2391	;	20/04/10
675	;	32,6861	;	-158,9913	;	22/04/10
676	;	33,0752	;	-102,6330	;	23/04/10
679	;	32,4039	;	-101,5464	;	26/04/10
680	;	31,2270	;	-167,2371	;	27/04/10
681	;	31,5090	;	-177,8697	;	28/04/10
682	;	32,1220	;	-131,8158	;	29/04/10
683	;	31,9078	;	-105,2926	;	30/04/10
686	;	30,6432	;	-159,1141	;	03/05/10
687	;	29,6121	;	-245,2113	;	04/05/10
688	;	29,3882	;	-294,8890	;	05/05/10
689	;	28,9992	;	-329,1112	;	06/05/10
690	;	28,9408	;	-329,9290	;	07/05/10
693	;	29,3300	;	-280,4232	;	10/05/10
694	;	28,8143	;	-259,1386	;	11/05/10
695	;	29,0868	;	-205,7109	;	12/05/10
696	;	29,1840	;	-145,7687	;	13/05/10
697	;	29,2716	;	-85,0950	;	14/05/10
700	;	29,0381	;	-47,4360	;	17/05/10
701	;	28,4253	;	-50,2688	;	18/05/10
702	;	27,7736	;	-80,6950	;	19/05/10
703	;	26,6839	;	-154,5560	;	20/05/10
704	;	26,8298	;	-172,6848	;	21/05/10
707	;	26,6044	;	-178,1478	;	24/05/10
708	;	26,0165	;	-198,0382	;	25/05/10
709	;	26,5065	;	-156,8306	;	26/05/10
710	;	27,2512	;	-62,8245	;	27/05/10
711	;	27,6334	;	36,3004	;	28/05/10
714	;	29,0052	;	196,6403	;	31/05/10
715	;	28,0744	;	239,3922	;	01/06/10
716	;	28,5153	;	293,3538	;	02/06/10
718	;	28,6622	;	331,9630	;	04/06/10
721	;	28,9268	;	365,7304	;	07/06/10
722	;	29,0641	;	385,7843	;	08/06/10
723	;	28,9562	;	379,5874	;	09/06/10
724	;	29,2992	;	385,1899	;	10/06/10
725	;	29,0249	;	357,5919	;	11/06/10
728	;	28,4663	;	291,7535	;	14/06/10
729	;	28,4172	;	237,1628	;	15/06/10
730	;	29,0542	;	235,8102	;	16/06/10
731	;	28,9268	;	218,4882	;	17/06/10
732	;	28,8975	;	197,9106	;	18/06/10
735	;	28,8093	;	172,0885	;	21/06/10
736	;	28,5252	;	131,4308	;	22/06/10
737	;	27,9274	;	63,3846	;	23/06/10
738	;	26,9377	;	-43,4523	;	24/06/10
739	;	27,3493	;	-79,4818	;	25/06/10
742	;	26,8690	;	-125,9854	;	28/06/10
743	;	26,2909	;	-182,6283	;	29/06/10
744	;	26,3203	;	-203,3826	;	30/06/10
745	;	25,9186	;	-227,6661	;	01/07/10
746	;	26,2321	;	-206,6929	;	02/07/10
749	;	26,0067	;	-192,3943	;	05/07/10
750	;	26,5065	;	-136,2354	;	06/07/10
751	;	26,8494	;	-66,5883	;	07/07/10
752	;	27,0258	;	-2,5506	;	08/07/10
756	;	26,6829	;	53,3756	;	12/07/10
757	;	26,7515	;	66,7005	;	13/07/10
758	;	26,7515	;	76,8004	;	14/07/10
759	;	26,5653	;	72,3203	;	15/07/10
760	;	26,3008	;	53,7762	;	16/07/10
763	;	26,4085	;	50,9410	;	19/07/10
764	;	27,0944	;	94,9928	;	20/07/10
765	;	26,9474	;	112,7142	;	21/07/10
766	;	27,4178	;	152,0914	;	22/07/10
767	;	27,2316	;	160,7131	;	23/07/10
770	;	27,3394	;	168,1705	;	26/07/10
771	;	27,4178	;	172,0564	;	27/07/10
772	;	27,2414	;	157,0051	;	28/07/10
773	;	27,1826	;	137,9241	;	29/07/10
774	;	27,2904	;	127,6193	;	30/07/10
777	;	28,0701	;	166,0154	;	02/08/10
778	;	28,7018	;	223,0523	;	03/08/10
779	;	28,9584	;	264,2818	;	04/08/10
780	;	29,0473	;	282,2254	;	05/08/10
781	;	28,7117	;	256,8203	;	06/08/10
784	;	28,4550	;	210,1762	;	09/08/10
785	;	28,0406	;	141,9810	;	10/08/10
786	;	27,1424	;	32,7048	;	11/08/10
787	;	27,1720	;	-37,4362	;	12/08/10
788	;	27,3003	;	-73,0690	;	13/08/10
791	;	27,2510	;	-96,2952	;	16/08/10
792	;	27,9319	;	-63,7562	;	17/08/10
793	;	27,3200	;	-80,2050	;	18/08/10
794	;	26,4318	;	-144,0840	;	19/08/10
795	;	26,4318	;	-177,2672	;	20/08/10
798	;	26,3133	;	-196,6938	;	23/08/10
799	;	25,8000	;	-231,1950	;	24/08/10
800	;	25,7409	;	-243,8360	;	25/08/10
801	;	25,3658	;	-261,6288	;	26/08/10
802	;	26,2146	;	-203,1430	;	27/08/10
805	;	25,1190	;	-223,4744	;	30/08/10
806	;	25,7211	;	-183,2595	;	31/08/10
807	;	26,6784	;	-84,1276	;	01/09/10
808	;	27,2410	;	21,6579	;	02/09/10
809	;	28,4255	;	165,8063	;	03/09/10
812	;	28,7117	;	268,6450	;	06/09/10
814	;	27,4681	;	242,0360	;	08/09/10
815	;	27,2410	;	199,9488	;	09/09/10
816	;	27,1621	;	159,4790	;	10/09/10
819	;	27,9319	;	175,8232	;	13/09/10
820	;	26,5008	;	86,0186	;	14/09/10
821	;	26,1060	;	0,4949	;	15/09/10
822	;	26,0172	;	-58,4841	;	16/09/10
823	;	26,0962	;	-86,7873	;	17/09/10
826	;	26,7476	;	-57,6698	;	20/09/10
827	;	26,0073	;	-82,7758	;	21/09/10
828	;	25,6421	;	-116,4606	;	22/09/10
829	;	26,4515	;	-78,5285	;	23/09/10
830	;	25,9580	;	-80,6628	;	24/09/10
833	;	26,1553	;	-63,4902	;	27/09/10
834	;	26,3528	;	-34,9522	;	28/09/10
835	;	27,1424	;	36,9982	;	29/09/10
836	;	26,9351	;	68,7986	;	30/09/10
837	;	27,1424	;	99,9989	;	01/10/10
840	;	27,0239	;	108,1591	;	04/10/10
841	;	26,6291	;	83,5673	;	05/10/10
842	;	25,5237	;	-5,7862	;	06/10/10
843	;	24,9710	;	-95,8290	;	07/10/10
844	;	25,6619	;	-101,8632	;	08/10/10
847	;	25,5138	;	-108,2906	;	11/10/10
849	;	25,3756	;	-113,8325	;	13/10/10
850	;	26,0962	;	-63,3860	;	14/10/10
851	;	25,9481	;	-35,8288	;	15/10/10
854	;	26,0567	;	-7,5430	;	18/10/10
855	;	24,9512	;	-57,7944	;	19/10/10
856	;	24,6650	;	-102,1555	;	20/10/10
857	;	23,8458	;	-174,3644	;	21/10/10
858	;	23,8951	;	-204,3715	;	22/10/10
861	;	24,2504	;	-186,3772	;	25/10/10
862	;	25,5138	;	-80,8618	;	26/10/10
863	;	25,8494	;	14,9906	;	27/10/10
864	;	25,9185	;	82,7125	;	28/10/10
865	;	25,5138	;	98,7300	;	29/10/10
868	;	26,1455	;	147,5440	;	01/11/10
870	;	26,7905	;	214,8352	;	03/11/10
871	;	27,2866	;	280,1882	;	04/11/10
872	;	27,0385	;	292,7106	;	05/11/10
875	;	27,3163	;	304,4085	;	08/11/10
876	;	26,9095	;	270,5668	;	09/11/10
877	;	26,9194	;	235,9734	;	10/11/10
878	;	26,5126	;	175,5787	;	11/11/10
879	;	25,6494	;	72,6230	;	12/11/10
883	;	25,2029	;	-25,1816	;	16/11/10
884	;	25,2525	;	-82,8653	;	17/11/10
885	;	25,6990	;	-86,9322	;	18/11/10
886	;	25,5005	;	-98,1058	;	19/11/10
889	;	24,8655	;	-140,8046	;	22/11/10
890	;	24,4587	;	-186,0837	;	23/11/10
891	;	25,0441	;	-166,9470	;	24/11/10
892	;	24,6571	;	-170,0376	;	25/11/10
893	;	24,4091	;	-177,7101	;	26/11/10
896	;	24,5083	;	-165,2081	;	29/11/10
897	;	24,3992	;	-153,6865	;	30/11/10
898	;	25,0640	;	-93,5892	;	01/12/10
899	;	25,2029	;	-39,6714	;	02/12/10
900	;	25,5005	;	17,9429	;	03/12/10
903	;	25,6593	;	65,8743	;	06/12/10
904	;	25,1533	;	62,5394	;	07/12/10
905	;	24,8060	;	37,3115	;	08/12/10
906	;	25,2029	;	47,1292	;	09/12/10
907	;	25,5005	;	72,0234	;	10/12/10
910	;	25,7089	;	99,0587	;	13/12/10
911	;	25,6295	;	107,4870	;	14/12/10
912	;	25,1731	;	79,5096	;	15/12/10
913	;	25,1533	;	57,8477	;	16/12/10
914	;	25,7387	;	79,7982	;	17/12/10
917	;	25,3716	;	66,9586	;	20/12/10
918	;	25,5700	;	68,8469	;	21/12/10
919	;	25,7200	;	76,7575	;	22/12/10
920	;	25,7500	;	80,0460	;	23/12/10
924	;	26,0500	;	97,3968	;	27/12/10
925	;	26,6600	;	142,2374	;	28/12/10
926	;	26,9700	;	182,4299	;	29/12/10
927	;	27,2900	;	217,8639	;	30/12/10
931	;	27,0000	;	209,0111	;	03/01/11
932	;	26,9000	;	184,4889	;	04/01/11
933	;	27,2200	;	177,9111	;	05/01/11
934	;	27,1100	;	154,9689	;	06/01/11
935	;	26,7300	;	105,4951	;	07/01/11
938	;	26,9800	;	81,8361	;	10/01/11
939	;	27,1500	;	70,4289	;	11/01/11
940	;	27,9000	;	104,0231	;	12/01/11
941	;	27,3100	;	78,4185	;	13/01/11
942	;	27,5500	;	69,7748	;	14/01/11
945	;	27,4500	;	50,3798	;	17/01/11
946	;	27,7200	;	48,7038	;	18/01/11
947	;	27,3000	;	14,1630	;	19/01/11
948	;	27,2700	;	-14,3496	;	20/01/11
949	;	27,0500	;	-49,6397	;	21/01/11
952	;	27,0000	;	-76,4318	;	24/01/11
954	;	26,8300	;	-103,9454	;	26/01/11
955	;	26,8700	;	-116,8363	;	27/01/11
956	;	26,6700	;	-134,9090	;	28/01/11
959	;	27,0900	;	-115,4472	;	31/01/11
960	;	27,6400	;	-64,9178	;	01/02/11
961	;	27,8000	;	-22,2542	;	02/02/11
962	;	28,0300	;	17,7166	;	03/02/11
963	;	27,6200	;	12,9733	;	04/02/11
966	;	27,2200	;	-18,9014	;	07/02/11
967	;	26,9600	;	-57,0411	;	08/02/11
968	;	26,1800	;	-130,2729	;	09/02/11
969	;	26,2700	;	-165,8183	;	10/02/11
970	;	26,4000	;	-172,9746	;	11/02/11
973	;	26,7500	;	-147,4997	;	14/02/11
974	;	26,9700	;	-110,7998	;	15/02/11
975	;	27,3100	;	-61,1998	;	16/02/11
976	;	27,2500	;	-31,3598	;	17/02/11
977	;	27,3700	;	-3,9678	;	18/02/11
980	;	27,4000	;	14,6658	;	21/02/11
981	;	27,7700	;	48,5326	;	22/02/11
982	;	28,7100	;	126,4261	;	23/02/11
983	;	28,3700	;	145,7809	;	24/02/11
984	;	28,6000	;	163,5847	;	25/02/11
987	;	28,5800	;	163,1878	;	28/02/11
988	;	28,2900	;	133,6702	;	01/03/11
989	;	28,9000	;	144,6162	;	02/03/11
990	;	28,9600	;	145,0530	;	03/03/11
991	;	29,0800	;	142,2824	;	04/03/11
996	;	28,5500	;	95,8259	;	09/03/11
997	;	28,1200	;	30,5807	;	10/03/11
998	;	28,1700	;	-12,4154	;	11/03/11
