-164	;	23,7073	;	-138,2242	;	03/01/08
-163	;	23,4327	;	-193,6194	;	04/01/08
-160	;	23,9903	;	-185,6155	;	07/01/08
-159	;	24,4828	;	-142,0124	;	08/01/08
-158	;	24,9189	;	-81,6899	;	09/01/08
-157	;	25,6378	;	4,2481	;	10/01/08
-156	;	24,3293	;	-27,7215	;	11/01/08
-153	;	24,2327	;	-54,4972	;	14/01/08
-152	;	23,6752	;	-105,8378	;	15/01/08
-151	;	23,6670	;	-134,6702	;	16/01/08
-150	;	23,4163	;	-163,0962	;	17/01/08
-149	;	23,0614	;	-195,9170	;	18/01/08
-146	;	21,8821	;	-282,0936	;	21/01/08
-145	;	23,1823	;	-238,1549	;	22/01/08
-144	;	22,1323	;	-264,4439	;	23/01/08
-143	;	23,7881	;	-160,1951	;	24/01/08
-139	;	23,5053	;	-102,8761	;	28/01/08
-138	;	23,9903	;	-28,7009	;	29/01/08
-137	;	24,5555	;	57,2793	;	30/01/08
-136	;	23,6267	;	50,7034	;	31/01/08
-135	;	23,4246	;	32,6427	;	01/02/08
-130	;	22,8996	;	-12,2858	;	06/02/08
-129	;	22,6170	;	-56,2286	;	07/02/08
-128	;	22,6170	;	-79,0629	;	08/02/08
-125	;	22,8189	;	-74,3703	;	11/02/08
-124	;	23,2229	;	-39,6562	;	12/02/08
-123	;	23,2309	;	-13,0850	;	13/02/08
-122	;	22,8189	;	-19,7480	;	14/02/08
-121	;	23,0614	;	-5,1584	;	15/02/08
-118	;	23,9094	;	60,5933	;	18/02/08
-117	;	24,2730	;	123,9946	;	19/02/08
-116	;	24,9515	;	202,3957	;	20/02/08
-115	;	25,6057	;	284,1566	;	21/02/08
-114	;	25,1611	;	292,8453	;	22/02/08
-111	;	24,2327	;	223,7962	;	25/02/08
-110	;	23,0235	;	91,1970	;	26/02/08
-109	;	22,8615	;	-7,6824	;	27/02/08
-108	;	22,7399	;	-77,5859	;	28/02/08
-107	;	22,8778	;	-108,9487	;	29/02/08
-104	;	22,4973	;	-147,3990	;	03/03/08
-103	;	22,0115	;	-194,6392	;	04/03/08
-102	;	22,4487	;	-185,5514	;	05/03/08
-101	;	22,0115	;	-197,0011	;	06/03/08
-100	;	21,6880	;	-213,0409	;	07/03/08
-97	;	21,4452	;	-225,4727	;	10/03/08
-96	;	21,5182	;	-214,2982	;	11/03/08
-95	;	20,8547	;	-235,4386	;	12/03/08
-94	;	20,8787	;	-231,3909	;	13/03/08
-93	;	21,4452	;	-176,5527	;	14/03/08
-90	;	20,3930	;	-195,6422	;	17/03/08
-89	;	20,8386	;	-164,0338	;	18/03/08
-88	;	20,4337	;	-156,1870	;	19/03/08
-87	;	20,1464	;	-155,8296	;	20/03/08
-83	;	20,7571	;	-102,5037	;	24/03/08
-82	;	21,1640	;	-31,6030	;	25/03/08
-81	;	20,7571	;	-5,2024	;	26/03/08
-80	;	20,0244	;	-28,8019	;	27/03/08
-79	;	19,0637	;	-97,1215	;	28/03/08
-76	;	18,8114	;	-144,4172	;	31/03/08
-75	;	20,0737	;	-79,0538	;	01/04/08
-74	;	20,5536	;	3,7970	;	02/04/08
-73	;	20,2684	;	44,3976	;	03/04/08
-72	;	20,0737	;	61,9981	;	04/04/08
-69	;	20,3092	;	91,5985	;	07/04/08
-68	;	20,4318	;	119,8388	;	08/04/08
-67	;	19,8210	;	98,5910	;	09/04/08
-66	;	19,1777	;	45,1928	;	10/04/08
-65	;	19,0474	;	7,0342	;	11/04/08
-62	;	18,4128	;	-51,7326	;	14/04/08
-61	;	18,5348	;	-72,0261	;	15/04/08
-60	;	19,8210	;	7,4191	;	16/04/08
-59	;	20,6350	;	114,9753	;	17/04/08
-58	;	20,6755	;	184,9402	;	18/04/08
-54	;	20,4318	;	209,1522	;	22/04/08
-53	;	19,9839	;	189,8818	;	23/04/08
-52	;	20,6105	;	212,4654	;	24/04/08
-51	;	21,6523	;	286,1323	;	25/04/08
-48	;	21,7748	;	328,7458	;	28/04/08
-47	;	21,4571	;	320,6766	;	29/04/08
-46	;	23,5246	;	432,8613	;	30/04/08
-44	;	24,7702	;	561,0090	;	02/05/08
-41	;	24,4202	;	589,3672	;	05/05/08
-40	;	23,5246	;	517,4938	;	06/05/08
-39	;	22,7838	;	395,2750	;	07/05/08
-38	;	23,4026	;	333,8200	;	08/05/08
-37	;	23,2394	;	262,9760	;	09/05/08
-34	;	23,5978	;	222,7008	;	12/05/08
-33	;	23,1176	;	149,6006	;	13/05/08
-32	;	23,5441	;	117,2805	;	14/05/08
-31	;	24,2006	;	126,6244	;	15/05/08
-30	;	24,5288	;	140,4195	;	16/05/08
-27	;	24,7338	;	148,0956	;	19/05/08
-26	;	24,6929	;	135,4365	;	20/05/08
-25	;	23,9135	;	63,3092	;	21/05/08
-23	;	23,2406	;	-35,6726	;	23/05/08
-20	;	23,2572	;	-102,2181	;	26/05/08
-19	;	23,8725	;	-106,4945	;	27/05/08
-18	;	25,3081	;	-18,9556	;	28/05/08
-17	;	25,4397	;	38,4355	;	29/05/08
-16	;	26,6946	;	145,3884	;	30/05/08
-13	;	25,9810	;	151,9907	;	02/06/08
-12	;	25,0209	;	79,1926	;	03/06/08
-11	;	24,7829	;	6,3141	;	04/06/08
-10	;	26,0874	;	35,6913	;	05/06/08
-9	;	25,3734	;	-1,2870	;	06/06/08
-6	;	24,9801	;	-57,4296	;	09/06/08
-5	;	24,8569	;	-105,3037	;	10/06/08
-4	;	24,3648	;	-168,8030	;	11/06/08
-3	;	24,2909	;	-211,6824	;	12/06/08
-2	;	23,6264	;	-276,5459	;	13/06/08
1	;	24,1185	;	-277,3967	;	16/06/08
2	;	24,4057	;	-250,5574	;	17/06/08
3	;	23,3802	;	-290,9259	;	18/06/08
4	;	23,3802	;	-305,1407	;	19/06/08
5	;	22,4861	;	-358,6726	;	20/06/08
8	;	22,1825	;	-395,4981	;	23/06/08
9	;	22,2424	;	-395,8385	;	24/06/08
10	;	23,3807	;	-303,6308	;	25/06/08
11	;	22,4814	;	-287,4646	;	26/06/08
12	;	22,0529	;	-289,1717	;	27/06/08
15	;	21,5664	;	-305,0174	;	30/06/08
16	;	20,3293	;	-376,1739	;	01/07/08
17	;	19,7931	;	-432,6191	;	02/07/08
18	;	19,4796	;	-461,6953	;	03/07/08
19	;	19,6281	;	-441,5162	;	04/07/08
22	;	19,0263	;	-438,4930	;	07/07/08
23	;	19,9992	;	-344,7944	;	08/07/08
25	;	19,9581	;	-263,1155	;	10/07/08
26	;	19,6281	;	-211,1324	;	11/07/08
29	;	19,9168	;	-140,5059	;	14/07/08
30	;	20,1228	;	-66,8047	;	15/07/08
31	;	20,9144	;	42,3962	;	16/07/08
32	;	20,2961	;	78,1570	;	17/07/08
33	;	20,5764	;	123,0856	;	18/07/08
36	;	20,6344	;	157,0285	;	21/07/08
37	;	19,7931	;	124,5028	;	22/07/08
38	;	20,4530	;	147,5222	;	23/07/08
39	;	20,3951	;	158,0178	;	24/07/08
40	;	19,9992	;	138,2542	;	25/07/08
43	;	19,0263	;	63,2434	;	28/07/08
44	;	20,1228	;	89,6347	;	29/07/08
45	;	20,8486	;	154,2678	;	30/07/08
46	;	20,7004	;	183,3342	;	31/07/08
47	;	19,6362	;	129,7874	;	01/08/08
50	;	18,6220	;	30,0699	;	04/08/08
51	;	18,9686	;	-6,5041	;	05/08/08
52	;	19,9168	;	36,7967	;	06/08/08
53	;	19,6281	;	48,7974	;	07/08/08
54	;	19,2984	;	37,9179	;	08/08/08
57	;	18,6139	;	-9,5057	;	11/08/08
58	;	17,9788	;	-74,1646	;	12/08/08
59	;	17,4838	;	-137,1717	;	13/08/08
60	;	17,9788	;	-132,2174	;	14/08/08
61	;	18,3827	;	-90,5739	;	15/08/08
64	;	18,4984	;	-46,2191	;	18/08/08
65	;	18,4071	;	-15,6153	;	19/08/08
66	;	18,7803	;	34,3878	;	20/08/08
67	;	19,3190	;	104,5502	;	21/08/08
68	;	19,4933	;	160,0402	;	22/08/08
71	;	18,8879	;	153,3122	;	25/08/08
72	;	18,4071	;	115,6098	;	26/08/08
73	;	19,4022	;	154,3278	;	27/08/08
74	;	20,0652	;	217,3822	;	28/08/08
75	;	19,7252	;	227,9058	;	29/08/08
78	;	19,1780	;	191,2846	;	01/09/08
79	;	19,3522	;	172,5477	;	02/09/08
80	;	19,1532	;	141,7982	;	03/09/08
81	;	18,5727	;	80,3986	;	04/09/08
82	;	18,6558	;	45,1989	;	05/09/08
85	;	18,1999	;	-6,1609	;	08/09/08
86	;	17,8186	;	-60,2887	;	09/09/08
87	;	18,4405	;	-49,0310	;	10/09/08
88	;	18,7388	;	-17,9448	;	11/09/08
89	;	18,6144	;	-2,9958	;	12/09/08
92	;	16,9643	;	-96,3166	;	15/09/08
93	;	18,1004	;	-74,5733	;	16/09/08
94	;	16,4999	;	-156,3786	;	17/09/08
95	;	17,4124	;	-138,0629	;	18/09/08
96	;	19,0539	;	-11,0903	;	19/09/08
99	;	18,2412	;	20,7278	;	22/09/08
100	;	18,4819	;	58,4222	;	23/09/08
101	;	18,5401	;	86,0978	;	24/09/08
102	;	19,0409	;	134,0782	;	25/09/08
103	;	18,9993	;	157,2626	;	26/09/08
106	;	17,0952	;	44,5301	;	29/09/08
107	;	18,9993	;	95,4641	;	30/09/08
108	;	18,7904	;	111,1713	;	01/10/08
109	;	16,9533	;	-0,1030	;	02/10/08
110	;	15,8675	;	-137,2824	;	03/10/08
113	;	14,7233	;	-286,8659	;	06/10/08
114	;	13,8632	;	-417,5727	;	07/10/08
115	;	13,2786	;	-511,0182	;	08/10/08
116	;	12,2348	;	-604,4946	;	09/10/08
117	;	11,6918	;	-659,6757	;	10/10/08
120	;	14,1139	;	-497,2606	;	13/10/08
121	;	15,0240	;	-302,2885	;	14/10/08
122	;	13,4538	;	-254,7108	;	15/10/08
123	;	12,8193	;	-241,6886	;	16/10/08
124	;	12,6021	;	-223,9109	;	17/10/08
127	;	13,8632	;	-109,2087	;	20/10/08
128	;	13,6961	;	-30,7270	;	21/10/08
129	;	11,5916	;	-102,5016	;	22/10/08
130	;	10,9318	;	-172,4013	;	23/10/08
131	;	10,6477	;	-212,9610	;	24/10/08
134	;	9,7712	;	-270,3688	;	27/10/08
135	;	11,0655	;	-196,2150	;	28/10/08
136	;	11,6918	;	-85,6120	;	29/10/08
137	;	12,2428	;	37,3504	;	30/10/08
138	;	12,3350	;	132,2803	;	31/10/08
141	;	11,9590	;	174,5442	;	03/11/08
142	;	13,8296	;	324,5154	;	04/11/08
143	;	13,4039	;	386,8123	;	05/11/08
144	;	12,5270	;	361,2898	;	06/11/08
145	;	12,7776	;	353,1118	;	07/11/08
148	;	12,0342	;	292,0094	;	10/11/08
149	;	11,8923	;	238,7275	;	11/11/08
150	;	11,0154	;	145,6220	;	12/11/08
151	;	11,7752	;	136,5776	;	13/11/08
152	;	11,7535	;	130,5421	;	14/11/08
155	;	11,8884	;	136,3537	;	17/11/08
156	;	11,2981	;	102,6830	;	18/11/08
157	;	11,2308	;	79,2664	;	19/11/08
159	;	9,6204	;	-35,2269	;	21/11/08
162	;	10,5392	;	-39,3815	;	24/11/08
163	;	10,8597	;	-12,1452	;	25/11/08
164	;	11,8800	;	78,0438	;	26/11/08
165	;	11,9306	;	140,8350	;	27/11/08
166	;	12,0568	;	187,7080	;	28/11/08
169	;	12,0568	;	213,6064	;	01/12/08
170	;	12,0149	;	221,9251	;	02/12/08
171	;	12,0568	;	223,5401	;	03/12/08
172	;	12,3099	;	233,8721	;	04/12/08
173	;	13,2794	;	294,2977	;	05/12/08
176	;	14,4770	;	396,9582	;	08/12/08
177	;	14,2915	;	431,4066	;	09/12/08
178	;	13,7434	;	397,2053	;	10/12/08
179	;	13,1531	;	318,0842	;	11/12/08
180	;	13,1952	;	254,7074	;	12/12/08
183	;	12,5629	;	160,8059	;	15/12/08
184	;	13,1952	;	133,2047	;	16/12/08
185	;	12,8581	;	86,3238	;	17/12/08
186	;	12,9424	;	56,4990	;	18/12/08
187	;	12,8157	;	25,2792	;	19/12/08
190	;	12,6892	;	-5,1366	;	22/12/08
191	;	11,9310	;	-73,7093	;	23/12/08
194	;	11,9310	;	-114,1674	;	26/12/08
197	;	11,9310	;	-134,5339	;	29/12/08
198	;	12,5104	;	-103,9471	;	30/12/08
201	;	12,7829	;	-62,4377	;	02/01/09
204	;	13,0219	;	-18,2702	;	05/01/09
205	;	13,7376	;	55,7838	;	06/01/09
206	;	13,4308	;	79,2670	;	07/01/09
207	;	13,1240	;	69,6536	;	08/01/09
208	;	13,5331	;	85,3229	;	09/01/09
211	;	13,4222	;	82,5783	;	12/01/09
212	;	12,8938	;	41,6626	;	13/01/09
213	;	12,0246	;	-42,8299	;	14/01/09
214	;	12,7829	;	-46,2639	;	15/01/09
215	;	12,2716	;	-79,6511	;	16/01/09
218	;	12,3060	;	-95,0809	;	19/01/09
219	;	11,4622	;	-154,3047	;	20/01/09
220	;	11,7178	;	-167,2838	;	21/01/09
221	;	11,5474	;	-177,4270	;	22/01/09
222	;	11,3343	;	-187,6216	;	23/01/09
225	;	12,0246	;	-139,2173	;	26/01/09
226	;	12,2291	;	-87,2138	;	27/01/09
227	;	12,5362	;	-28,9710	;	28/01/09
228	;	12,0587	;	-19,9768	;	29/01/09
229	;	12,1013	;	-9,0214	;	30/01/09
232	;	11,7265	;	-24,0171	;	02/02/09
233	;	12,0844	;	-7,6937	;	03/02/09
234	;	11,8969	;	-7,3550	;	04/02/09
235	;	12,2716	;	18,8360	;	05/02/09
236	;	12,4253	;	45,7088	;	06/02/09
239	;	12,1864	;	46,4070	;	09/02/09
240	;	12,0502	;	37,1256	;	10/02/09
241	;	12,2122	;	40,9805	;	11/02/09
242	;	11,8883	;	21,9044	;	12/02/09
243	;	12,1271	;	25,1235	;	13/02/09
246	;	12,0502	;	22,0188	;	16/02/09
247	;	11,6326	;	-6,6250	;	17/02/09
248	;	11,5133	;	-30,8200	;	18/02/09
249	;	11,7605	;	-27,3760	;	19/02/09
250	;	11,8862	;	-14,5408	;	20/02/09
255	;	12,1129	;	9,9674	;	25/02/09
256	;	12,2088	;	32,2139	;	26/02/09
257	;	12,0693	;	36,7311	;	27/02/09
260	;	11,4158	;	-3,0151	;	02/03/09
261	;	11,5726	;	-16,6521	;	03/03/09
262	;	12,0693	;	8,4383	;	04/03/09
263	;	11,5986	;	-5,1694	;	05/03/09
264	;	11,8252	;	2,1045	;	06/03/09
267	;	11,7207	;	0,9636	;	09/03/09
268	;	12,2262	;	33,6509	;	10/03/09
269	;	12,3131	;	58,9207	;	11/03/09
270	;	12,4616	;	82,0166	;	12/03/09
271	;	12,7141	;	109,0533	;	13/03/09
274	;	12,6793	;	118,4426	;	16/03/09
275	;	13,0539	;	142,2741	;	17/03/09
276	;	13,5158	;	179,0993	;	18/03/09
277	;	13,7684	;	208,3994	;	19/03/09
278	;	13,5072	;	198,0795	;	20/03/09
281	;	14,4657	;	240,9436	;	23/03/09
282	;	14,0734	;	228,1149	;	24/03/09
283	;	14,0909	;	206,7319	;	25/03/09
284	;	14,5577	;	209,3055	;	26/03/09
285	;	14,9717	;	222,8844	;	27/03/09
288	;	14,7074	;	198,8675	;	30/03/09
289	;	14,8571	;	178,3740	;	31/03/09
290	;	15,6409	;	201,4192	;	01/04/09
291	;	16,0548	;	226,4154	;	02/04/09
292	;	16,8210	;	273,2923	;	03/04/09
295	;	16,7329	;	276,2338	;	06/04/09
296	;	16,6361	;	250,3470	;	07/04/09
297	;	15,2798	;	126,7576	;	08/04/09
298	;	14,8483	;	7,1661	;	09/04/09
299	;	14,8483	;	-76,1071	;	10/04/09
302	;	14,8748	;	-130,4057	;	13/04/09
303	;	15,0861	;	-151,6046	;	14/04/09
304	;	15,4120	;	-143,2837	;	15/04/09
305	;	16,1605	;	-89,5870	;	16/04/09
306	;	16,2132	;	-54,4696	;	17/04/09
309	;	15,8522	;	-59,1757	;	20/04/09
311	;	15,6763	;	-76,5406	;	22/04/09
312	;	16,3982	;	-43,5525	;	23/04/09
313	;	16,3806	;	-27,8020	;	24/04/09
316	;	15,9581	;	-49,4416	;	27/04/09
317	;	16,1692	;	-52,8333	;	28/04/09
318	;	16,8210	;	-16,3466	;	29/04/09
319	;	16,2571	;	-34,3573	;	30/04/09
323	;	17,0320	;	-0,1258	;	04/05/09
324	;	17,2174	;	27,5794	;	05/05/09
325	;	18,5471	;	122,6235	;	06/05/09
326	;	17,6137	;	110,1788	;	07/05/09
327	;	17,9042	;	108,8630	;	08/05/09
330	;	17,9394	;	98,0504	;	11/05/09
331	;	17,5256	;	53,0003	;	12/05/09
332	;	17,0412	;	-15,7598	;	13/05/09
333	;	17,7855	;	-17,3278	;	14/05/09
334	;	17,4581	;	-45,1422	;	15/05/09
337	;	18,3602	;	-9,3138	;	18/05/09
338	;	18,6167	;	23,4290	;	19/05/09
339	;	18,2631	;	13,4632	;	20/05/09
340	;	17,9976	;	-17,2294	;	21/05/09
341	;	17,8651	;	-50,6635	;	22/05/09
344	;	17,8651	;	-75,5708	;	25/05/09
345	;	18,6078	;	-46,2166	;	26/05/09
346	;	18,5725	;	-34,0133	;	27/05/09
347	;	19,0589	;	0,3094	;	28/05/09
348	;	18,7143	;	-6,3925	;	29/05/09
351	;	19,0766	;	6,6460	;	01/06/09
352	;	19,5454	;	38,1168	;	02/06/09
353	;	18,9086	;	8,8934	;	03/06/09
354	;	19,7667	;	38,5547	;	04/06/09
355	;	19,2800	;	17,6438	;	05/06/09
358	;	19,6248	;	19,1550	;	08/06/09
359	;	19,3242	;	-6,5960	;	09/06/09
360	;	19,5013	;	-17,5968	;	10/06/09
362	;	19,5454	;	-27,1174	;	12/06/09
365	;	18,9263	;	-77,6139	;	15/06/09
366	;	18,5725	;	-134,0111	;	16/06/09
367	;	18,5285	;	-171,0489	;	17/06/09
368	;	18,1302	;	-216,2791	;	18/06/09
369	;	18,5725	;	-210,0633	;	19/06/09
372	;	18,0595	;	-232,4506	;	22/06/09
373	;	18,0754	;	-237,3205	;	23/06/09
374	;	17,8880	;	-243,2964	;	24/06/09
375	;	19,0032	;	-166,0771	;	25/06/09
376	;	18,9139	;	-117,1817	;	26/06/09
379	;	19,0210	;	-75,8254	;	29/06/09
380	;	18,8961	;	-56,0203	;	30/06/09
381	;	19,0479	;	-32,9762	;	01/07/09
382	;	19,4493	;	6,8990	;	02/07/09
383	;	19,4493	;	29,5992	;	03/07/09
386	;	19,5384	;	45,9994	;	06/07/09
387	;	19,3424	;	39,2795	;	07/07/09
388	;	18,7355	;	-7,9364	;	08/07/09
389	;	18,7355	;	-39,2291	;	09/07/09
390	;	18,3789	;	-81,6233	;	10/07/09
393	;	18,3789	;	-105,8586	;	13/07/09
394	;	18,3789	;	-117,0869	;	14/07/09
395	;	19,2174	;	-65,8295	;	15/07/09
396	;	19,2174	;	-31,5436	;	16/07/09
397	;	19,2710	;	-6,1149	;	17/07/09
400	;	19,5832	;	28,9481	;	20/07/09
401	;	19,8241	;	63,6385	;	21/07/09
402	;	19,7527	;	76,0308	;	22/07/09
403	;	20,2523	;	110,1846	;	23/07/09
404	;	20,6983	;	152,5477	;	24/07/09
407	;	20,7875	;	174,6782	;	27/07/09
408	;	21,0107	;	191,1026	;	28/07/09
409	;	20,6539	;	165,6821	;	29/07/09
410	;	21,2070	;	172,9457	;	30/07/09
411	;	21,0909	;	157,3166	;	31/07/09
414	;	21,4924	;	160,8133	;	03/08/09
415	;	21,9206	;	177,4506	;	04/08/09
416	;	22,6521	;	220,4405	;	05/08/09
417	;	21,7690	;	174,0324	;	06/08/09
418	;	21,8583	;	135,8659	;	07/08/09
421	;	21,9477	;	104,4527	;	10/08/09
422	;	22,0366	;	78,6022	;	11/08/09
423	;	22,1617	;	59,8418	;	12/08/09
424	;	22,6881	;	71,9534	;	13/08/09
425	;	22,5713	;	61,4827	;	14/08/09
428	;	21,9149	;	2,8662	;	17/08/09
429	;	22,4274	;	-8,2670	;	18/08/09
430	;	22,7421	;	-1,5736	;	19/08/09
431	;	23,0477	;	15,3011	;	20/08/09
432	;	23,0477	;	18,0809	;	21/08/09
435	;	23,0566	;	12,4647	;	24/08/09
436	;	23,2993	;	16,7718	;	25/08/09
437	;	23,6409	;	33,3374	;	26/08/09
438	;	23,8207	;	46,3499	;	27/08/09
439	;	23,9286	;	51,7199	;	28/08/09
442	;	23,5150	;	18,6559	;	31/08/09
443	;	23,1466	;	-33,9553	;	01/09/09
444	;	22,9307	;	-86,2842	;	02/09/09
445	;	23,1736	;	-106,1474	;	03/09/09
446	;	23,8654	;	-75,7179	;	04/09/09
450	;	24,2613	;	-34,1743	;	08/09/09
451	;	24,6656	;	12,8206	;	09/09/09
452	;	24,8994	;	49,9365	;	10/09/09
453	;	24,7825	;	56,3492	;	11/09/09
456	;	25,3489	;	86,5994	;	14/09/09
457	;	25,9241	;	130,6395	;	15/09/09
458	;	26,2928	;	167,5516	;	16/09/09
459	;	26,6074	;	194,2013	;	17/09/09
460	;	26,7961	;	204,5610	;	18/09/09
463	;	26,5175	;	173,8888	;	21/09/09
464	;	27,0380	;	169,6710	;	22/09/09
465	;	26,4680	;	112,2968	;	23/09/09
466	;	26,3231	;	51,5174	;	24/09/09
467	;	26,7033	;	25,1339	;	25/09/09
470	;	27,1374	;	25,0671	;	28/09/09
471	;	27,6531	;	46,6937	;	29/09/09
472	;	28,2501	;	85,8350	;	30/09/09
473	;	27,7255	;	62,1080	;	01/10/09
474	;	27,4269	;	14,5664	;	02/10/09
477	;	27,9065	;	4,1331	;	05/10/09
478	;	27,5446	;	-36,1335	;	06/10/09
479	;	26,8660	;	-113,1468	;	07/10/09
480	;	27,3636	;	-133,7974	;	08/10/09
481	;	27,9337	;	-113,1179	;	09/10/09
484	;	27,9337	;	-103,7743	;	12/10/09
485	;	28,4038	;	-71,8194	;	13/10/09
486	;	29,3084	;	0,5445	;	14/10/09
487	;	28,9918	;	16,5156	;	15/10/09
488	;	28,2592	;	-30,2275	;	16/10/09
491	;	28,3947	;	-58,4220	;	19/10/09
492	;	27,5264	;	-137,3776	;	20/10/09
493	;	27,5446	;	-187,1821	;	21/10/09
494	;	28,0871	;	-182,2257	;	22/10/09
495	;	27,4992	;	-214,9006	;	23/10/09
498	;	27,2007	;	-250,4805	;	26/10/09
499	;	26,3231	;	-322,4644	;	27/10/09
500	;	24,5143	;	-472,1315	;	28/10/09
501	;	26,3686	;	-427,7852	;	29/10/09
502	;	25,5181	;	-435,7482	;	30/10/09
506	;	26,3052	;	-370,6786	;	03/11/09
507	;	27,0923	;	-262,3029	;	04/11/09
508	;	27,0923	;	-182,2423	;	05/11/09
509	;	26,8207	;	-140,9938	;	06/11/09
512	;	27,9514	;	-36,3150	;	09/11/09
513	;	28,2592	;	50,0680	;	10/11/09
514	;	28,1505	;	93,8144	;	11/11/09
515	;	28,1053	;	112,4115	;	12/11/09
516	;	29,0613	;	177,9292	;	13/11/09
519	;	28,9709	;	202,1034	;	16/11/09
520	;	28,9709	;	204,4827	;	17/11/09
521	;	28,0625	;	134,7062	;	18/11/09
522	;	27,8354	;	66,4850	;	19/11/09
523	;	27,8354	;	17,1080	;	20/11/09
526	;	28,0446	;	-4,4736	;	23/11/09
527	;	27,9718	;	-25,5789	;	24/11/09
528	;	27,9988	;	-38,7831	;	25/11/09
529	;	27,4177	;	-85,1065	;	26/11/09
530	;	27,9535	;	-78,2452	;	27/11/09
533	;	28,0625	;	-65,4762	;	30/11/09
534	;	27,9082	;	-66,3810	;	01/12/09
535	;	27,6085	;	-84,8648	;	02/12/09
536	;	27,6993	;	-88,2918	;	03/12/09
537	;	27,5267	;	-98,7134	;	04/12/09
540	;	28,2442	;	-56,0107	;	07/12/09
541	;	28,0625	;	-39,4486	;	08/12/09
542	;	27,8536	;	-41,7989	;	09/12/09
543	;	27,8717	;	-41,3591	;	10/12/09
544	;	27,9535	;	-34,8473	;	11/12/09
547	;	28,1533	;	-17,4778	;	14/12/09
548	;	28,1533	;	-6,7822	;	15/12/09
549	;	27,8354	;	-21,1058	;	16/12/09
550	;	26,7456	;	-99,6846	;	17/12/09
551	;	26,8820	;	-135,9077	;	18/12/09
554	;	26,5187	;	-175,2062	;	21/12/09
555	;	26,4604	;	-194,4850	;	22/12/09
556	;	26,5152	;	-192,5480	;	23/12/09
561	;	26,5152	;	-180,5184	;	28/12/09
562	;	26,4604	;	-165,9347	;	29/12/09
563	;	27,1458	;	-102,8278	;	30/12/09
568	;	27,3287	;	-44,5022	;	04/01/10
569	;	27,0545	;	-21,2018	;	05/01/10
570	;	27,0911	;	-1,2814	;	06/01/10
571	;	27,1000	;	13,6949	;	07/01/10
572	;	27,2555	;	34,2359	;	08/01/10
575	;	27,4659	;	60,5887	;	11/01/10
576	;	27,2373	;	60,9510	;	12/01/10
577	;	27,5845	;	81,6408	;	13/01/10
578	;	27,1916	;	66,5926	;	14/01/10
579	;	26,7346	;	25,6741	;	15/01/10
582	;	26,7437	;	0,3793	;	18/01/10
583	;	27,1916	;	14,2234	;	19/01/10
584	;	26,3781	;	-28,7013	;	20/01/10
585	;	25,9484	;	-80,3210	;	21/01/10
586	;	26,0857	;	-98,4168	;	22/01/10
590	;	25,3818	;	-148,0134	;	26/01/10
591	;	25,1807	;	-182,2507	;	27/01/10
592	;	25,2263	;	-188,9206	;	28/01/10
593	;	25,6834	;	-151,2965	;	29/01/10
596	;	27,4202	;	-5,8372	;	01/02/10
597	;	27,9686	;	123,8102	;	02/02/10
598	;	27,2828	;	157,6082	;	03/02/10
599	;	26,7803	;	140,8866	;	04/02/10
600	;	25,5008	;	43,5093	;	05/02/10
603	;	25,8204	;	2,6474	;	08/02/10
604	;	27,1093	;	61,2379	;	09/02/10
605	;	27,7856	;	139,7903	;	10/02/10
606	;	28,3523	;	219,4322	;	11/02/10
607	;	27,8771	;	228,5858	;	12/02/10
612	;	27,7675	;	215,9086	;	17/02/10
613	;	28,0142	;	212,4869	;	18/02/10
614	;	28,0690	;	202,2295	;	19/02/10
617	;	27,9686	;	177,9436	;	22/02/10
618	;	27,5845	;	127,5549	;	23/02/10
619	;	27,8315	;	103,4839	;	24/02/10
620	;	27,8534	;	82,6271	;	25/02/10
621	;	28,0768	;	77,4617	;	26/02/10
624	;	28,2939	;	81,8094	;	01/03/10
625	;	27,9448	;	55,6075	;	02/03/10
626	;	27,7466	;	21,1260	;	03/03/10
627	;	27,7279	;	-5,3392	;	04/03/10
628	;	28,1051	;	-0,1114	;	05/03/10
631	;	27,7089	;	-24,6491	;	08/03/10
632	;	28,1994	;	-9,8793	;	09/03/10
633	;	28,4824	;	15,5366	;	10/03/10
634	;	28,4447	;	25,7093	;	11/03/10
635	;	28,1994	;	12,5674	;	12/03/10
638	;	28,3031	;	7,6539	;	15/03/10
639	;	28,5295	;	16,1231	;	16/03/10
640	;	28,3785	;	8,2585	;	17/03/10
641	;	28,1428	;	-14,7532	;	18/03/10
642	;	27,8221	;	-51,4826	;	19/03/10
645	;	27,9448	;	-66,4661	;	22/03/10
646	;	27,8221	;	-82,5329	;	23/03/10
647	;	27,8143	;	-90,9063	;	24/03/10
648	;	27,9188	;	-86,7250	;	25/03/10
649	;	28,0611	;	-72,1800	;	26/03/10
652	;	28,2511	;	-48,7840	;	29/03/10
653	;	28,2132	;	-35,4272	;	30/03/10
654	;	28,3460	;	-18,1018	;	31/03/10
655	;	28,2986	;	-10,7214	;	01/04/10
659	;	28,4886	;	5,2629	;	05/04/10
660	;	28,5266	;	16,0503	;	06/04/10
661	;	28,4789	;	17,5602	;	07/04/10
662	;	29,2198	;	63,4882	;	08/04/10
663	;	29,4381	;	101,2706	;	09/04/10
666	;	29,5332	;	123,9765	;	12/04/10
667	;	29,2957	;	114,4612	;	13/04/10
668	;	29,0107	;	81,9690	;	14/04/10
669	;	29,3432	;	76,0552	;	15/04/10
670	;	28,9633	;	41,4042	;	16/04/10
673	;	28,6310	;	-6,4766	;	19/04/10
674	;	28,4315	;	-51,6613	;	20/04/10
676	;	28,1752	;	-96,3690	;	22/04/10
677	;	28,3460	;	-110,8552	;	23/04/10
680	;	28,3175	;	-118,1242	;	26/04/10
681	;	27,3964	;	-177,1394	;	27/04/10
682	;	27,9569	;	-170,6715	;	28/04/10
683	;	28,4886	;	-124,7772	;	29/04/10
684	;	28,4789	;	-90,9418	;	30/04/10
687	;	28,0231	;	-94,6734	;	03/05/10
688	;	26,6463	;	-180,3787	;	04/05/10
689	;	26,8076	;	-214,3030	;	05/05/10
690	;	26,3994	;	-249,9224	;	06/05/10
691	;	26,2285	;	-268,9779	;	07/05/10
694	;	27,0641	;	-211,8223	;	10/05/10
695	;	26,4942	;	-199,1378	;	11/05/10
696	;	26,4563	;	-180,5102	;	12/05/10
697	;	26,1241	;	-177,6082	;	13/05/10
698	;	25,3073	;	-215,2066	;	14/05/10
701	;	25,8296	;	-190,1653	;	17/05/10
702	;	25,5352	;	-179,0122	;	18/05/10
703	;	24,6520	;	-214,1698	;	19/05/10
704	;	24,0253	;	-259,7358	;	20/05/10
705	;	24,8610	;	-215,5486	;	21/05/10
708	;	24,6387	;	-184,4389	;	24/05/10
709	;	24,5905	;	-151,6311	;	25/05/10
710	;	24,8602	;	-98,8249	;	26/05/10
711	;	25,4865	;	-13,2199	;	27/05/10
712	;	24,9470	;	14,0641	;	28/05/10
715	;	25,0338	;	43,2513	;	31/05/10
716	;	24,7350	;	47,4810	;	01/06/10
717	;	25,7371	;	118,6248	;	02/06/10
719	;	25,8528	;	171,2198	;	04/06/10
722	;	25,4385	;	175,2158	;	07/06/10
723	;	25,5829	;	183,8526	;	08/06/10
724	;	25,2939	;	166,7621	;	09/06/10
725	;	25,7852	;	183,9697	;	10/06/10
726	;	25,9202	;	198,5358	;	11/06/10
729	;	26,4983	;	238,5086	;	14/06/10
730	;	26,2286	;	237,6869	;	15/06/10
731	;	26,3924	;	238,3895	;	16/06/10
732	;	26,2479	;	219,9116	;	17/06/10
733	;	26,2286	;	197,8493	;	18/06/10
736	;	27,1631	;	234,9994	;	21/06/10
737	;	27,2210	;	250,9595	;	22/06/10
738	;	26,7006	;	215,3276	;	23/06/10
739	;	26,3731	;	160,9821	;	24/06/10
740	;	26,1129	;	101,6657	;	25/06/10
743	;	25,6310	;	27,9726	;	28/06/10
744	;	24,5711	;	-87,7819	;	29/06/10
745	;	23,7522	;	-208,3055	;	30/06/10
746	;	25,2071	;	-179,8444	;	01/07/10
747	;	25,5347	;	-131,0755	;	02/07/10
750	;	25,3421	;	-104,9404	;	05/07/10
751	;	25,9685	;	-41,9523	;	06/07/10
752	;	26,7393	;	50,1982	;	07/07/10
753	;	26,6815	;	102,7186	;	08/07/10
757	;	26,7779	;	137,2949	;	12/07/10
758	;	27,4040	;	192,3959	;	13/07/10
759	;	27,2595	;	207,7567	;	14/07/10
760	;	27,6835	;	233,2454	;	15/07/10
761	;	26,8934	;	185,7163	;	16/07/10
764	;	27,1728	;	162,6530	;	19/07/10
765	;	27,0765	;	131,8824	;	20/07/10
766	;	27,2307	;	113,5859	;	21/07/10
767	;	28,0209	;	144,3887	;	22/07/10
768	;	28,4062	;	178,2310	;	23/07/10
771	;	27,9919	;	160,6648	;	26/07/10
772	;	27,6548	;	116,3718	;	27/07/10
773	;	28,8109	;	152,7774	;	28/07/10
774	;	28,8109	;	163,6619	;	29/07/10
775	;	29,4276	;	197,0095	;	30/07/10
778	;	29,3505	;	197,9276	;	02/08/10
779	;	28,5219	;	130,0221	;	03/08/10
780	;	28,2328	;	56,6577	;	04/08/10
781	;	28,9073	;	45,1662	;	05/08/10
782	;	29,2349	;	50,7730	;	06/08/10
785	;	29,5818	;	67,9784	;	09/08/10
786	;	29,2059	;	45,1827	;	10/08/10
787	;	28,6182	;	-15,0538	;	11/08/10
788	;	29,2446	;	-18,1230	;	12/08/10
789	;	29,3313	;	-19,5384	;	13/08/10
792	;	29,1964	;	-34,0307	;	16/08/10
793	;	29,0518	;	-56,4246	;	17/08/10
794	;	28,8302	;	-87,4597	;	18/08/10
795	;	28,3260	;	-140,0478	;	19/08/10
796	;	28,7432	;	-144,2782	;	20/08/10
799	;	28,5199	;	-158,6226	;	23/08/10
800	;	28,1222	;	-189,2181	;	24/08/10
801	;	28,1222	;	-202,6545	;	25/08/10
802	;	27,3559	;	-253,0036	;	26/08/10
803	;	27,4043	;	-271,2829	;	27/08/10
806	;	26,8611	;	-305,6663	;	30/08/10
807	;	27,6276	;	-263,9730	;	31/08/10
808	;	28,5685	;	-165,1784	;	01/09/10
809	;	28,0835	;	-126,3027	;	02/09/10
810	;	27,6371	;	-124,4022	;	03/09/10
813	;	27,3849	;	-133,0418	;	06/09/10
815	;	27,4140	;	-129,5534	;	08/09/10
816	;	27,4237	;	-119,4827	;	09/09/10
817	;	27,1618	;	-123,0262	;	10/09/10
820	;	28,1320	;	-55,9410	;	13/09/10
821	;	28,4715	;	11,7272	;	14/09/10
822	;	28,7236	;	70,5818	;	15/09/10
823	;	28,6170	;	97,9054	;	16/09/10
824	;	28,2871	;	89,5243	;	17/09/10
827	;	28,8981	;	118,9794	;	20/09/10
828	;	29,1019	;	144,3835	;	21/09/10
829	;	29,4901	;	177,2668	;	22/09/10
830	;	30,2580	;	237,0934	;	23/09/10
831	;	29,6225	;	220,4747	;	24/09/10
834	;	30,2091	;	234,3798	;	27/09/10
835	;	30,3069	;	234,8638	;	28/09/10
836	;	30,8739	;	256,3710	;	29/09/10
837	;	31,4116	;	287,4168	;	30/09/10
838	;	31,9884	;	324,7334	;	01/10/10
841	;	32,1547	;	337,0667	;	04/10/10
842	;	32,4283	;	339,0934	;	05/10/10
843	;	32,3111	;	308,9547	;	06/10/10
844	;	31,8809	;	239,5638	;	07/10/10
845	;	32,5066	;	215,8910	;	08/10/10
848	;	32,6532	;	191,1928	;	11/10/10
850	;	34,0709	;	247,7542	;	13/10/10
851	;	33,5625	;	228,8434	;	14/10/10
852	;	34,0218	;	224,8347	;	15/10/10
855	;	33,7287	;	181,8678	;	18/10/10
856	;	33,1518	;	98,2142	;	19/10/10
857	;	33,6308	;	60,5714	;	20/10/10
858	;	32,7705	;	-31,7829	;	21/10/10
859	;	32,8194	;	-95,6663	;	22/10/10
862	;	32,9954	;	-129,8930	;	25/10/10
863	;	33,3375	;	-132,8744	;	26/10/10
864	;	33,0932	;	-153,1795	;	27/10/10
865	;	32,6043	;	-198,6236	;	28/10/10
866	;	32,3600	;	-241,3789	;	29/10/10
869	;	32,9270	;	-227,8231	;	01/11/10
871	;	33,3474	;	-188,5785	;	03/11/10
872	;	34,1978	;	-107,4228	;	04/11/10
873	;	34,0512	;	-67,5382	;	05/11/10
876	;	33,8947	;	-56,1106	;	08/11/10
877	;	33,0835	;	-104,8085	;	09/11/10
878	;	33,0541	;	-138,4868	;	10/11/10
879	;	32,9662	;	-164,5494	;	11/11/10
880	;	33,0932	;	-170,1995	;	12/11/10
884	;	33,1421	;	-167,4396	;	16/11/10
885	;	33,0443	;	-168,5117	;	17/11/10
886	;	33,4745	;	-137,7694	;	18/11/10
887	;	33,5332	;	-112,2155	;	19/11/10
890	;	33,0443	;	-125,9324	;	22/11/10
891	;	31,6896	;	-218,5059	;	23/11/10
892	;	32,1215	;	-241,1247	;	24/11/10
893	;	32,2982	;	-234,4198	;	25/11/10
894	;	32,3080	;	-219,7758	;	26/11/10
897	;	32,5633	;	-184,7806	;	29/11/10
898	;	32,2982	;	-171,7445	;	30/11/10
899	;	33,1523	;	-101,2356	;	01/12/10
900	;	32,8774	;	-70,1885	;	02/12/10
901	;	32,0037	;	-103,6708	;	03/12/10
904	;	31,3655	;	-160,5366	;	06/12/10
905	;	31,2969	;	-192,3493	;	07/12/10
906	;	30,8354	;	-231,3994	;	08/12/10
907	;	30,4329	;	-268,7195	;	09/12/10
908	;	30,2857	;	-286,0156	;	10/12/10
911	;	30,6097	;	-259,1325	;	13/12/10
912	;	30,5901	;	-227,3860	;	14/12/10
913	;	30,4820	;	-199,3488	;	15/12/10
914	;	30,1875	;	-186,5190	;	16/12/10
915	;	30,0599	;	-172,8152	;	17/12/10
918	;	29,5004	;	-186,4922	;	20/12/10
919	;	29,9912	;	-149,1938	;	21/12/10
920	;	30,3348	;	-90,8750	;	22/12/10
921	;	30,7105	;	-20,1400	;	23/12/10
925	;	30,5225	;	18,6080	;	27/12/10
926	;	30,4631	;	43,5264	;	28/12/10
927	;	30,6709	;	75,3811	;	29/12/10
928	;	31,0864	;	123,0249	;	30/12/10
932	;	31,0666	;	150,0199	;	03/01/11
933	;	31,1953	;	171,7759	;	04/01/11
934	;	31,6405	;	208,8607	;	05/01/11
935	;	31,3635	;	207,1686	;	06/01/11
936	;	30,6214	;	151,0149	;	07/01/11
939	;	30,6709	;	113,8519	;	10/01/11
940	;	31,0370	;	110,5215	;	11/01/11
941	;	31,5811	;	139,6172	;	12/01/11
942	;	31,2645	;	132,3338	;	13/01/11
943	;	31,4327	;	133,2270	;	14/01/11
946	;	31,0666	;	104,7416	;	17/01/11
947	;	31,2151	;	92,0333	;	18/01/11
948	;	30,7698	;	51,7866	;	19/01/11
949	;	30,5621	;	11,3493	;	20/01/11
950	;	30,4235	;	-22,6806	;	21/01/11
953	;	30,7006	;	-24,3045	;	24/01/11
955	;	30,6709	;	-25,0436	;	26/01/11
956	;	30,6709	;	-23,2349	;	27/01/11
957	;	30,0377	;	-60,3479	;	28/01/11
960	;	29,4441	;	-117,1583	;	31/01/11
961	;	29,5826	;	-136,4466	;	01/02/11
962	;	29,2660	;	-159,7973	;	02/02/11
963	;	28,9494	;	-184,2378	;	03/02/11
964	;	27,8017	;	-260,6702	;	04/02/11
967	;	27,9798	;	-280,4562	;	07/02/11
968	;	28,4943	;	-241,5650	;	08/02/11
969	;	27,7819	;	-245,7320	;	09/02/11
970	;	27,9402	;	-220,5856	;	10/02/11
971	;	29,2660	;	-103,2685	;	11/02/11
974	;	29,4540	;	-6,7748	;	14/02/11
975	;	30,0773	;	99,4602	;	15/02/11
976	;	31,0963	;	231,2482	;	16/02/11
977	;	30,8985	;	293,8786	;	17/02/11
978	;	30,8094	;	316,2229	;	18/02/11
981	;	30,3345	;	286,7383	;	21/02/11
982	;	29,3500	;	193,2306	;	22/02/11
983	;	29,4000	;	130,0245	;	23/02/11
984	;	29,3000	;	79,2996	;	24/02/11
985	;	29,1700	;	36,8797	;	25/02/11
988	;	29,7500	;	47,1838	;	28/02/11
989	;	28,9500	;	1,7470	;	01/03/11
990	;	29,1800	;	-10,3624	;	02/03/11
991	;	29,5400	;	7,1501	;	03/03/11
992	;	29,6200	;	24,6001	;	04/03/11
997	;	28,8500	;	-13,2799	;	09/03/11
998	;	28,0100	;	-88,3039	;	10/03/11
999	;	28,1800	;	-117,9231	;	11/03/11
