-165	;	23,8851	;	22,8430	;	03/01/08
-164	;	23,1766	;	9,6344	;	04/01/08
-161	;	22,0546	;	-66,3725	;	07/01/08
-160	;	22,8370	;	-56,0580	;	08/01/08
-159	;	23,5397	;	2,9136	;	09/01/08
-158	;	23,0289	;	11,7709	;	10/01/08
-157	;	22,4592	;	-15,0633	;	11/01/08
-154	;	23,7375	;	55,2294	;	14/01/08
-153	;	23,3271	;	74,7435	;	15/01/08
-152	;	23,4570	;	95,7148	;	16/01/08
-151	;	22,3204	;	35,5318	;	17/01/08
-150	;	23,8556	;	97,9454	;	18/01/08
-147	;	21,9070	;	11,3963	;	21/01/08
-146	;	22,4385	;	-5,6030	;	22/01/08
-145	;	20,9918	;	-104,5624	;	23/01/08
-144	;	22,4385	;	-64,6099	;	24/01/08
-140	;	22,8813	;	-3,7679	;	28/01/08
-139	;	23,8112	;	98,1857	;	29/01/08
-138	;	24,3575	;	195,8286	;	30/01/08
-137	;	24,3575	;	250,3429	;	31/01/08
-136	;	25,9666	;	377,0743	;	01/02/08
-131	;	26,2471	;	456,7794	;	06/02/08
-130	;	27,3985	;	557,4235	;	07/02/08
-129	;	27,1475	;	575,0588	;	08/02/08
-126	;	27,2509	;	561,0870	;	11/02/08
-125	;	27,6052	;	542,7896	;	12/02/08
-124	;	27,6790	;	503,5917	;	13/02/08
-123	;	27,2804	;	421,9934	;	14/02/08
-122	;	27,5756	;	361,4347	;	15/02/08
-119	;	27,4723	;	291,0678	;	18/02/08
-118	;	27,5461	;	228,7742	;	19/02/08
-117	;	28,9484	;	259,0994	;	20/02/08
-116	;	30,5518	;	358,1595	;	21/02/08
-115	;	30,9149	;	415,1676	;	22/02/08
-112	;	31,1481	;	433,5741	;	25/02/08
-111	;	30,9562	;	398,6993	;	26/02/08
-110	;	30,0262	;	284,1594	;	27/02/08
-109	;	29,7250	;	165,2475	;	28/02/08
-108	;	28,9338	;	18,1180	;	29/02/08
-105	;	30,4100	;	5,7744	;	03/03/08
-104	;	30,7495	;	5,9795	;	04/03/08
-103	;	30,5577	;	-19,9364	;	05/03/08
-102	;	30,1768	;	-72,8291	;	06/03/08
-101	;	29,6128	;	-151,3833	;	07/03/08
-98	;	28,1218	;	-300,7866	;	10/03/08
-97	;	29,6424	;	-293,8293	;	11/03/08
-96	;	30,2624	;	-246,0234	;	12/03/08
-95	;	30,5871	;	-193,4587	;	13/03/08
-94	;	31,0005	;	-134,5270	;	14/03/08
-91	;	29,7605	;	-179,8616	;	17/03/08
-90	;	30,9384	;	-133,4893	;	18/03/08
-89	;	30,1117	;	-159,7514	;	19/03/08
-88	;	29,5538	;	-212,6011	;	20/03/08
-84	;	29,0815	;	-273,4409	;	24/03/08
-83	;	30,2181	;	-232,7527	;	25/03/08
-82	;	29,9524	;	-219,5622	;	26/03/08
-81	;	29,7688	;	-218,5298	;	27/03/08
-80	;	29,7420	;	-214,5838	;	28/03/08
-77	;	29,3248	;	-233,5870	;	31/03/08
-76	;	30,4722	;	-165,5096	;	01/04/08
-75	;	30,5288	;	-115,6877	;	02/04/08
-74	;	31,2471	;	-37,4302	;	03/04/08
-73	;	32,1559	;	66,8558	;	04/04/08
-70	;	31,9026	;	107,6446	;	07/04/08
-69	;	32,4241	;	155,7157	;	08/04/08
-68	;	31,8639	;	136,3326	;	09/04/08
-67	;	31,9444	;	116,3461	;	10/04/08
-66	;	31,2916	;	49,9569	;	11/04/08
-63	;	30,7820	;	-33,0745	;	14/04/08
-62	;	31,5092	;	-43,0996	;	15/04/08
-61	;	33,5268	;	75,6803	;	16/04/08
-60	;	32,4688	;	72,3042	;	17/04/08
-59	;	32,1263	;	38,2434	;	18/04/08
-55	;	33,0799	;	69,2347	;	22/04/08
-54	;	33,1959	;	85,7878	;	23/04/08
-53	;	33,3779	;	96,4702	;	24/04/08
-52	;	33,9591	;	128,2162	;	25/04/08
-49	;	34,3912	;	161,6930	;	28/04/08
-48	;	32,8861	;	70,3944	;	29/04/08
-47	;	36,2805	;	218,2355	;	30/04/08
-45	;	35,9407	;	269,3884	;	02/05/08
-42	;	36,0302	;	284,0707	;	05/05/08
-41	;	36,9913	;	330,1366	;	06/05/08
-40	;	36,9019	;	325,5493	;	07/05/08
-39	;	37,5277	;	334,5194	;	08/05/08
-38	;	38,3994	;	366,2555	;	09/05/08
-35	;	39,0475	;	395,6444	;	12/05/08
-34	;	38,8912	;	369,7955	;	13/05/08
-33	;	38,8955	;	319,9964	;	14/05/08
-32	;	40,0086	;	327,8371	;	15/05/08
-31	;	41,6626	;	405,1497	;	16/05/08
-28	;	42,2884	;	455,4798	;	19/05/08
-27	;	41,2335	;	377,9038	;	20/05/08
-26	;	39,6957	;	192,6430	;	21/05/08
-24	;	39,6509	;	44,3544	;	23/05/08
-21	;	39,8968	;	-54,5165	;	26/05/08
-20	;	39,1147	;	-182,7332	;	27/05/08
-19	;	40,0086	;	-215,3066	;	28/05/08
-18	;	39,1100	;	-300,0053	;	29/05/08
-17	;	39,1147	;	-354,6442	;	30/05/08
-14	;	38,8912	;	-401,3954	;	02/06/08
-13	;	38,4441	;	-453,9963	;	03/06/08
-12	;	36,9465	;	-573,5970	;	04/06/08
-11	;	38,4217	;	-537,8376	;	05/06/08
-10	;	38,7794	;	-476,6701	;	06/06/08
-7	;	38,4887	;	-443,0961	;	09/06/08
-6	;	37,7735	;	-454,7169	;	10/06/08
-5	;	37,2817	;	-478,6535	;	11/06/08
-4	;	37,5500	;	-459,4828	;	12/06/08
-3	;	37,2505	;	-449,5062	;	13/06/08
0	;	36,9690	;	-443,6850	;	16/06/08
1	;	38,8464	;	-301,9080	;	17/06/08
2	;	37,7735	;	-270,0064	;	18/06/08
3	;	38,1312	;	-216,7251	;	19/06/08
4	;	36,1061	;	-304,4201	;	20/06/08
7	;	35,0153	;	-415,5361	;	23/06/08
8	;	34,4253	;	-502,5889	;	24/06/08
9	;	36,2536	;	-414,4711	;	25/06/08
10	;	35,3595	;	-394,0569	;	26/06/08
11	;	35,6278	;	-342,0455	;	27/06/08
14	;	35,3149	;	-309,3164	;	30/06/08
15	;	33,7056	;	-372,3331	;	01/07/08
16	;	32,1410	;	-488,3465	;	02/07/08
17	;	30,4870	;	-636,1972	;	03/07/08
18	;	29,9506	;	-723,4378	;	04/07/08
21	;	31,2916	;	-646,5902	;	07/07/08
22	;	31,1397	;	-564,7922	;	08/07/08
24	;	32,8607	;	-363,3538	;	10/07/08
25	;	33,0307	;	-195,5630	;	11/07/08
28	;	33,0799	;	-65,0104	;	14/07/08
29	;	32,8831	;	19,9117	;	15/07/08
30	;	33,5715	;	128,0894	;	16/07/08
31	;	32,0918	;	106,5515	;	17/07/08
32	;	31,7298	;	75,9612	;	18/07/08
35	;	32,7221	;	127,5690	;	21/07/08
36	;	31,5823	;	91,5752	;	22/07/08
37	;	31,1710	;	48,8602	;	23/07/08
38	;	29,0789	;	-103,1518	;	24/07/08
39	;	27,9614	;	-253,3214	;	25/07/08
42	;	28,1402	;	-311,1371	;	28/07/08
43	;	29,1907	;	-251,7097	;	29/07/08
44	;	31,6493	;	-31,3678	;	30/07/08
45	;	30,8447	;	69,9458	;	31/07/08
46	;	29,1683	;	35,6366	;	01/08/08
49	;	27,2237	;	-99,1707	;	04/08/08
50	;	27,4919	;	-148,3766	;	05/08/08
51	;	27,3579	;	-166,7013	;	06/08/08
52	;	27,3355	;	-157,2010	;	07/08/08
53	;	26,8616	;	-159,2008	;	08/08/08
56	;	25,7709	;	-207,3606	;	11/08/08
57	;	24,9888	;	-261,6485	;	12/08/08
58	;	25,1719	;	-254,9188	;	13/08/08
59	;	25,0333	;	-230,0150	;	14/08/08
60	;	24,0946	;	-245,7720	;	15/08/08
63	;	23,5582	;	-259,8176	;	18/08/08
64	;	23,5314	;	-238,9741	;	19/08/08
65	;	25,0787	;	-96,3793	;	20/08/08
66	;	25,9316	;	70,9766	;	21/08/08
67	;	25,5439	;	165,7413	;	22/08/08
70	;	25,0878	;	205,2330	;	25/08/08
71	;	24,7000	;	212,0264	;	26/08/08
72	;	25,3158	;	261,4611	;	27/08/08
73	;	25,7674	;	323,8889	;	28/08/08
74	;	26,0913	;	382,3911	;	29/08/08
77	;	25,9545	;	405,1129	;	01/09/08
78	;	24,3123	;	307,2103	;	02/09/08
79	;	23,3452	;	181,1282	;	03/09/08
80	;	22,0087	;	20,0226	;	04/09/08
81	;	21,8948	;	-76,4619	;	05/09/08
84	;	21,5754	;	-140,5295	;	08/09/08
85	;	19,7053	;	-279,3836	;	09/09/08
86	;	20,1159	;	-311,7469	;	10/09/08
87	;	20,3484	;	-286,2775	;	11/09/08
88	;	20,9825	;	-199,6620	;	12/09/08
91	;	19,4818	;	-215,0896	;	15/09/08
92	;	19,2081	;	-214,7117	;	16/09/08
93	;	17,3288	;	-306,5694	;	17/09/08
94	;	18,1545	;	-277,9755	;	18/09/08
95	;	21,4387	;	-17,9804	;	19/09/08
98	;	21,3930	;	161,0557	;	22/09/08
99	;	20,1386	;	202,4446	;	23/09/08
100	;	19,7783	;	211,8757	;	24/09/08
101	;	21,0281	;	303,1806	;	25/09/08
102	;	20,8320	;	347,9845	;	26/09/08
105	;	17,7576	;	176,7876	;	29/09/08
106	;	18,4783	;	121,1101	;	30/09/08
107	;	18,0266	;	65,5281	;	01/10/08
108	;	16,3755	;	-63,6575	;	02/10/08
109	;	15,6457	;	-173,4060	;	03/10/08
112	;	13,9123	;	-328,8048	;	06/10/08
113	;	13,1734	;	-440,4038	;	07/10/08
114	;	12,0877	;	-539,9230	;	08/10/08
115	;	12,1790	;	-550,2584	;	09/10/08
116	;	12,3158	;	-499,9667	;	10/10/08
119	;	13,9123	;	-320,0534	;	13/10/08
120	;	14,3228	;	-143,3227	;	14/10/08
121	;	12,2428	;	-136,3382	;	15/10/08
122	;	12,4298	;	-91,2306	;	16/10/08
123	;	12,5440	;	-29,0645	;	17/10/08
126	;	13,6842	;	106,1884	;	20/10/08
127	;	13,5109	;	196,0707	;	21/10/08
128	;	11,7685	;	152,1366	;	22/10/08
129	;	11,5495	;	123,5493	;	23/10/08
130	;	10,9018	;	78,4394	;	24/10/08
133	;	10,3772	;	32,9915	;	27/10/08
134	;	12,0742	;	131,4332	;	28/10/08
135	;	12,7720	;	250,9066	;	29/10/08
136	;	13,6842	;	390,4053	;	30/10/08
137	;	12,7720	;	417,6842	;	31/10/08
140	;	12,6215	;	421,0274	;	03/11/08
141	;	13,0912	;	447,7019	;	04/11/08
142	;	11,9372	;	383,0415	;	05/11/08
143	;	11,1754	;	288,5932	;	06/11/08
144	;	10,9520	;	214,1546	;	07/11/08
147	;	11,0523	;	176,3637	;	10/11/08
148	;	11,0614	;	157,2510	;	11/11/08
149	;	10,0352	;	84,4408	;	12/11/08
150	;	10,4319	;	72,4326	;	13/11/08
151	;	9,9439	;	42,5061	;	14/11/08
154	;	9,8709	;	29,2849	;	17/11/08
155	;	9,7387	;	23,3479	;	18/11/08
156	;	9,1821	;	-4,7617	;	19/11/08
158	;	8,7351	;	-38,3694	;	21/11/08
161	;	9,9668	;	33,7045	;	24/11/08
162	;	10,2404	;	106,8836	;	25/11/08
163	;	10,7148	;	189,5869	;	26/11/08
164	;	10,6280	;	237,5895	;	27/11/08
165	;	10,6600	;	268,3916	;	28/11/08
168	;	10,3088	;	261,6733	;	01/12/08
169	;	10,1629	;	244,3786	;	02/12/08
170	;	10,2404	;	235,1029	;	03/12/08
171	;	10,3088	;	230,1623	;	04/12/08
172	;	10,1263	;	211,6498	;	05/12/08
175	;	11,6863	;	296,3598	;	08/12/08
176	;	11,9509	;	357,9678	;	09/12/08
177	;	12,4526	;	416,1342	;	10/12/08
178	;	12,4983	;	439,0674	;	11/12/08
179	;	12,5393	;	437,4939	;	12/12/08
182	;	12,2245	;	396,7951	;	15/12/08
183	;	12,9910	;	401,9161	;	16/12/08
184	;	13,0001	;	386,1729	;	17/12/08
185	;	13,0456	;	359,6583	;	18/12/08
186	;	13,0229	;	322,6866	;	19/12/08
189	;	12,3067	;	235,9893	;	22/12/08
190	;	11,4720	;	114,5514	;	23/12/08
193	;	11,5860	;	38,0411	;	26/12/08
196	;	12,2885	;	31,1529	;	29/12/08
197	;	12,4655	;	34,6823	;	30/12/08
200	;	13,4948	;	98,8658	;	02/01/09
203	;	14,3832	;	188,4526	;	05/01/09
204	;	14,6512	;	249,3221	;	06/01/09
205	;	14,1246	;	237,6977	;	07/01/09
206	;	14,7076	;	251,4382	;	08/01/09
207	;	14,4349	;	225,3106	;	09/01/09
210	;	13,8427	;	154,5685	;	12/01/09
211	;	13,7863	;	93,3348	;	13/01/09
212	;	13,1800	;	6,0278	;	14/01/09
213	;	13,6547	;	-24,0578	;	15/01/09
214	;	14,0730	;	-20,2062	;	16/01/09
217	;	13,9838	;	-27,6850	;	19/01/09
218	;	13,3022	;	-79,5080	;	20/01/09
219	;	13,8192	;	-79,9264	;	21/01/09
220	;	13,8756	;	-77,1411	;	22/01/09
221	;	13,3022	;	-112,5929	;	23/01/09
224	;	12,9167	;	-157,9143	;	26/01/09
225	;	12,9684	;	-178,7314	;	27/01/09
226	;	13,6688	;	-141,3051	;	28/01/09
227	;	13,7253	;	-110,1641	;	29/01/09
228	;	13,5653	;	-98,1313	;	30/01/09
231	;	13,2129	;	-110,7450	;	02/02/09
232	;	13,3068	;	-109,3160	;	03/02/09
233	;	14,0072	;	-60,3328	;	04/02/09
234	;	14,5195	;	4,0538	;	05/02/09
235	;	15,0460	;	75,6430	;	06/02/09
238	;	14,3597	;	70,3544	;	09/02/09
239	;	13,8662	;	29,3235	;	10/02/09
240	;	13,4760	;	-25,3412	;	11/02/09
241	;	13,2552	;	-74,9930	;	12/02/09
242	;	13,6782	;	-77,4344	;	13/02/09
245	;	13,5090	;	-87,9475	;	16/02/09
246	;	12,9026	;	-130,5980	;	17/02/09
247	;	13,0671	;	-141,6784	;	18/02/09
248	;	13,0484	;	-143,6627	;	19/02/09
249	;	12,6911	;	-161,2502	;	20/02/09
254	;	12,3198	;	-188,2002	;	25/02/09
255	;	12,3105	;	-196,0802	;	26/02/09
256	;	12,1881	;	-198,3042	;	27/02/09
259	;	11,5160	;	-231,5234	;	02/03/09
260	;	11,5629	;	-236,0187	;	03/03/09
261	;	12,5030	;	-164,7350	;	04/03/09
262	;	11,7322	;	-158,5080	;	05/03/09
263	;	11,6539	;	-148,8064	;	06/03/09
266	;	11,1599	;	-163,6851	;	09/03/09
267	;	11,8553	;	-116,7881	;	10/03/09
268	;	11,7978	;	-81,5105	;	11/03/09
269	;	11,7595	;	-54,0084	;	12/03/09
270	;	11,7498	;	-30,8067	;	13/03/09
273	;	11,3182	;	-38,3254	;	16/03/09
274	;	11,1743	;	-46,2603	;	17/03/09
275	;	11,2702	;	-38,6882	;	18/03/09
276	;	11,9897	;	18,1694	;	19/03/09
277	;	12,3541	;	80,1355	;	20/03/09
280	;	13,1119	;	166,9884	;	23/03/09
281	;	12,9489	;	205,8307	;	24/03/09
282	;	13,3325	;	246,8246	;	25/03/09
283	;	14,2581	;	321,1397	;	26/03/09
284	;	14,3635	;	359,3918	;	27/03/09
287	;	13,5004	;	310,3934	;	30/03/09
288	;	14,1477	;	304,8747	;	31/03/09
289	;	14,3827	;	299,9798	;	01/04/09
290	;	15,2748	;	336,9438	;	02/04/09
291	;	15,2556	;	339,3150	;	03/04/09
294	;	15,0590	;	307,7720	;	06/04/09
295	;	14,8143	;	252,8576	;	07/04/09
296	;	14,9631	;	210,6061	;	08/04/09
297	;	15,2028	;	183,9249	;	09/04/09
298	;	15,2028	;	152,7399	;	10/04/09
301	;	15,1069	;	113,7919	;	13/04/09
302	;	14,7712	;	56,5535	;	14/04/09
303	;	15,0110	;	27,3228	;	15/04/09
304	;	15,9702	;	63,2182	;	16/04/09
305	;	16,6464	;	119,6946	;	17/04/09
308	;	15,8359	;	90,9557	;	20/04/09
310	;	16,0709	;	76,8446	;	22/04/09
311	;	16,2819	;	70,9957	;	23/04/09
312	;	16,1907	;	51,1966	;	24/04/09
315	;	15,2892	;	-28,2427	;	27/04/09
316	;	15,0351	;	-99,3942	;	28/04/09
317	;	15,2748	;	-129,9954	;	29/04/09
318	;	15,4426	;	-137,8363	;	30/04/09
322	;	16,3970	;	-80,5090	;	04/05/09
323	;	16,3586	;	-48,4072	;	05/05/09
324	;	16,5984	;	-16,0858	;	06/05/09
325	;	16,2771	;	-21,0286	;	07/05/09
326	;	16,7854	;	3,9771	;	08/05/09
329	;	17,2170	;	41,5017	;	11/05/09
330	;	16,6655	;	22,0814	;	12/05/09
331	;	16,0229	;	-37,8549	;	13/05/09
332	;	15,3947	;	-119,1639	;	14/05/09
333	;	15,3228	;	-173,7311	;	15/05/09
336	;	16,2099	;	-147,0649	;	18/05/09
337	;	16,8813	;	-84,3719	;	19/05/09
338	;	17,1308	;	-29,0175	;	20/05/09
339	;	16,6320	;	-28,8940	;	21/05/09
340	;	16,6177	;	-32,4752	;	22/05/09
343	;	16,9581	;	-15,4202	;	25/05/09
344	;	17,1500	;	4,2238	;	26/05/09
345	;	17,1836	;	14,3390	;	27/05/09
346	;	17,8166	;	56,1112	;	28/05/09
347	;	18,9436	;	147,0490	;	29/05/09
350	;	19,5478	;	230,2792	;	01/06/09
351	;	19,7494	;	278,0634	;	02/06/09
352	;	18,8716	;	231,6507	;	03/06/09
353	;	19,0395	;	194,8406	;	04/06/09
354	;	19,3513	;	174,7525	;	05/06/09
357	;	19,8789	;	179,4820	;	08/06/09
358	;	19,6151	;	148,6256	;	09/06/09
359	;	19,6725	;	117,3005	;	10/06/09
361	;	19,9988	;	104,1604	;	12/06/09
364	;	19,3033	;	37,7283	;	15/06/09
365	;	18,6271	;	-57,5774	;	16/06/09
366	;	18,5983	;	-124,4619	;	17/06/09
367	;	18,6318	;	-165,8095	;	18/06/09
368	;	18,7709	;	-181,7676	;	19/06/09
371	;	17,9173	;	-244,0541	;	22/06/09
372	;	18,2962	;	-252,8433	;	23/06/09
373	;	18,6080	;	-231,3146	;	24/06/09
374	;	19,6631	;	-144,0117	;	25/06/09
375	;	19,8309	;	-76,2494	;	26/06/09
378	;	20,5742	;	12,5205	;	29/06/09
379	;	19,9556	;	22,8164	;	30/06/09
380	;	20,4783	;	56,2531	;	01/07/09
381	;	19,8069	;	26,1225	;	02/07/09
382	;	19,5336	;	-16,9420	;	03/07/09
385	;	19,6582	;	-40,4336	;	06/07/09
386	;	19,0683	;	-95,9469	;	07/07/09
387	;	18,7758	;	-149,3975	;	08/07/09
388	;	18,7758	;	-179,7580	;	09/07/09
389	;	18,0276	;	-241,4064	;	10/07/09
392	;	17,0300	;	-334,8051	;	13/07/09
393	;	16,9581	;	-383,3641	;	14/07/09
394	;	17,7639	;	-344,3713	;	15/07/09
395	;	18,2243	;	-273,8170	;	16/07/09
396	;	18,4640	;	-200,6536	;	17/07/09
399	;	18,9579	;	-112,9229	;	20/07/09
400	;	19,6486	;	-7,9383	;	21/07/09
401	;	19,9076	;	74,8494	;	22/07/09
402	;	20,6221	;	168,2795	;	23/07/09
403	;	20,0850	;	183,2636	;	24/07/09
406	;	20,0659	;	180,8509	;	27/07/09
407	;	20,6221	;	204,0407	;	28/07/09
408	;	20,3344	;	187,7926	;	29/07/09
409	;	21,0682	;	212,3141	;	30/07/09
410	;	21,2360	;	224,5713	;	31/07/09
413	;	21,8451	;	256,0570	;	03/08/09
414	;	21,6239	;	244,4456	;	04/08/09
415	;	21,6722	;	223,1565	;	05/08/09
416	;	21,7925	;	200,8452	;	06/08/09
417	;	22,3127	;	204,1962	;	07/08/09
420	;	22,6161	;	209,1970	;	10/08/09
421	;	22,5969	;	193,8376	;	11/08/09
422	;	23,3626	;	216,1901	;	12/08/09
423	;	24,1283	;	260,5521	;	13/08/09
424	;	23,4108	;	221,0817	;	14/08/09
427	;	22,5776	;	123,2654	;	17/08/09
428	;	22,2019	;	22,9323	;	18/08/09
429	;	22,0092	;	-62,0542	;	19/08/09
430	;	22,5631	;	-85,2434	;	20/08/09
431	;	23,2614	;	-59,0747	;	21/08/09
434	;	22,8088	;	-76,6198	;	24/08/09
435	;	22,4668	;	-113,4558	;	25/08/09
436	;	22,1875	;	-156,1246	;	26/08/09
437	;	22,1539	;	-184,1797	;	27/08/09
438	;	21,9226	;	-213,9038	;	28/08/09
441	;	21,3351	;	-265,2030	;	31/08/09
442	;	21,0221	;	-309,3624	;	01/09/09
443	;	20,7089	;	-345,9699	;	02/09/09
444	;	20,8390	;	-346,8559	;	03/09/09
445	;	21,1906	;	-310,3647	;	04/09/09
449	;	22,0719	;	-217,8918	;	08/09/09
450	;	21,7925	;	-168,7134	;	09/09/09
451	;	21,7685	;	-132,5707	;	10/09/09
452	;	21,5758	;	-116,9366	;	11/09/09
455	;	21,6433	;	-98,1893	;	14/09/09
456	;	21,7878	;	-73,1914	;	15/09/09
457	;	22,6305	;	-0,9531	;	16/09/09
458	;	22,5198	;	36,1975	;	17/09/09
459	;	22,6354	;	63,9180	;	18/09/09
462	;	22,6642	;	78,4944	;	21/09/09
463	;	22,9339	;	99,2755	;	22/09/09
464	;	22,5872	;	83,2604	;	23/09/09
465	;	22,4475	;	58,1283	;	24/09/09
466	;	22,5872	;	46,2626	;	25/09/09
469	;	22,7125	;	42,2901	;	28/09/09
470	;	22,5969	;	27,9921	;	29/09/09
471	;	22,4957	;	8,7937	;	30/09/09
472	;	22,0768	;	-32,6450	;	01/10/09
473	;	22,2983	;	-44,9960	;	02/10/09
476	;	22,6354	;	-30,9568	;	05/10/09
477	;	22,5391	;	-28,6854	;	06/10/09
478	;	22,8762	;	-6,2283	;	07/10/09
479	;	23,5505	;	49,2574	;	08/10/09
480	;	23,9308	;	103,7259	;	09/10/09
483	;	23,9308	;	130,1007	;	12/10/09
484	;	24,2054	;	154,7206	;	13/10/09
485	;	25,4287	;	237,1365	;	14/10/09
486	;	25,6213	;	285,1492	;	15/10/09
487	;	25,2361	;	271,6394	;	16/10/09
490	;	26,1029	;	299,4715	;	19/10/09
491	;	25,1157	;	232,7772	;	20/10/09
492	;	25,1446	;	174,6218	;	21/10/09
493	;	25,0386	;	115,9374	;	22/10/09
494	;	24,5667	;	36,2699	;	23/10/09
497	;	24,6100	;	-19,4641	;	26/10/09
498	;	23,5263	;	-129,2513	;	27/10/09
499	;	22,0092	;	-294,5210	;	28/10/09
500	;	22,6642	;	-346,5768	;	29/10/09
501	;	22,1539	;	-398,4614	;	30/10/09
505	;	22,1104	;	-416,9291	;	03/11/09
506	;	22,3463	;	-394,6633	;	04/11/09
507	;	22,5872	;	-346,7706	;	05/11/09
508	;	23,0207	;	-272,2965	;	06/11/09
511	;	23,7816	;	-163,5172	;	09/11/09
512	;	24,0078	;	-72,7338	;	10/11/09
513	;	24,0321	;	-10,6670	;	11/11/09
514	;	23,1170	;	-29,7336	;	12/11/09
515	;	23,5986	;	-9,5469	;	13/11/09
518	;	24,1765	;	40,3625	;	16/11/09
519	;	24,1765	;	69,4100	;	17/11/09
520	;	24,0657	;	76,4880	;	18/11/09
521	;	23,8008	;	59,5904	;	19/11/09
522	;	23,8008	;	45,1123	;	20/11/09
525	;	23,7430	;	29,2898	;	23/11/09
526	;	24,2150	;	47,1118	;	24/11/09
527	;	24,8026	;	92,4094	;	25/11/09
528	;	24,3210	;	84,0075	;	26/11/09
529	;	24,2969	;	71,5260	;	27/11/09
532	;	24,6581	;	81,5408	;	30/11/09
533	;	24,8316	;	92,9126	;	01/12/09
534	;	24,8748	;	96,0101	;	02/12/09
535	;	24,7545	;	83,1281	;	03/12/09
536	;	24,6341	;	60,7425	;	04/12/09
539	;	25,0290	;	66,2740	;	07/12/09
540	;	24,2246	;	12,2992	;	08/12/09
541	;	23,8393	;	-49,3606	;	09/12/09
542	;	23,9165	;	-82,9285	;	10/12/09
543	;	24,3306	;	-75,6228	;	11/12/09
546	;	24,2728	;	-72,8982	;	14/12/09
547	;	24,2535	;	-70,5586	;	15/12/09
548	;	23,7816	;	-97,3269	;	16/12/09
549	;	23,5505	;	-125,3815	;	17/12/09
550	;	23,0447	;	-169,9852	;	18/12/09
553	;	22,4908	;	-225,2682	;	21/12/09
554	;	23,1410	;	-207,0146	;	22/12/09
555	;	23,2663	;	-176,6517	;	23/12/09
560	;	23,5023	;	-132,8414	;	28/12/09
561	;	23,9646	;	-68,1131	;	29/12/09
562	;	24,1033	;	-14,1705	;	30/12/09
567	;	24,8890	;	71,3836	;	04/01/10
568	;	24,9622	;	126,7869	;	05/01/10
569	;	24,9379	;	153,8295	;	06/01/10
570	;	25,1721	;	177,7836	;	07/01/10
571	;	24,8158	;	160,4669	;	08/01/10
574	;	24,8842	;	144,9335	;	11/01/10
575	;	24,2057	;	83,3868	;	12/01/10
576	;	24,2546	;	42,3894	;	13/01/10
577	;	24,3912	;	21,9115	;	14/01/10
578	;	24,5475	;	16,6492	;	15/01/10
581	;	24,4498	;	4,9194	;	18/01/10
582	;	24,6939	;	11,5355	;	19/01/10
583	;	23,7617	;	-45,8116	;	20/01/10
584	;	22,5953	;	-155,0493	;	21/01/10
585	;	22,6930	;	-209,9594	;	22/01/10
589	;	22,7125	;	-232,6075	;	26/01/10
590	;	23,1809	;	-204,5660	;	27/01/10
591	;	23,7421	;	-139,8928	;	28/01/10
592	;	24,2057	;	-61,5942	;	29/01/10
595	;	24,6011	;	16,9646	;	01/02/10
596	;	24,6889	;	71,9717	;	02/02/10
597	;	24,4986	;	91,3374	;	03/02/10
598	;	23,5470	;	38,5899	;	04/02/10
599	;	23,2785	;	-13,1281	;	05/02/10
602	;	22,9370	;	-66,0225	;	08/02/10
603	;	23,1078	;	-84,1780	;	09/02/10
604	;	22,9370	;	-101,1024	;	10/02/10
605	;	22,9127	;	-106,8819	;	11/02/10
606	;	22,5221	;	-128,3855	;	12/02/10
611	;	23,5763	;	-66,2284	;	17/02/10
612	;	24,0594	;	8,8573	;	18/02/10
613	;	24,1570	;	63,4858	;	19/02/10
616	;	24,0106	;	86,7086	;	22/02/10
617	;	23,5957	;	71,6869	;	23/02/10
618	;	23,0834	;	27,1095	;	24/02/10
619	;	24,2790	;	75,2876	;	25/02/10
620	;	25,0452	;	151,5101	;	26/02/10
623	;	25,3771	;	213,2881	;	01/03/10
624	;	25,3771	;	241,0305	;	02/03/10
625	;	25,1331	;	229,9444	;	03/03/10
626	;	25,6210	;	241,1555	;	04/03/10
627	;	26,4702	;	288,4444	;	05/03/10
630	;	26,6849	;	314,5155	;	08/03/10
631	;	27,6219	;	371,4524	;	09/03/10
632	;	27,8171	;	396,4419	;	10/03/10
633	;	27,6219	;	374,4335	;	11/03/10
634	;	27,1340	;	304,5068	;	12/03/10
637	;	27,1485	;	239,5254	;	15/03/10
638	;	27,7683	;	219,2203	;	16/03/10
639	;	27,6171	;	178,2562	;	17/03/10
640	;	27,3779	;	120,4450	;	18/03/10
641	;	27,0364	;	48,2760	;	19/03/10
644	;	26,7435	;	-26,0192	;	22/03/10
645	;	27,3047	;	-43,2954	;	23/03/10
646	;	27,5732	;	-42,4763	;	24/03/10
647	;	27,5701	;	-47,5810	;	25/03/10
648	;	27,7952	;	-41,4248	;	26/03/10
651	;	29,3855	;	58,7002	;	29/03/10
652	;	29,5079	;	118,5602	;	30/03/10
653	;	29,8113	;	161,4082	;	31/03/10
654	;	30,7802	;	233,3666	;	01/04/10
658	;	30,8585	;	262,5333	;	05/04/10
659	;	29,8259	;	191,7866	;	06/04/10
660	;	29,3366	;	96,3093	;	07/04/10
661	;	29,9629	;	61,4474	;	08/04/10
662	;	29,9483	;	25,3179	;	09/04/10
665	;	29,6302	;	-29,1857	;	12/04/10
666	;	30,2566	;	-31,9886	;	13/04/10
667	;	30,0951	;	-52,3909	;	14/04/10
668	;	29,4003	;	-116,7127	;	15/04/10
669	;	29,4051	;	-160,2502	;	16/04/10
672	;	28,6614	;	-235,9602	;	19/04/10
673	;	28,5537	;	-286,6882	;	20/04/10
675	;	28,6760	;	-303,7506	;	22/04/10
676	;	28,5928	;	-311,2405	;	23/04/10
679	;	28,5048	;	-311,9524	;	26/04/10
680	;	27,5015	;	-366,1219	;	27/04/10
681	;	27,6973	;	-373,5375	;	28/04/10
682	;	28,3971	;	-318,2700	;	29/04/10
683	;	27,4575	;	-330,5360	;	30/04/10
686	;	26,9828	;	-353,9488	;	03/05/10
687	;	26,2293	;	-400,1990	;	04/05/10
688	;	25,9455	;	-427,5192	;	05/05/10
689	;	25,1772	;	-471,3754	;	06/05/10
690	;	24,6193	;	-508,8603	;	07/05/10
693	;	26,0335	;	-413,3282	;	10/05/10
694	;	25,7888	;	-344,3426	;	11/05/10
695	;	25,9455	;	-269,3141	;	12/05/10
696	;	25,1037	;	-257,4513	;	13/05/10
697	;	24,5410	;	-267,4010	;	14/05/10
700	;	23,5672	;	-316,1608	;	17/05/10
701	;	22,5738	;	-387,1686	;	18/05/10
702	;	22,0208	;	-439,4949	;	19/05/10
703	;	21,1155	;	-498,7959	;	20/05/10
704	;	22,2165	;	-430,1567	;	21/05/10
707	;	22,1236	;	-360,1254	;	24/05/10
708	;	21,3700	;	-334,3403	;	25/05/10
709	;	21,5315	;	-278,4322	;	26/05/10
710	;	22,4025	;	-160,6658	;	27/05/10
711	;	22,1676	;	-80,4526	;	28/05/10
714	;	22,4612	;	5,8779	;	31/05/10
715	;	22,0697	;	47,8223	;	01/06/10
716	;	22,3878	;	104,8978	;	02/06/10
718	;	21,4825	;	90,1582	;	04/06/10
721	;	20,5087	;	26,6066	;	07/06/10
722	;	20,9051	;	23,1253	;	08/06/10
723	;	20,9883	;	37,4602	;	09/06/10
724	;	22,2165	;	135,1682	;	10/06/10
725	;	22,5151	;	220,4546	;	11/06/10
728	;	22,7549	;	289,2437	;	14/06/10
729	;	23,1218	;	351,4750	;	15/06/10
730	;	23,0485	;	377,4200	;	16/06/10
731	;	22,8674	;	371,6160	;	17/06/10
732	;	22,8234	;	354,0128	;	18/06/10
735	;	23,0387	;	345,6902	;	21/06/10
736	;	23,2442	;	342,3122	;	22/06/10
737	;	24,1348	;	385,0498	;	23/06/10
738	;	24,5997	;	426,4398	;	24/06/10
739	;	24,9863	;	458,8318	;	25/06/10
742	;	25,2261	;	473,5454	;	28/06/10
743	;	24,3208	;	402,1163	;	29/06/10
744	;	23,5427	;	287,7730	;	30/06/10
745	;	24,1397	;	239,4984	;	01/07/10
746	;	24,3844	;	212,2387	;	02/07/10
749	;	24,3452	;	180,9110	;	05/07/10
750	;	25,0059	;	193,0488	;	06/07/10
751	;	25,5441	;	223,3990	;	07/07/10
752	;	25,8965	;	251,1992	;	08/07/10
756	;	25,4560	;	209,6475	;	12/07/10
757	;	24,6633	;	117,3180	;	13/07/10
758	;	23,9048	;	1,0544	;	14/07/10
759	;	23,6357	;	-92,9165	;	15/07/10
760	;	23,1414	;	-182,0932	;	16/07/10
763	;	23,8363	;	-187,2746	;	19/07/10
764	;	24,7025	;	-128,2997	;	20/07/10
765	;	25,3533	;	-45,5198	;	21/07/10
766	;	25,6909	;	27,9042	;	22/07/10
767	;	26,0580	;	93,4434	;	23/07/10
770	;	26,0629	;	127,2347	;	26/07/10
771	;	26,3271	;	155,6278	;	27/07/10
772	;	25,9259	;	136,4222	;	28/07/10
773	;	25,3973	;	79,8578	;	29/07/10
774	;	24,2131	;	-39,1538	;	30/07/10
777	;	24,4187	;	-102,3630	;	02/08/10
778	;	24,5703	;	-130,3704	;	03/08/10
779	;	25,3729	;	-93,0163	;	04/08/10
780	;	25,1087	;	-84,6530	;	05/08/10
781	;	24,7123	;	-103,0024	;	06/08/10
784	;	24,5312	;	-123,2019	;	09/08/10
785	;	24,2230	;	-151,3615	;	10/08/10
786	;	23,5623	;	-205,1692	;	11/08/10
787	;	23,9880	;	-202,3754	;	12/08/10
788	;	23,4645	;	-224,3803	;	13/08/10
791	;	23,3910	;	-231,6642	;	16/08/10
792	;	23,6308	;	-208,6914	;	17/08/10
793	;	23,4301	;	-195,6731	;	18/08/10
794	;	23,0289	;	-201,8185	;	19/08/10
795	;	22,6081	;	-220,5748	;	20/08/10
798	;	22,7010	;	-212,8598	;	23/08/10
799	;	22,7010	;	-194,4478	;	24/08/10
800	;	22,2117	;	-201,0782	;	25/08/10
801	;	21,4874	;	-237,6626	;	26/08/10
802	;	22,0404	;	-208,9301	;	27/08/10
805	;	21,5315	;	-208,1041	;	30/08/10
806	;	21,5461	;	-190,9633	;	31/08/10
807	;	22,1921	;	-123,7306	;	01/09/10
808	;	21,9475	;	-85,1445	;	02/09/10
809	;	21,7761	;	-61,7956	;	03/09/10
812	;	21,8251	;	-34,8765	;	06/09/10
814	;	22,0991	;	7,2188	;	08/09/10
815	;	22,1480	;	42,2550	;	09/09/10
816	;	21,8349	;	47,8840	;	10/09/10
819	;	22,0257	;	66,7872	;	13/09/10
820	;	21,6293	;	55,4298	;	14/09/10
821	;	21,4580	;	39,8638	;	15/09/10
822	;	21,7027	;	49,0110	;	16/09/10
823	;	21,3847	;	37,1288	;	17/09/10
826	;	21,8251	;	60,9830	;	20/09/10
827	;	22,1921	;	101,1864	;	21/09/10
828	;	22,2117	;	127,1091	;	22/09/10
829	;	22,0942	;	133,6873	;	23/09/10
830	;	21,7027	;	109,9898	;	24/09/10
833	;	22,0208	;	113,6718	;	27/09/10
834	;	22,6081	;	151,1774	;	28/09/10
835	;	22,0697	;	135,6619	;	29/09/10
836	;	22,2165	;	131,2495	;	30/09/10
837	;	22,1089	;	117,4796	;	01/10/10
840	;	21,9229	;	93,2637	;	04/10/10
841	;	22,1187	;	87,9710	;	05/10/10
842	;	21,6293	;	50,8568	;	06/10/10
843	;	21,0715	;	-8,7546	;	07/10/10
844	;	21,1056	;	-41,5637	;	08/10/10
847	;	20,9274	;	-69,2510	;	11/10/10
849	;	20,7195	;	-94,0408	;	13/10/10
850	;	20,8581	;	-93,3926	;	14/10/10
851	;	21,3729	;	-52,5541	;	15/10/10
854	;	21,0660	;	-41,0833	;	18/10/10
855	;	20,5710	;	-60,4666	;	19/10/10
856	;	19,8286	;	-113,8133	;	20/10/10
857	;	19,7890	;	-140,5706	;	21/10/10
858	;	20,3830	;	-108,5365	;	22/10/10
861	;	19,9276	;	-108,0292	;	25/10/10
862	;	19,8583	;	-102,4234	;	26/10/10
863	;	19,8484	;	-89,8587	;	27/10/10
864	;	20,7492	;	-15,2470	;	28/10/10
865	;	21,0165	;	53,8824	;	29/10/10
868	;	21,2739	;	115,2659	;	01/11/10
870	;	21,2442	;	149,8927	;	03/11/10
871	;	22,1055	;	222,5542	;	04/11/10
872	;	22,0560	;	256,5234	;	05/11/10
875	;	22,7093	;	308,7387	;	08/11/10
876	;	22,2342	;	296,9910	;	09/11/10
877	;	22,5311	;	294,3128	;	10/11/10
878	;	22,3232	;	264,5702	;	11/11/10
879	;	21,9471	;	208,1362	;	12/11/10
883	;	21,1749	;	73,6552	;	16/11/10
884	;	21,1254	;	10,6042	;	17/11/10
885	;	21,4026	;	-12,7966	;	18/11/10
886	;	21,3828	;	-28,9573	;	19/11/10
889	;	20,4820	;	-95,9658	;	22/11/10
890	;	19,6504	;	-186,6126	;	23/11/10
891	;	20,0167	;	-210,4901	;	24/11/10
892	;	19,7791	;	-229,4321	;	25/11/10
893	;	19,1554	;	-268,2657	;	26/11/10
896	;	19,0762	;	-282,2926	;	29/11/10
897	;	18,5120	;	-310,2341	;	30/11/10
898	;	18,7693	;	-292,3473	;	01/12/10
899	;	18,7099	;	-266,1978	;	02/12/10
900	;	18,5912	;	-239,4382	;	03/12/10
903	;	19,2544	;	-163,2306	;	06/12/10
904	;	19,2049	;	-105,1445	;	07/12/10
905	;	18,7099	;	-89,7156	;	08/12/10
906	;	18,6605	;	-73,1325	;	09/12/10
907	;	18,9772	;	-33,1460	;	10/12/10
910	;	19,7098	;	45,9632	;	13/12/10
911	;	19,3732	;	77,1706	;	14/12/10
912	;	18,9376	;	70,2165	;	15/12/10
913	;	18,8980	;	64,8132	;	16/12/10
914	;	18,9475	;	66,1706	;	17/12/10
917	;	18,7099	;	53,2565	;	20/12/10
918	;	19,2940	;	84,3652	;	21/12/10
919	;	18,9079	;	79,4122	;	22/12/10
920	;	18,7792	;	68,3298	;	23/12/10
924	;	18,5120	;	44,9038	;	27/12/10
925	;	18,1259	;	7,2830	;	28/12/10
926	;	18,6308	;	19,6664	;	29/12/10
927	;	19,1600	;	64,2131	;	30/12/10
931	;	19,1800	;	93,9305	;	03/01/11
932	;	19,9400	;	159,8644	;	04/01/11
933	;	20,4000	;	225,4915	;	05/01/11
934	;	20,2500	;	248,0732	;	06/01/11
935	;	20,6000	;	273,7386	;	07/01/11
938	;	20,3000	;	257,9509	;	10/01/11
939	;	20,6900	;	260,4407	;	11/01/11
940	;	20,9000	;	262,1926	;	12/01/11
941	;	20,2900	;	210,4741	;	13/01/11
942	;	20,3500	;	170,2193	;	14/01/11
945	;	20,1900	;	124,8954	;	17/01/11
946	;	19,9300	;	71,9163	;	18/01/11
947	;	19,4600	;	3,5330	;	19/01/11
948	;	19,8000	;	-19,3336	;	20/01/11
949	;	19,7500	;	-37,2269	;	21/01/11
952	;	19,5000	;	-63,8615	;	24/01/11
954	;	18,9100	;	-116,0492	;	26/01/11
955	;	18,9000	;	-144,1994	;	27/01/11
956	;	18,7000	;	-167,7595	;	28/01/11
959	;	19,4300	;	-127,3276	;	31/01/11
960	;	20,1400	;	-49,9421	;	01/02/11
961	;	19,3000	;	-52,2737	;	02/02/11
962	;	19,4700	;	-39,8990	;	03/02/11
963	;	18,9500	;	-62,7992	;	04/02/11
966	;	19,0300	;	-68,2394	;	07/02/11
967	;	19,2500	;	-53,3115	;	08/02/11
968	;	18,7800	;	-70,3292	;	09/02/11
969	;	19,1000	;	-55,9434	;	10/02/11
970	;	19,0500	;	-46,1947	;	11/02/11
973	;	18,9400	;	-43,4358	;	14/02/11
974	;	18,8000	;	-47,0686	;	15/02/11
975	;	19,6400	;	8,1051	;	16/02/11
976	;	20,3000	;	85,8441	;	17/02/11
977	;	21,0300	;	177,7953	;	18/02/11
980	;	20,4200	;	187,9962	;	21/02/11
981	;	20,0800	;	163,1970	;	22/02/11
982	;	19,0400	;	72,7176	;	23/02/11
983	;	18,6500	;	-12,9459	;	24/02/11
984	;	18,6000	;	-69,3167	;	25/02/11
987	;	19,0000	;	-75,4534	;	28/02/11
988	;	18,3000	;	-119,8827	;	01/03/11
989	;	18,9500	;	-99,5062	;	02/03/11
990	;	20,0500	;	-10,6450	;	03/03/11
991	;	20,8000	;	94,2040	;	04/03/11
996	;	20,6500	;	145,9232	;	09/03/11
997	;	20,1400	;	138,2586	;	10/03/11
998	;	21,0800	;	185,9669	;	11/03/11
