-165	;	27,7372	;	-356,3938	;	03/01/08
-164	;	27,9316	;	-377,7550	;	04/01/08
-161	;	27,9316	;	-370,5240	;	07/01/08
-160	;	28,1914	;	-328,2592	;	08/01/08
-159	;	28,1914	;	-282,1274	;	09/01/08
-158	;	28,7179	;	-201,7019	;	10/01/08
-157	;	27,9517	;	-186,1615	;	11/01/08
-154	;	28,0615	;	-155,6492	;	14/01/08
-153	;	26,8929	;	-198,6794	;	15/01/08
-152	;	26,4704	;	-237,4235	;	16/01/08
-151	;	25,9505	;	-277,1388	;	17/01/08
-150	;	25,3662	;	-318,8310	;	18/01/08
-147	;	24,7489	;	-360,9848	;	21/01/08
-146	;	24,7489	;	-360,9478	;	22/01/08
-145	;	24,5545	;	-346,1182	;	23/01/08
-144	;	26,5485	;	-182,3346	;	24/01/08
-140	;	26,4119	;	-69,2277	;	28/01/08
-139	;	26,6979	;	33,1778	;	29/01/08
-138	;	26,5356	;	94,8622	;	30/01/08
-137	;	25,6779	;	83,1698	;	31/01/08
-136	;	24,9911	;	36,8558	;	01/02/08
-131	;	23,9258	;	-52,9954	;	06/02/08
-130	;	23,8472	;	-102,2363	;	07/02/08
-129	;	23,6917	;	-128,1890	;	08/02/08
-126	;	24,2572	;	-91,9112	;	11/02/08
-125	;	25,7456	;	40,5510	;	12/02/08
-124	;	27,0654	;	215,5608	;	13/02/08
-123	;	26,0510	;	258,6086	;	14/02/08
-122	;	26,4541	;	306,5669	;	15/02/08
-119	;	27,2665	;	380,5335	;	18/02/08
-118	;	26,5256	;	366,9068	;	19/02/08
-117	;	27,1689	;	386,5654	;	20/02/08
-116	;	26,9738	;	371,6523	;	21/02/08
-115	;	27,6110	;	388,2018	;	22/02/08
-112	;	28,3527	;	429,3614	;	25/02/08
-111	;	29,1541	;	486,5291	;	26/02/08
-110	;	29,5651	;	524,8233	;	27/02/08
-109	;	29,4265	;	512,9786	;	28/02/08
-108	;	28,2205	;	401,0229	;	29/02/08
-105	;	28,7267	;	340,4983	;	03/03/08
-104	;	28,1107	;	243,0386	;	04/03/08
-103	;	29,2307	;	237,7909	;	05/03/08
-102	;	28,3753	;	163,9927	;	06/03/08
-101	;	27,5735	;	54,1542	;	07/03/08
-98	;	27,2817	;	-40,1966	;	10/03/08
-97	;	28,4350	;	-27,4373	;	11/03/08
-96	;	27,4476	;	-84,8298	;	12/03/08
-95	;	27,9716	;	-86,5038	;	13/03/08
-94	;	27,7063	;	-103,3630	;	14/03/08
-91	;	26,3802	;	-196,2904	;	17/03/08
-90	;	27,1757	;	-196,2323	;	18/03/08
-89	;	26,1154	;	-255,8658	;	19/03/08
-88	;	26,4135	;	-262,5326	;	20/03/08
-84	;	25,9162	;	-285,7061	;	24/03/08
-83	;	27,1757	;	-205,3649	;	25/03/08
-82	;	26,8974	;	-161,9719	;	26/03/08
-81	;	26,1813	;	-171,5775	;	27/03/08
-80	;	25,9492	;	-182,7020	;	28/03/08
-77	;	26,5198	;	-142,4816	;	31/03/08
-76	;	27,3583	;	-54,7853	;	01/04/08
-75	;	27,4039	;	7,6918	;	02/04/08
-74	;	27,5236	;	55,6734	;	03/04/08
-73	;	27,3583	;	73,7387	;	04/04/08
-70	;	27,6896	;	103,7910	;	07/04/08
-69	;	28,0539	;	141,4328	;	08/04/08
-68	;	27,3914	;	116,1862	;	09/04/08
-67	;	27,2651	;	86,7090	;	10/04/08
-66	;	26,8939	;	40,3272	;	11/04/08
-63	;	26,4027	;	-22,0582	;	14/04/08
-62	;	26,5291	;	-51,6466	;	15/04/08
-61	;	27,8553	;	17,4827	;	16/04/08
-60	;	28,8505	;	123,8262	;	17/04/08
-59	;	29,3743	;	217,4610	;	18/04/08
-55	;	29,0489	;	243,5688	;	22/04/08
-54	;	28,6179	;	218,6150	;	23/04/08
-53	;	28,6512	;	192,2520	;	24/04/08
-52	;	29,1156	;	193,3216	;	25/04/08
-49	;	29,5861	;	211,5373	;	28/04/08
-48	;	29,0160	;	172,6698	;	29/04/08
-47	;	31,4514	;	291,4158	;	30/04/08
-45	;	32,5725	;	418,1726	;	02/05/08
-42	;	33,0037	;	498,3781	;	05/05/08
-41	;	31,5839	;	425,9025	;	06/05/08
-40	;	30,9474	;	310,6420	;	07/05/08
-39	;	31,3453	;	239,7936	;	08/05/08
-38	;	31,1131	;	159,7549	;	09/05/08
-35	;	31,3187	;	105,8039	;	12/05/08
-34	;	30,7154	;	19,0431	;	13/05/08
-33	;	30,4497	;	-62,1255	;	14/05/08
-32	;	31,1459	;	-74,0204	;	15/05/08
-31	;	31,1654	;	-84,8963	;	16/05/08
-28	;	31,8161	;	-54,0770	;	19/05/08
-27	;	31,3119	;	-72,3816	;	20/05/08
-26	;	30,5157	;	-138,9453	;	21/05/08
-24	;	30,4165	;	-187,3962	;	23/05/08
-21	;	30,4497	;	-213,1970	;	26/05/08
-20	;	31,3119	;	-169,9976	;	27/05/08
-19	;	32,4064	;	-70,5581	;	28/05/08
-18	;	32,1742	;	-25,6465	;	29/05/08
-17	;	33,4748	;	80,5228	;	30/05/08
-14	;	32,0238	;	43,8582	;	02/06/08
-13	;	31,1114	;	-46,1934	;	03/06/08
-12	;	30,8866	;	-120,9547	;	04/06/08
-11	;	32,0238	;	-95,0038	;	05/06/08
-10	;	31,1855	;	-133,2030	;	06/06/08
-7	;	30,4806	;	-200,8024	;	09/06/08
-6	;	29,4519	;	-303,4419	;	10/06/08
-5	;	29,0371	;	-382,7535	;	11/06/08
-4	;	29,7010	;	-373,7228	;	12/06/08
-3	;	30,0408	;	-329,4582	;	13/06/08
0	;	30,1153	;	-281,6466	;	16/06/08
1	;	30,9032	;	-188,0373	;	17/06/08
2	;	29,8252	;	-189,2298	;	18/06/08
3	;	29,6593	;	-191,0638	;	19/06/08
4	;	28,4561	;	-259,0910	;	20/06/08
7	;	28,4561	;	-287,6728	;	23/06/08
8	;	27,6269	;	-342,2182	;	24/06/08
9	;	28,3734	;	-308,8946	;	25/06/08
10	;	26,8138	;	-368,6357	;	26/06/08
11	;	26,9629	;	-373,7086	;	27/06/08
14	;	27,0464	;	-347,6069	;	30/06/08
15	;	26,6761	;	-331,4455	;	01/07/08
16	;	26,6093	;	-302,2764	;	02/07/08
17	;	25,6629	;	-321,9811	;	03/07/08
18	;	25,9698	;	-290,5449	;	04/07/08
21	;	25,8284	;	-256,6759	;	07/07/08
22	;	26,2274	;	-187,9807	;	08/07/08
24	;	26,3103	;	-120,7046	;	10/07/08
25	;	25,9033	;	-88,8837	;	11/07/08
28	;	25,8617	;	-57,5070	;	14/07/08
29	;	25,2314	;	-65,3656	;	15/07/08
30	;	27,5640	;	91,7075	;	16/07/08
31	;	27,8632	;	214,0060	;	17/07/08
32	;	28,7181	;	343,1248	;	18/07/08
35	;	28,0703	;	373,0598	;	21/07/08
36	;	28,4689	;	405,0878	;	22/07/08
37	;	28,4772	;	411,0302	;	23/07/08
38	;	27,3155	;	324,5842	;	24/07/08
39	;	26,6510	;	215,8274	;	25/07/08
42	;	26,2356	;	114,1819	;	28/07/08
43	;	27,1493	;	106,8655	;	29/07/08
44	;	27,7301	;	137,6524	;	30/07/08
45	;	27,8132	;	158,6019	;	31/07/08
46	;	27,2930	;	133,2815	;	01/08/08
49	;	26,4211	;	57,7452	;	04/08/08
50	;	27,5839	;	84,2762	;	05/08/08
51	;	28,0907	;	131,4210	;	06/08/08
52	;	27,5839	;	123,8568	;	07/08/08
53	;	27,1766	;	88,6054	;	08/08/08
56	;	26,5371	;	22,8043	;	11/08/08
57	;	26,2959	;	-33,2766	;	12/08/08
58	;	25,7728	;	-98,3013	;	13/08/08
59	;	26,4211	;	-90,4810	;	14/08/08
60	;	26,0055	;	-105,1848	;	15/08/08
63	;	25,3626	;	-147,5078	;	18/08/08
64	;	25,2456	;	-170,9662	;	19/08/08
65	;	26,2973	;	-106,3730	;	20/08/08
66	;	26,1051	;	-69,1784	;	21/08/08
67	;	26,3391	;	-23,7427	;	22/08/08
70	;	25,5042	;	-43,6342	;	25/08/08
71	;	25,2122	;	-68,6674	;	26/08/08
72	;	25,4877	;	-59,4139	;	27/08/08
73	;	26,4228	;	13,2689	;	28/08/08
74	;	25,6712	;	14,2151	;	29/08/08
77	;	25,4492	;	3,7721	;	01/09/08
78	;	25,7332	;	19,1777	;	02/09/08
79	;	26,0091	;	49,3422	;	03/09/08
80	;	25,1487	;	14,5138	;	04/09/08
81	;	25,6411	;	27,1310	;	05/09/08
84	;	25,9001	;	53,7848	;	08/09/08
85	;	25,1487	;	23,3478	;	09/09/08
86	;	25,4407	;	25,1582	;	10/09/08
87	;	25,7750	;	49,8066	;	11/09/08
88	;	25,8169	;	68,7253	;	12/09/08
91	;	24,1041	;	-29,1798	;	15/09/08
92	;	24,4881	;	-61,2638	;	16/09/08
93	;	23,1261	;	-161,6510	;	17/09/08
94	;	24,6469	;	-115,2408	;	18/09/08
95	;	26,7355	;	57,1674	;	19/09/08
98	;	25,4827	;	86,2139	;	22/09/08
99	;	25,0646	;	76,9711	;	23/09/08
100	;	24,8979	;	59,9769	;	24/09/08
101	;	25,9001	;	113,5815	;	25/09/08
102	;	25,8082	;	138,4652	;	26/09/08
105	;	24,2795	;	52,0522	;	29/09/08
106	;	26,6523	;	149,3218	;	30/09/08
107	;	26,6723	;	206,0974	;	01/10/08
108	;	25,0837	;	131,3579	;	02/10/08
109	;	23,3027	;	-34,4337	;	03/10/08
112	;	22,1990	;	-205,3070	;	06/10/08
113	;	21,4883	;	-344,8856	;	07/10/08
114	;	20,9032	;	-448,7085	;	08/10/08
115	;	19,8578	;	-552,9668	;	09/10/08
116	;	19,1391	;	-630,0534	;	10/10/08
119	;	23,6121	;	-353,2427	;	13/10/08
120	;	24,5063	;	-96,6742	;	14/10/08
121	;	21,8142	;	-94,9394	;	15/10/08
122	;	20,4849	;	-165,8715	;	16/10/08
123	;	19,2807	;	-270,2172	;	17/10/08
126	;	20,6607	;	-224,4138	;	20/10/08
127	;	20,3181	;	-196,4110	;	21/10/08
128	;	17,8513	;	-316,2488	;	22/10/08
129	;	16,3795	;	-458,1190	;	23/10/08
130	;	14,6323	;	-622,8952	;	24/10/08
133	;	14,6323	;	-680,5562	;	27/10/08
134	;	15,9282	;	-583,7250	;	28/10/08
135	;	18,0266	;	-342,5800	;	29/10/08
136	;	19,9333	;	-35,1040	;	30/10/08
137	;	19,4816	;	147,4368	;	31/10/08
140	;	22,6739	;	474,2694	;	03/11/08
141	;	23,7701	;	739,5755	;	04/11/08
142	;	21,6863	;	747,7404	;	05/11/08
143	;	20,3472	;	640,1923	;	06/11/08
144	;	21,0919	;	597,2738	;	07/11/08
147	;	21,7615	;	590,9390	;	10/11/08
148	;	21,5524	;	550,4312	;	11/11/08
149	;	20,0543	;	407,0650	;	12/11/08
150	;	21,8951	;	418,9320	;	13/11/08
151	;	21,6024	;	390,4256	;	14/11/08
154	;	21,5691	;	353,7005	;	17/11/08
155	;	19,9199	;	209,9204	;	18/11/08
156	;	18,8824	;	44,9763	;	19/11/08
158	;	17,3752	;	-154,4990	;	21/11/08
161	;	20,1299	;	-92,8792	;	24/11/08
162	;	21,0603	;	12,8966	;	25/11/08
163	;	22,6042	;	179,9973	;	26/11/08
164	;	22,5021	;	271,2778	;	27/11/08
165	;	22,7236	;	330,2222	;	28/11/08
168	;	22,0187	;	306,0978	;	01/12/08
169	;	22,5732	;	310,7182	;	02/12/08
170	;	22,7956	;	311,2146	;	03/12/08
171	;	22,9918	;	306,8117	;	04/12/08
172	;	23,2224	;	300,9694	;	05/12/08
175	;	25,5361	;	426,8555	;	08/12/08
176	;	25,3138	;	465,8844	;	09/12/08
177	;	25,3567	;	464,2275	;	10/12/08
178	;	24,6142	;	386,0220	;	11/12/08
179	;	25,6123	;	374,0976	;	12/12/08
182	;	23,9058	;	230,8781	;	15/12/08
183	;	25,4421	;	219,3425	;	16/12/08
184	;	26,0398	;	230,5140	;	17/12/08
185	;	25,5278	;	184,0912	;	18/12/08
186	;	24,5886	;	76,2330	;	19/12/08
189	;	23,4440	;	-77,8136	;	22/12/08
190	;	22,2063	;	-258,4109	;	23/12/08
193	;	22,1125	;	-372,6487	;	26/12/08
196	;	22,1125	;	-432,4390	;	29/12/08
197	;	22,2830	;	-443,1512	;	30/12/08
200	;	24,7295	;	-276,2010	;	02/01/09
203	;	24,7890	;	-158,3208	;	05/01/09
204	;	25,8084	;	-15,7766	;	06/01/09
205	;	24,3269	;	-24,8613	;	07/01/09
206	;	24,4729	;	-24,6090	;	08/01/09
207	;	24,4470	;	-29,4472	;	09/01/09
210	;	23,4107	;	-101,5578	;	12/01/09
211	;	22,5548	;	-200,3662	;	13/01/09
212	;	20,8593	;	-363,8130	;	14/01/09
213	;	21,2358	;	-426,1704	;	15/01/09
214	;	20,5079	;	-491,4163	;	16/01/09
217	;	20,8074	;	-488,3330	;	19/01/09
218	;	19,3866	;	-551,3064	;	20/01/09
219	;	20,0374	;	-518,8851	;	21/01/09
220	;	19,4805	;	-504,3081	;	22/01/09
221	;	19,9259	;	-436,4865	;	23/01/09
224	;	19,7974	;	-374,4692	;	26/01/09
225	;	19,5149	;	-328,3754	;	27/01/09
226	;	20,9622	;	-183,5003	;	28/01/09
227	;	20,2939	;	-118,9602	;	29/01/09
228	;	20,0199	;	-82,6882	;	30/01/09
231	;	19,4149	;	-86,9506	;	02/02/09
232	;	19,6974	;	-59,5605	;	03/02/09
233	;	20,0580	;	-8,6884	;	04/02/09
234	;	20,9143	;	85,9293	;	05/02/09
235	;	22,4050	;	243,3034	;	06/02/09
238	;	22,0623	;	314,1627	;	09/02/09
239	;	21,2055	;	293,6502	;	10/02/09
240	;	21,1626	;	268,0402	;	11/02/09
241	;	20,9743	;	230,8322	;	12/02/09
242	;	21,8481	;	255,5458	;	13/02/09
245	;	21,7624	;	255,9566	;	16/02/09
246	;	20,4770	;	163,8853	;	17/02/09
247	;	20,3063	;	89,5082	;	18/02/09
248	;	20,1172	;	28,7266	;	19/02/09
249	;	19,5345	;	-45,5787	;	20/02/09
254	;	19,3206	;	-100,7030	;	25/02/09
255	;	19,3636	;	-124,4024	;	26/02/09
256	;	19,0208	;	-151,4419	;	27/02/09
259	;	18,0036	;	-221,8735	;	02/03/09
260	;	17,9177	;	-255,8188	;	03/03/09
261	;	18,9981	;	-190,1750	;	04/03/09
262	;	18,8609	;	-142,7800	;	05/03/09
263	;	19,1183	;	-83,8240	;	06/03/09
266	;	18,8921	;	-51,4592	;	09/03/09
267	;	20,0877	;	53,5526	;	10/03/09
268	;	20,1301	;	124,7621	;	11/03/09
269	;	20,6501	;	201,3297	;	12/03/09
270	;	20,7795	;	251,8638	;	13/03/09
273	;	20,8752	;	280,5310	;	16/03/09
274	;	21,3342	;	316,6648	;	17/03/09
275	;	22,0007	;	368,1318	;	18/03/09
276	;	21,4378	;	347,2254	;	19/03/09
277	;	21,1262	;	297,2203	;	20/03/09
280	;	23,1610	;	380,7362	;	23/03/09
281	;	22,3294	;	359,7090	;	24/03/09
282	;	22,4077	;	331,5272	;	25/03/09
283	;	23,1171	;	339,8618	;	26/03/09
284	;	23,0310	;	319,0894	;	27/03/09
287	;	22,3643	;	243,4315	;	30/03/09
288	;	22,2085	;	169,3852	;	31/03/09
289	;	22,5670	;	132,6282	;	01/04/09
290	;	23,6496	;	167,0626	;	02/04/09
291	;	24,2560	;	213,5701	;	03/04/09
294	;	24,4984	;	241,4961	;	06/04/09
295	;	24,5509	;	243,5969	;	07/04/09
296	;	24,5155	;	223,2775	;	08/04/09
297	;	25,3388	;	244,3020	;	09/04/09
298	;	25,3388	;	236,9616	;	10/04/09
301	;	25,1657	;	200,6893	;	13/04/09
302	;	23,9873	;	83,5114	;	14/04/09
303	;	23,9873	;	-3,1909	;	15/04/09
304	;	24,6803	;	-21,9127	;	16/04/09
305	;	24,5155	;	-51,9302	;	17/04/09
308	;	23,6327	;	-132,9842	;	20/04/09
310	;	23,2251	;	-211,2674	;	22/04/09
311	;	24,1695	;	-196,8539	;	23/04/09
312	;	24,7670	;	-146,8431	;	24/04/09
315	;	23,9096	;	-169,6345	;	27/04/09
316	;	24,4294	;	-148,5876	;	28/04/09
317	;	26,0579	;	-30,0701	;	29/04/09
318	;	26,3352	;	57,1439	;	30/04/09
322	;	27,7623	;	193,4751	;	04/05/09
323	;	28,4464	;	305,5001	;	05/05/09
324	;	28,1256	;	331,6801	;	06/05/09
325	;	25,9960	;	186,3841	;	07/05/09
326	;	26,2987	;	96,0673	;	08/05/09
329	;	25,6145	;	-18,2662	;	11/05/09
330	;	25,1994	;	-124,3730	;	12/05/09
331	;	24,5327	;	-235,5784	;	13/05/09
332	;	24,8527	;	-280,6227	;	14/05/09
333	;	24,5843	;	-318,8182	;	15/05/09
336	;	25,7708	;	-257,0546	;	18/05/09
337	;	25,5020	;	-228,2837	;	19/05/09
338	;	26,0045	;	-171,8270	;	20/05/09
339	;	25,9697	;	-134,9016	;	21/05/09
340	;	26,3073	;	-88,1613	;	22/05/09
343	;	26,3249	;	-57,8890	;	25/05/09
344	;	27,3205	;	23,0488	;	26/05/09
345	;	27,4417	;	75,6390	;	27/05/09
346	;	27,7106	;	116,9112	;	28/05/09
347	;	27,6236	;	125,9290	;	29/05/09
350	;	28,3858	;	168,3432	;	01/06/09
351	;	28,0306	;	157,5546	;	02/06/09
352	;	27,3642	;	93,8837	;	03/06/09
353	;	27,7105	;	64,7870	;	04/06/09
354	;	27,4766	;	21,6696	;	05/06/09
357	;	27,5368	;	-9,2243	;	08/06/09
358	;	27,1909	;	-56,7394	;	09/06/09
359	;	27,2945	;	-83,3115	;	10/06/09
361	;	27,7272	;	-74,2492	;	12/06/09
364	;	26,7749	;	-131,4794	;	15/06/09
365	;	26,6104	;	-176,7035	;	16/06/09
366	;	26,4634	;	-210,5628	;	17/06/09
367	;	26,0993	;	-248,8502	;	18/06/09
368	;	26,4980	;	-238,6002	;	19/06/09
371	;	26,3076	;	-235,6002	;	22/06/09
372	;	25,7622	;	-259,3602	;	23/06/09
373	;	25,7622	;	-263,3282	;	24/06/09
374	;	26,3508	;	-216,5026	;	25/06/09
375	;	26,7663	;	-150,8021	;	26/06/09
378	;	27,2945	;	-69,2017	;	29/06/09
379	;	26,9305	;	-38,7214	;	30/06/09
380	;	26,9394	;	-18,0171	;	01/07/09
381	;	26,8791	;	-8,8137	;	02/07/09
382	;	26,6711	;	-16,7310	;	03/07/09
385	;	26,8444	;	-10,6648	;	06/07/09
386	;	26,4200	;	-34,2118	;	07/07/09
387	;	26,2815	;	-56,7294	;	08/07/09
389	;	25,9784	;	-87,7835	;	10/07/09
392	;	25,9784	;	-103,1068	;	13/07/09
393	;	25,7012	;	-125,2054	;	14/07/09
394	;	26,7750	;	-63,8443	;	15/07/09
395	;	27,1908	;	4,7646	;	16/07/09
396	;	27,0608	;	39,4917	;	17/07/09
399	;	28,2036	;	132,2334	;	20/07/09
400	;	28,2296	;	184,9067	;	21/07/09
401	;	28,3081	;	212,6454	;	22/07/09
402	;	29,4336	;	289,6363	;	23/07/09
403	;	29,5201	;	326,5890	;	24/07/09
406	;	29,3991	;	322,4712	;	27/07/09
407	;	29,3553	;	296,9370	;	28/07/09
408	;	28,9658	;	236,6696	;	29/07/09
409	;	29,2344	;	199,1757	;	30/07/09
410	;	29,0957	;	151,5006	;	31/07/09
413	;	29,4422	;	130,5605	;	03/08/09
414	;	29,7024	;	121,7284	;	04/08/09
415	;	30,2998	;	142,1027	;	05/08/09
416	;	30,0486	;	125,2822	;	06/08/09
417	;	30,9229	;	157,5858	;	07/08/09
420	;	31,2434	;	183,2686	;	10/08/09
421	;	29,9618	;	100,7749	;	11/08/09
422	;	29,7369	;	21,9799	;	12/08/09
423	;	29,3732	;	-59,2161	;	13/08/09
424	;	28,9228	;	-143,0529	;	14/08/09
427	;	28,2298	;	-239,3223	;	17/08/09
428	;	29,2257	;	-230,0178	;	18/08/09
429	;	29,6151	;	-193,2142	;	19/08/09
430	;	30,0052	;	-140,5714	;	20/08/09
431	;	29,7885	;	-119,1771	;	21/08/09
434	;	30,0588	;	-87,1817	;	24/08/09
435	;	30,4329	;	-43,4254	;	25/08/09
436	;	31,0952	;	23,9797	;	26/08/09
437	;	30,8601	;	45,3438	;	27/08/09
438	;	30,8338	;	49,8750	;	28/08/09
441	;	30,6403	;	32,8600	;	31/08/09
442	;	29,7495	;	-41,2320	;	01/09/09
443	;	29,6632	;	-95,9456	;	02/09/09
444	;	29,5192	;	-138,9965	;	03/09/09
445	;	30,2668	;	-115,3572	;	04/09/09
449	;	30,6595	;	-73,4858	;	08/09/09
450	;	31,0426	;	-22,7086	;	09/09/09
451	;	31,2250	;	18,0731	;	10/09/09
452	;	31,5604	;	60,1385	;	11/09/09
455	;	31,6176	;	83,0708	;	14/09/09
456	;	32,0872	;	118,7766	;	15/09/09
457	;	32,5183	;	158,0613	;	16/09/09
458	;	32,5279	;	170,1290	;	17/09/09
459	;	32,7195	;	175,8632	;	18/09/09
462	;	32,4799	;	149,3306	;	21/09/09
463	;	32,6238	;	128,0245	;	22/09/09
464	;	32,0872	;	67,4596	;	23/09/09
465	;	31,7615	;	-1,2323	;	24/09/09
466	;	31,9338	;	-39,6258	;	25/09/09
469	;	32,6429	;	-22,5806	;	28/09/09
470	;	33,7254	;	52,0955	;	29/09/09
471	;	34,2046	;	120,3164	;	30/09/09
472	;	34,3601	;	160,0131	;	01/10/09
473	;	34,5039	;	178,6505	;	02/10/09
476	;	35,1748	;	216,4404	;	05/10/09
477	;	34,6954	;	190,2723	;	06/10/09
478	;	33,5932	;	85,1778	;	07/10/09
479	;	34,1684	;	43,0222	;	08/10/09
480	;	34,5039	;	27,0578	;	09/10/09
484	;	34,5998	;	13,0862	;	13/10/09
485	;	35,5582	;	56,0690	;	14/10/09
486	;	35,4142	;	62,0552	;	15/10/09
487	;	35,0788	;	32,1242	;	16/10/09
490	;	35,4814	;	28,3394	;	19/10/09
491	;	34,7914	;	-28,7685	;	20/10/09
492	;	34,5039	;	-90,4548	;	21/10/09
493	;	35,1748	;	-90,4438	;	22/10/09
494	;	34,8391	;	-115,7950	;	23/10/09
497	;	34,7914	;	-137,1160	;	26/10/09
498	;	33,8904	;	-208,8128	;	27/10/09
499	;	31,6286	;	-394,8102	;	28/10/09
500	;	33,6701	;	-367,0482	;	29/10/09
501	;	32,1075	;	-436,0386	;	30/10/09
505	;	33,8069	;	-352,8309	;	03/11/09
506	;	34,9001	;	-216,5047	;	04/11/09
507	;	35,1875	;	-104,9638	;	05/11/09
508	;	35,0340	;	-42,6910	;	06/11/09
511	;	35,8108	;	44,8872	;	09/11/09
512	;	36,2709	;	123,5098	;	10/11/09
513	;	36,2900	;	163,9278	;	11/11/09
514	;	35,2357	;	109,3822	;	12/11/09
515	;	36,4148	;	140,3858	;	13/11/09
518	;	36,6735	;	164,3886	;	16/11/09
519	;	36,8942	;	179,9109	;	17/11/09
520	;	36,4341	;	145,5287	;	18/11/09
521	;	35,5613	;	54,9830	;	19/11/09
525	;	36,3282	;	38,4664	;	23/11/09
526	;	36,5202	;	32,4531	;	24/11/09
527	;	37,1913	;	63,8825	;	25/11/09
528	;	35,9736	;	-3,6140	;	26/11/09
529	;	36,1944	;	-37,7712	;	27/11/09
532	;	36,3859	;	-51,0170	;	30/11/09
533	;	37,7405	;	23,8264	;	01/12/09
534	;	38,1719	;	91,1411	;	02/12/09
535	;	37,7405	;	94,8329	;	03/12/09
536	;	37,6925	;	82,7463	;	04/12/09
539	;	38,4120	;	110,1170	;	07/12/09
540	;	38,2200	;	102,4136	;	08/12/09
541	;	38,2103	;	84,4909	;	09/12/09
542	;	38,4023	;	73,8327	;	10/12/09
543	;	38,3640	;	53,4662	;	11/12/09
546	;	38,1529	;	16,8530	;	14/12/09
547	;	38,4693	;	5,6424	;	15/12/09
548	;	37,9801	;	-40,5261	;	16/12/09
549	;	36,9442	;	-140,9809	;	17/12/09
550	;	36,9057	;	-206,1447	;	18/12/09
553	;	36,5892	;	-263,0758	;	21/12/09
554	;	36,6276	;	-288,7006	;	22/12/09
555	;	36,3208	;	-314,6405	;	23/12/09
560	;	36,3496	;	-317,3124	;	28/12/09
561	;	37,0308	;	-262,8899	;	29/12/09
562	;	37,1075	;	-213,5119	;	30/12/09
567	;	38,6683	;	-74,7295	;	04/01/10
568	;	38,9189	;	29,4964	;	05/01/10
569	;	38,5815	;	68,8771	;	06/01/10
570	;	38,1863	;	61,7417	;	07/01/10
571	;	37,6081	;	14,0334	;	08/01/10
574	;	37,2804	;	-40,6933	;	11/01/10
575	;	36,9334	;	-98,1546	;	12/01/10
576	;	37,0492	;	-124,3637	;	13/01/10
577	;	36,5384	;	-169,4910	;	14/01/10
578	;	35,9215	;	-230,4728	;	15/01/10
581	;	36,2395	;	-237,8982	;	18/01/10
582	;	36,1432	;	-237,3586	;	19/01/10
583	;	35,1891	;	-285,9669	;	20/01/10
584	;	34,5431	;	-342,6135	;	21/01/10
585	;	34,9383	;	-334,0908	;	22/01/10
589	;	35,0251	;	-304,0726	;	26/01/10
590	;	34,5238	;	-299,0181	;	27/01/10
591	;	35,5551	;	-211,2945	;	28/01/10
592	;	34,8227	;	-188,5556	;	29/01/10
595	;	35,4900	;	-117,8845	;	01/02/10
596	;	35,9622	;	-33,1076	;	02/02/10
597	;	35,8081	;	16,2339	;	03/02/10
598	;	34,4295	;	-37,4929	;	04/02/10
599	;	33,5521	;	-120,8743	;	05/02/10
602	;	33,4555	;	-168,3794	;	08/02/10
603	;	34,9498	;	-89,0235	;	09/02/10
604	;	35,1429	;	-17,1388	;	10/02/10
605	;	35,7599	;	73,4090	;	11/02/10
606	;	35,7502	;	130,7272	;	12/02/10
611	;	36,5216	;	213,7818	;	17/02/10
612	;	36,6370	;	266,3054	;	18/02/10
613	;	36,0588	;	252,0043	;	19/02/10
616	;	35,6733	;	208,2434	;	22/02/10
617	;	35,0791	;	134,5947	;	23/02/10
618	;	34,6894	;	58,7958	;	24/02/10
619	;	34,6796	;	9,7566	;	25/02/10
620	;	35,5564	;	36,6053	;	26/02/10
623	;	35,6267	;	58,0842	;	01/03/10
624	;	36,2017	;	107,1074	;	02/03/10
625	;	36,2017	;	133,8459	;	03/03/10
626	;	36,1528	;	141,8767	;	04/03/10
627	;	36,3477	;	153,0214	;	05/03/10
630	;	36,3281	;	151,3771	;	08/03/10
631	;	36,7766	;	171,4217	;	09/03/10
632	;	36,9324	;	184,8974	;	10/03/10
633	;	37,0300	;	189,4379	;	11/03/10
634	;	36,4356	;	143,5503	;	12/03/10
637	;	36,6498	;	119,6402	;	15/03/10
638	;	36,8836	;	111,8722	;	16/03/10
639	;	36,5426	;	77,6578	;	17/03/10
640	;	36,2501	;	31,5662	;	18/03/10
641	;	36,1042	;	-10,2670	;	19/03/10
644	;	36,6399	;	-3,7336	;	22/03/10
645	;	36,3379	;	-20,6669	;	23/03/10
646	;	35,5681	;	-81,3335	;	24/03/10
647	;	35,9968	;	-89,3868	;	25/03/10
648	;	36,6399	;	-50,3094	;	26/03/10
651	;	37,1857	;	10,3125	;	29/03/10
652	;	37,5659	;	70,5700	;	30/03/10
653	;	38,0042	;	131,0160	;	31/03/10
654	;	38,2110	;	173,3728	;	01/04/10
658	;	38,4547	;	204,0582	;	05/04/10
659	;	37,9673	;	178,7666	;	06/04/10
660	;	37,6261	;	128,6133	;	07/04/10
661	;	38,9713	;	172,8906	;	08/04/10
662	;	39,0883	;	195,1925	;	09/04/10
665	;	38,5521	;	160,3940	;	12/04/10
666	;	38,4352	;	117,9952	;	13/04/10
667	;	38,6496	;	94,0762	;	14/04/10
668	;	38,5911	;	65,2610	;	15/04/10
669	;	37,3823	;	-38,6712	;	16/04/10
672	;	36,9534	;	-134,2970	;	19/04/10
673	;	37,2850	;	-171,0376	;	20/04/10
675	;	36,9437	;	-211,3101	;	22/04/10
676	;	36,9925	;	-226,4081	;	23/04/10
679	;	36,5149	;	-258,0065	;	26/04/10
680	;	35,2964	;	-344,9652	;	27/04/10
681	;	36,1933	;	-326,2922	;	28/04/10
682	;	36,8463	;	-257,1138	;	29/04/10
683	;	36,7411	;	-207,7710	;	30/04/10
686	;	36,8580	;	-158,9368	;	03/05/10
687	;	35,8828	;	-182,1094	;	04/05/10
688	;	35,7660	;	-194,0875	;	05/05/10
689	;	35,3369	;	-217,9900	;	06/05/10
690	;	35,2394	;	-226,3120	;	07/05/10
693	;	36,7508	;	-121,3696	;	10/05/10
694	;	36,2434	;	-79,4157	;	11/05/10
695	;	36,1756	;	-50,8926	;	12/05/10
696	;	35,6392	;	-62,1541	;	13/05/10
697	;	35,0542	;	-100,6833	;	14/05/10
700	;	35,0053	;	-119,7466	;	17/05/10
701	;	34,1181	;	-178,9973	;	18/05/10
702	;	32,3726	;	-314,5578	;	19/05/10
703	;	32,0315	;	-400,6062	;	20/05/10
704	;	32,6651	;	-387,9250	;	21/05/10
707	;	32,0996	;	-389,7000	;	24/05/10
708	;	31,3098	;	-413,9200	;	25/05/10
709	;	32,3628	;	-332,2560	;	26/05/10
710	;	32,9480	;	-217,6448	;	27/05/10
711	;	32,7627	;	-137,1558	;	28/05/10
714	;	33,8354	;	-1,5646	;	31/05/10
715	;	33,1640	;	50,0283	;	01/06/10
716	;	34,1006	;	148,9026	;	02/06/10
718	;	33,4080	;	167,8421	;	04/06/10
721	;	32,3937	;	114,7537	;	07/06/10
722	;	32,9789	;	121,2430	;	08/06/10
723	;	32,6764	;	107,6344	;	09/06/10
724	;	33,5546	;	157,3075	;	10/06/10
725	;	34,0518	;	219,4460	;	11/06/10
728	;	33,5056	;	218,9968	;	14/06/10
729	;	34,3248	;	265,9974	;	15/06/10
730	;	34,4324	;	294,2379	;	16/06/10
731	;	34,2761	;	291,7103	;	17/06/10
732	;	34,4324	;	289,3682	;	18/06/10
735	;	34,5786	;	285,8946	;	21/06/10
736	;	34,4324	;	262,6357	;	22/06/10
737	;	34,5981	;	247,4686	;	23/06/10
738	;	33,5056	;	157,3349	;	24/06/10
739	;	33,7494	;	109,8679	;	25/06/10
742	;	33,6616	;	70,2143	;	28/06/10
743	;	32,2767	;	-45,5086	;	29/06/10
744	;	31,7011	;	-150,9669	;	30/06/10
745	;	33,1666	;	-113,8935	;	01/07/10
746	;	33,4790	;	-62,7948	;	02/07/10
749	;	32,6690	;	-76,9558	;	05/07/10
750	;	33,4497	;	-29,7246	;	06/07/10
751	;	35,4110	;	129,0203	;	07/07/10
752	;	36,2014	;	274,3362	;	08/07/10
756	;	36,3282	;	360,5090	;	12/07/10
757	;	36,4453	;	403,7672	;	13/07/10
758	;	36,1819	;	392,6138	;	14/07/10
759	;	36,1039	;	358,8910	;	15/07/10
760	;	35,1963	;	259,0328	;	16/07/10
763	;	36,0061	;	231,9462	;	19/07/10
764	;	36,3086	;	218,9970	;	20/07/10
765	;	36,1916	;	188,2376	;	21/07/10
766	;	37,1771	;	218,0301	;	22/07/10
767	;	37,5675	;	245,7041	;	23/07/10
770	;	37,6553	;	250,5633	;	26/07/10
771	;	37,5675	;	229,2506	;	27/07/10
772	;	38,4456	;	253,7205	;	28/07/10
773	;	38,4748	;	250,8164	;	29/07/10
774	;	38,6308	;	238,4931	;	30/07/10
777	;	38,7600	;	218,5545	;	02/08/10
778	;	37,5788	;	110,8436	;	03/08/10
779	;	36,9346	;	-12,2051	;	04/08/10
780	;	37,0028	;	-92,8841	;	05/08/10
781	;	37,4324	;	-119,6673	;	06/08/10
784	;	37,5788	;	-128,9338	;	09/08/10
785	;	37,4030	;	-147,0670	;	10/08/10
786	;	36,8103	;	-195,9736	;	11/08/10
787	;	36,9871	;	-212,1389	;	12/08/10
788	;	37,0461	;	-213,9511	;	13/08/10
791	;	37,2230	;	-198,6809	;	16/08/10
792	;	37,4684	;	-168,6247	;	17/08/10
793	;	37,3800	;	-151,8598	;	18/08/10
794	;	36,9379	;	-166,5278	;	19/08/10
795	;	36,8594	;	-176,5022	;	20/08/10
798	;	36,6040	;	-193,9218	;	23/08/10
799	;	35,9753	;	-238,4974	;	24/08/10
800	;	35,9555	;	-258,3179	;	25/08/10
801	;	35,0616	;	-316,7343	;	26/08/10
802	;	36,5450	;	-243,8674	;	27/08/10
805	;	36,1030	;	-214,9339	;	30/08/10
806	;	37,1540	;	-119,2271	;	31/08/10
807	;	37,6475	;	-22,0217	;	01/09/10
808	;	37,2443	;	13,9026	;	02/09/10
809	;	37,1954	;	32,0821	;	03/09/10
812	;	36,8514	;	19,2657	;	06/09/10
814	;	36,8024	;	6,5326	;	08/09/10
815	;	36,6253	;	-13,7339	;	09/09/10
816	;	36,5468	;	-31,3071	;	10/09/10
819	;	37,8341	;	40,9543	;	13/09/10
820	;	38,3746	;	117,9634	;	14/09/10
821	;	38,6005	;	173,6507	;	15/09/10
822	;	38,2273	;	174,3606	;	16/09/10
823	;	38,0305	;	151,4085	;	17/09/10
826	;	38,3255	;	145,9268	;	20/09/10
827	;	37,7261	;	94,1814	;	21/09/10
828	;	37,9816	;	70,5451	;	22/09/10
829	;	38,2764	;	68,1961	;	23/09/10
830	;	37,9816	;	41,4369	;	24/09/10
833	;	38,0305	;	22,5895	;	27/09/10
834	;	38,3746	;	28,5516	;	28/09/10
835	;	39,0724	;	72,2813	;	29/09/10
836	;	39,7701	;	137,1050	;	30/09/10
837	;	40,1142	;	188,9640	;	01/10/10
840	;	40,1633	;	210,7712	;	04/10/10
841	;	41,1662	;	272,9370	;	05/10/10
842	;	40,8024	;	269,2296	;	06/10/10
843	;	40,8812	;	252,1037	;	07/10/10
844	;	41,7757	;	278,9630	;	08/10/10
847	;	41,4612	;	254,1304	;	11/10/10
849	;	41,9430	;	248,5843	;	13/10/10
850	;	41,6383	;	204,4674	;	14/10/10
851	;	42,0510	;	183,8939	;	15/10/10
854	;	42,2773	;	166,8751	;	18/10/10
855	;	41,4316	;	84,2201	;	19/10/10
856	;	41,8347	;	44,1761	;	20/10/10
857	;	41,3039	;	-26,8191	;	21/10/10
858	;	41,6773	;	-55,6153	;	22/10/10
861	;	41,7856	;	-73,2922	;	25/10/10
862	;	41,6871	;	-96,0738	;	26/10/10
863	;	40,8418	;	-168,2990	;	27/10/10
864	;	40,4483	;	-238,5592	;	28/10/10
865	;	40,8024	;	-255,5674	;	29/10/10
868	;	41,5813	;	-210,6139	;	01/11/10
870	;	41,4535	;	-186,7311	;	03/11/10
871	;	42,3878	;	-108,9849	;	04/11/10
872	;	42,7713	;	-36,4679	;	05/11/10
875	;	42,8107	;	7,2257	;	08/11/10
876	;	41,6599	;	-45,6594	;	09/11/10
877	;	42,1418	;	-51,8075	;	10/11/10
878	;	41,3060	;	-112,4060	;	11/11/10
879	;	41,3060	;	-150,3248	;	12/11/10
883	;	40,4699	;	-225,1398	;	16/11/10
884	;	40,4208	;	-268,2718	;	17/11/10
885	;	40,8241	;	-259,8974	;	18/11/10
886	;	41,2371	;	-218,3979	;	19/11/10
889	;	40,5979	;	-225,1183	;	22/11/10
890	;	39,5258	;	-288,7346	;	23/11/10
891	;	39,8700	;	-293,6277	;	24/11/10
892	;	39,8012	;	-287,0622	;	25/11/10
893	;	39,4374	;	-291,8898	;	26/11/10
896	;	38,9456	;	-311,1918	;	29/11/10
897	;	38,6013	;	-328,3934	;	30/11/10
898	;	39,3609	;	-272,0747	;	01/12/10
899	;	39,4987	;	-211,8198	;	02/12/10
900	;	38,8887	;	-199,3758	;	03/12/10
903	;	38,5346	;	-200,8606	;	06/12/10
904	;	38,6623	;	-179,8085	;	07/12/10
905	;	38,2983	;	-176,6468	;	08/12/10
906	;	37,7671	;	-195,0774	;	09/12/10
907	;	37,7671	;	-191,9019	;	10/12/10
910	;	37,8754	;	-167,9215	;	13/12/10
911	;	38,0426	;	-127,9372	;	14/12/10
912	;	37,8261	;	-104,2698	;	15/12/10
913	;	37,5212	;	-97,4958	;	16/12/10
914	;	37,8754	;	-59,3566	;	17/12/10
917	;	37,0491	;	-78,7653	;	20/12/10
918	;	37,9049	;	-25,6522	;	21/12/10
919	;	38,7903	;	72,0382	;	22/12/10
920	;	38,6919	;	129,5506	;	23/12/10
924	;	38,0229	;	122,2005	;	27/12/10
925	;	38,0032	;	115,7604	;	28/12/10
926	;	38,8494	;	165,1683	;	29/12/10
927	;	39,1445	;	211,4946	;	30/12/10
931	;	39,2482	;	240,7957	;	03/01/11
932	;	39,5648	;	270,8766	;	04/01/11
933	;	40,1582	;	316,9413	;	05/01/11
934	;	39,2087	;	271,3930	;	06/01/11
935	;	38,2494	;	169,5144	;	07/01/11
938	;	38,5560	;	118,1715	;	10/01/11
939	;	38,7933	;	96,4572	;	11/01/11
940	;	39,8121	;	144,1258	;	12/01/11
941	;	38,9416	;	111,8606	;	13/01/11
942	;	39,1791	;	101,6485	;	14/01/11
945	;	38,6251	;	54,9988	;	17/01/11
946	;	38,1306	;	-8,2410	;	18/01/11
947	;	37,7151	;	-73,5528	;	19/01/11
948	;	36,7953	;	-168,8422	;	20/01/11
949	;	36,8052	;	-218,1138	;	21/01/11
952	;	37,0722	;	-219,1310	;	24/01/11
954	;	36,5479	;	-239,7848	;	26/01/11
955	;	36,6964	;	-228,2278	;	27/01/11
956	;	35,8952	;	-257,1422	;	28/01/11
959	;	35,2028	;	-302,4338	;	31/01/11
960	;	35,7193	;	-277,6270	;	01/02/11
961	;	35,3829	;	-264,1816	;	02/02/11
962	;	35,0168	;	-259,7453	;	03/02/11
963	;	34,0471	;	-299,0762	;	04/02/11
966	;	34,3934	;	-279,1810	;	07/02/11
967	;	35,4225	;	-178,9448	;	08/02/11
968	;	34,5914	;	-151,9558	;	09/02/11
969	;	34,3934	;	-131,5646	;	10/02/11
970	;	35,7292	;	-18,1317	;	11/02/11
973	;	35,9963	;	79,4946	;	14/02/11
974	;	36,6296	;	185,2757	;	15/02/11
975	;	37,4508	;	302,2206	;	16/02/11
976	;	37,8070	;	389,6165	;	17/02/11
977	;	37,6389	;	419,5332	;	18/02/11
980	;	37,0551	;	384,4266	;	21/02/11
981	;	36,2437	;	294,9813	;	22/02/11
982	;	36,4218	;	238,6250	;	23/02/11
983	;	36,0854	;	172,5800	;	24/02/11
984	;	35,9271	;	114,9440	;	25/02/11
987	;	36,6098	;	118,9952	;	28/02/11
988	;	35,8299	;	67,9162	;	01/03/11
989	;	35,9585	;	42,7330	;	02/03/11
990	;	36,8394	;	83,0664	;	03/03/11
991	;	36,9582	;	113,4931	;	04/03/11
996	;	36,2100	;	80,4745	;	09/03/11
997	;	34,8200	;	-31,6204	;	10/03/11
998	;	35,6800	;	-43,7763	;	11/03/11
