-164	;	23,7073	;	52,1160	;	03/01/08
-163	;	23,4327	;	51,0404	;	04/01/08
-160	;	23,9903	;	50,6569	;	07/01/08
-159	;	24,4828	;	52,3215	;	08/01/08
-158	;	24,9189	;	43,0274	;	09/01/08
-157	;	25,6378	;	52,1599	;	10/01/08
-156	;	24,3293	;	44,8143	;	11/01/08
-153	;	24,2327	;	48,5221	;	14/01/08
-152	;	23,6752	;	51,5692	;	15/01/08
-151	;	23,6670	;	54,4469	;	16/01/08
-150	;	23,4163	;	58,0844	;	17/01/08
-149	;	23,0614	;	56,0092	;	18/01/08
-146	;	21,8821	;	53,0060	;	21/01/08
-145	;	23,1823	;	59,8079	;	22/01/08
-144	;	22,1323	;	56,0690	;	23/01/08
-143	;	23,7881	;	59,9588	;	24/01/08
-139	;	23,5053	;	63,0551	;	28/01/08
-138	;	23,9903	;	63,0672	;	29/01/08
-137	;	24,5555	;	63,7201	;	30/01/08
-136	;	23,6267	;	64,0606	;	31/01/08
-135	;	23,4246	;	68,2237	;	01/02/08
-130	;	22,8996	;	66,3513	;	06/02/08
-129	;	22,6170	;	67,4214	;	07/02/08
-128	;	22,6170	;	65,1021	;	08/02/08
-125	;	22,8189	;	59,4337	;	11/02/08
-124	;	23,2229	;	55,8067	;	12/02/08
-123	;	23,2309	;	56,0034	;	13/02/08
-122	;	22,8189	;	52,1857	;	14/02/08
-121	;	23,0614	;	54,7928	;	15/02/08
-118	;	23,9094	;	47,8515	;	18/02/08
-117	;	24,2730	;	45,8200	;	19/02/08
-116	;	24,9515	;	47,1437	;	20/02/08
-115	;	25,6057	;	47,6101	;	21/02/08
-114	;	25,1611	;	53,3997	;	22/02/08
-111	;	24,2327	;	45,7017	;	25/02/08
-110	;	23,0235	;	40,0951	;	26/02/08
-109	;	22,8615	;	41,0673	;	27/02/08
-108	;	22,7399	;	44,5395	;	28/02/08
-107	;	22,8778	;	44,0429	;	29/02/08
-104	;	22,4973	;	44,9479	;	03/03/08
-103	;	22,0115	;	48,7081	;	04/03/08
-102	;	22,4487	;	47,9761	;	05/03/08
-101	;	22,0115	;	50,2683	;	06/03/08
-100	;	21,6880	;	47,5918	;	07/03/08
-97	;	21,4452	;	50,0162	;	10/03/08
-96	;	21,5182	;	40,9670	;	11/03/08
-95	;	20,8547	;	31,7712	;	12/03/08
-94	;	20,8787	;	26,2958	;	13/03/08
-93	;	21,4452	;	36,9852	;	14/03/08
-90	;	20,3930	;	37,0959	;	17/03/08
-89	;	20,8386	;	38,5617	;	18/03/08
-88	;	20,4337	;	36,6778	;	19/03/08
-87	;	20,1464	;	40,1455	;	20/03/08
-83	;	20,7571	;	43,3991	;	24/03/08
-82	;	21,1640	;	43,7176	;	25/03/08
-81	;	20,7571	;	43,6628	;	26/03/08
-80	;	20,0244	;	41,5801	;	27/03/08
-79	;	19,0637	;	37,7890	;	28/03/08
-76	;	18,8114	;	37,5790	;	31/03/08
-75	;	20,0737	;	49,3088	;	01/04/08
-74	;	20,5536	;	49,0714	;	02/04/08
-73	;	20,2684	;	54,4093	;	03/04/08
-72	;	20,0737	;	56,9183	;	04/04/08
-69	;	20,3092	;	57,3966	;	07/04/08
-68	;	20,4318	;	55,0596	;	08/04/08
-67	;	19,8210	;	53,6002	;	09/04/08
-66	;	19,1777	;	51,2131	;	10/04/08
-65	;	19,0474	;	52,5857	;	11/04/08
-62	;	18,4128	;	52,9458	;	14/04/08
-61	;	18,5348	;	48,2886	;	15/04/08
-60	;	19,8210	;	56,8321	;	16/04/08
-59	;	20,6350	;	61,8739	;	17/04/08
-58	;	20,6755	;	57,5685	;	18/04/08
-54	;	20,4318	;	53,8536	;	22/04/08
-53	;	19,9839	;	53,3291	;	23/04/08
-52	;	20,6105	;	53,5675	;	24/04/08
-51	;	21,6523	;	54,6418	;	25/04/08
-48	;	21,7748	;	53,9431	;	28/04/08
-47	;	21,4571	;	57,8136	;	29/04/08
-46	;	23,5246	;	65,2774	;	30/04/08
-44	;	24,7702	;	69,1025	;	02/05/08
-41	;	24,4202	;	67,3754	;	05/05/08
-40	;	23,5246	;	66,6139	;	06/05/08
-39	;	22,7838	;	66,7334	;	07/05/08
-38	;	23,4026	;	63,8131	;	08/05/08
-37	;	23,2394	;	65,9115	;	09/05/08
-34	;	23,5978	;	67,0114	;	12/05/08
-33	;	23,1176	;	65,6633	;	13/05/08
-32	;	23,5441	;	64,2698	;	14/05/08
-31	;	24,2006	;	64,0008	;	15/05/08
-30	;	24,5288	;	60,8529	;	16/05/08
-27	;	24,7338	;	61,1015	;	19/05/08
-26	;	24,6929	;	63,6814	;	20/05/08
-25	;	23,9135	;	53,4154	;	21/05/08
-23	;	23,2406	;	46,3620	;	23/05/08
-20	;	23,2572	;	41,5613	;	26/05/08
-19	;	23,8725	;	46,2739	;	27/05/08
-18	;	25,3081	;	55,3823	;	28/05/08
-17	;	25,4397	;	52,4644	;	29/05/08
-16	;	26,6946	;	52,4712	;	30/05/08
-13	;	25,9810	;	51,8388	;	02/06/08
-12	;	25,0209	;	48,2782	;	03/06/08
-11	;	24,7829	;	51,6484	;	04/06/08
-10	;	26,0874	;	54,6723	;	05/06/08
-9	;	25,3734	;	55,6067	;	06/06/08
-6	;	24,9801	;	59,3728	;	09/06/08
-5	;	24,8569	;	58,9302	;	10/06/08
-4	;	24,3648	;	60,5496	;	11/06/08
-3	;	24,2909	;	64,3216	;	12/06/08
-2	;	23,6264	;	67,0769	;	13/06/08
1	;	24,1185	;	66,4225	;	16/06/08
2	;	24,4057	;	59,5319	;	17/06/08
3	;	23,3802	;	61,2328	;	18/06/08
4	;	23,3802	;	57,1690	;	19/06/08
5	;	22,4861	;	55,8769	;	20/06/08
8	;	22,1825	;	58,5740	;	23/06/08
9	;	22,2424	;	50,8229	;	24/06/08
10	;	23,3807	;	50,4051	;	25/06/08
11	;	22,4814	;	48,9987	;	26/06/08
12	;	22,0529	;	48,5646	;	27/06/08
15	;	21,5664	;	46,5756	;	30/06/08
16	;	20,3293	;	42,7393	;	01/07/08
17	;	19,7931	;	40,6576	;	02/07/08
18	;	19,4796	;	41,6588	;	03/07/08
19	;	19,6281	;	37,7024	;	04/07/08
22	;	19,0263	;	40,3083	;	07/07/08
23	;	19,9992	;	49,2101	;	08/07/08
25	;	19,9581	;	51,6471	;	10/07/08
26	;	19,6281	;	53,7890	;	11/07/08
29	;	19,9168	;	50,0875	;	14/07/08
30	;	20,1228	;	51,5446	;	15/07/08
31	;	20,9144	;	49,2501	;	16/07/08
32	;	20,2961	;	50,2438	;	17/07/08
33	;	20,5764	;	47,6714	;	18/07/08
36	;	20,6344	;	43,9321	;	21/07/08
37	;	19,7931	;	46,3488	;	22/07/08
38	;	20,4530	;	48,9471	;	23/07/08
39	;	20,3951	;	51,4712	;	24/07/08
40	;	19,9992	;	53,8505	;	25/07/08
43	;	19,0263	;	50,8736	;	28/07/08
44	;	20,1228	;	51,8354	;	29/07/08
45	;	20,8486	;	49,7266	;	30/07/08
46	;	20,7004	;	51,2665	;	31/07/08
47	;	19,6362	;	49,1871	;	01/08/08
50	;	18,6220	;	49,2547	;	04/08/08
51	;	18,9686	;	46,2571	;	05/08/08
52	;	19,9168	;	48,8986	;	06/08/08
53	;	19,6281	;	52,8236	;	07/08/08
54	;	19,2984	;	58,1812	;	08/08/08
57	;	18,6139	;	58,6952	;	11/08/08
58	;	17,9788	;	59,0027	;	12/08/08
59	;	17,4838	;	56,9562	;	13/08/08
60	;	17,9788	;	54,4320	;	14/08/08
61	;	18,3827	;	54,3546	;	15/08/08
64	;	18,4984	;	47,4761	;	18/08/08
65	;	18,4071	;	48,1577	;	19/08/08
66	;	18,7803	;	45,1490	;	20/08/08
67	;	19,3190	;	48,5586	;	21/08/08
68	;	19,4933	;	50,8101	;	22/08/08
71	;	18,8879	;	50,0967	;	25/08/08
72	;	18,4071	;	44,6897	;	26/08/08
73	;	19,4022	;	49,0927	;	27/08/08
74	;	20,0652	;	49,0181	;	28/08/08
75	;	19,7252	;	52,1220	;	29/08/08
78	;	19,1780	;	53,2850	;	01/09/08
79	;	19,3522	;	52,6426	;	02/09/08
80	;	19,1532	;	54,2479	;	03/09/08
81	;	18,5727	;	52,4112	;	04/09/08
82	;	18,6558	;	52,1286	;	05/09/08
85	;	18,1999	;	49,0101	;	08/09/08
86	;	17,8186	;	49,8414	;	09/09/08
87	;	18,4405	;	50,9312	;	10/09/08
88	;	18,7388	;	52,1279	;	11/09/08
89	;	18,6144	;	55,5999	;	12/09/08
92	;	16,9643	;	47,4255	;	15/09/08
93	;	18,1004	;	49,4505	;	16/09/08
94	;	16,4999	;	42,9724	;	17/09/08
95	;	17,4124	;	45,5897	;	18/09/08
96	;	19,0539	;	51,0433	;	19/09/08
99	;	18,2412	;	53,7368	;	22/09/08
100	;	18,4819	;	48,5728	;	23/09/08
101	;	18,5401	;	44,3230	;	24/09/08
102	;	19,0409	;	46,1866	;	25/09/08
103	;	18,9993	;	48,3152	;	26/09/08
106	;	17,0952	;	41,5007	;	29/09/08
107	;	18,9993	;	46,9184	;	30/09/08
108	;	18,7904	;	52,2166	;	01/10/08
109	;	16,9533	;	46,2847	;	02/10/08
110	;	15,8675	;	47,7489	;	03/10/08
113	;	14,7233	;	45,8912	;	06/10/08
114	;	13,8632	;	47,5034	;	07/10/08
115	;	13,2786	;	47,7447	;	08/10/08
116	;	12,2348	;	40,4640	;	09/10/08
117	;	11,6918	;	40,3909	;	10/10/08
120	;	14,1139	;	60,4273	;	13/10/08
121	;	15,0240	;	64,2291	;	14/10/08
122	;	13,4538	;	67,5258	;	15/10/08
123	;	12,8193	;	66,0963	;	16/10/08
124	;	12,6021	;	68,7926	;	17/10/08
127	;	13,8632	;	68,1456	;	20/10/08
128	;	13,6961	;	68,1096	;	21/10/08
129	;	11,5916	;	66,2590	;	22/10/08
130	;	10,9318	;	66,4894	;	23/10/08
131	;	10,6477	;	68,0199	;	24/10/08
134	;	9,7712	;	67,2180	;	27/10/08
135	;	11,0655	;	66,9386	;	28/10/08
136	;	11,6918	;	64,9827	;	29/10/08
137	;	12,2428	;	61,8688	;	30/10/08
138	;	12,3350	;	52,1462	;	31/10/08
141	;	11,9590	;	53,8637	;	03/11/08
142	;	13,8296	;	61,0492	;	04/11/08
143	;	13,4039	;	61,9783	;	05/11/08
144	;	12,5270	;	59,3068	;	06/11/08
145	;	12,7776	;	55,0387	;	07/11/08
148	;	12,0342	;	52,6524	;	10/11/08
149	;	11,8923	;	60,7533	;	11/11/08
150	;	11,0154	;	59,6651	;	12/11/08
151	;	11,7752	;	58,1016	;	13/11/08
152	;	11,7535	;	64,2434	;	14/11/08
155	;	11,8884	;	57,4880	;	17/11/08
156	;	11,2981	;	56,3402	;	18/11/08
157	;	11,2308	;	59,2119	;	19/11/08
159	;	9,6204	;	57,6773	;	21/11/08
162	;	10,5392	;	59,0014	;	24/11/08
163	;	10,8597	;	48,0381	;	25/11/08
164	;	11,8800	;	51,0231	;	26/11/08
165	;	11,9306	;	48,5082	;	27/11/08
166	;	12,0568	;	47,7723	;	28/11/08
169	;	12,0568	;	48,5412	;	01/12/08
170	;	12,0149	;	49,2776	;	02/12/08
171	;	12,0568	;	49,3599	;	03/12/08
172	;	12,3099	;	45,2935	;	04/12/08
173	;	13,2794	;	43,4064	;	05/12/08
176	;	14,4770	;	48,4469	;	08/12/08
177	;	14,2915	;	53,4615	;	09/12/08
178	;	13,7434	;	49,0018	;	10/12/08
179	;	13,1531	;	66,0984	;	11/12/08
180	;	13,1952	;	60,4641	;	12/12/08
183	;	12,5629	;	56,7437	;	15/12/08
184	;	13,1952	;	52,9284	;	16/12/08
185	;	12,8581	;	56,3408	;	17/12/08
186	;	12,9424	;	55,9530	;	18/12/08
187	;	12,8157	;	58,3642	;	19/12/08
190	;	12,6892	;	57,5170	;	22/12/08
191	;	11,9310	;	57,4410	;	23/12/08
194	;	11,9310	;	59,7366	;	26/12/08
197	;	11,9310	;	54,8903	;	29/12/08
198	;	12,5104	;	46,8020	;	30/12/08
201	;	12,7829	;	43,8126	;	02/01/09
204	;	13,0219	;	43,2314	;	05/01/09
205	;	13,7376	;	48,8113	;	06/01/09
206	;	13,4308	;	53,4132	;	07/01/09
207	;	13,1240	;	57,2295	;	08/01/09
208	;	13,5331	;	54,7604	;	09/01/09
211	;	13,4222	;	57,7817	;	12/01/09
212	;	12,8938	;	58,7560	;	13/01/09
213	;	12,0246	;	51,6291	;	14/01/09
214	;	12,7829	;	52,0012	;	15/01/09
215	;	12,2716	;	54,3441	;	16/01/09
218	;	12,3060	;	50,7936	;	19/01/09
219	;	11,4622	;	47,2852	;	20/01/09
220	;	11,7178	;	44,4216	;	21/01/09
221	;	11,5474	;	47,6011	;	22/01/09
222	;	11,3343	;	50,9769	;	23/01/09
225	;	12,0246	;	51,8147	;	26/01/09
226	;	12,2291	;	48,4896	;	27/01/09
227	;	12,5362	;	46,4312	;	28/01/09
228	;	12,0587	;	46,3868	;	29/01/09
229	;	12,1013	;	40,4693	;	30/01/09
232	;	11,7265	;	41,1884	;	02/02/09
233	;	12,0844	;	44,5075	;	03/02/09
234	;	11,8969	;	41,7645	;	04/02/09
235	;	12,2716	;	43,8315	;	05/02/09
236	;	12,4253	;	45,0405	;	06/02/09
239	;	12,1864	;	52,7206	;	09/02/09
240	;	12,0502	;	55,0330	;	10/02/09
241	;	12,2122	;	52,2317	;	11/02/09
242	;	11,8883	;	50,7651	;	12/02/09
243	;	12,1271	;	44,8959	;	13/02/09
246	;	12,0502	;	48,0456	;	16/02/09
247	;	11,6326	;	44,9159	;	17/02/09
248	;	11,5133	;	49,0352	;	18/02/09
249	;	11,7605	;	52,7576	;	19/02/09
250	;	11,8862	;	53,1337	;	20/02/09
255	;	12,1129	;	51,0079	;	25/02/09
256	;	12,2088	;	48,6587	;	26/02/09
257	;	12,0693	;	46,7975	;	27/02/09
260	;	11,4158	;	41,5617	;	02/03/09
261	;	11,5726	;	40,7823	;	03/03/09
262	;	12,0693	;	43,8612	;	04/03/09
263	;	11,5986	;	42,7016	;	05/03/09
264	;	11,8252	;	42,7948	;	06/03/09
267	;	11,7207	;	45,1128	;	09/03/09
268	;	12,2262	;	45,8126	;	10/03/09
269	;	12,3131	;	45,4644	;	11/03/09
270	;	12,4616	;	41,0745	;	12/03/09
271	;	12,7141	;	40,9260	;	13/03/09
274	;	12,6793	;	47,0456	;	16/03/09
275	;	13,0539	;	48,4144	;	17/03/09
276	;	13,5158	;	51,6888	;	18/03/09
277	;	13,7684	;	48,0720	;	19/03/09
278	;	13,5072	;	58,2288	;	20/03/09
281	;	14,4657	;	63,2781	;	23/03/09
282	;	14,0734	;	59,5996	;	24/03/09
283	;	14,0909	;	64,1456	;	25/03/09
284	;	14,5577	;	65,3186	;	26/03/09
285	;	14,9717	;	62,6232	;	27/03/09
288	;	14,7074	;	60,7111	;	30/03/09
289	;	14,8571	;	60,9942	;	31/03/09
290	;	15,6409	;	64,3944	;	01/04/09
291	;	16,0548	;	64,8611	;	02/04/09
292	;	16,8210	;	60,2674	;	03/04/09
295	;	16,7329	;	65,3304	;	06/04/09
296	;	16,6361	;	68,2722	;	07/04/09
297	;	15,2798	;	56,5198	;	08/04/09
298	;	14,8483	;	55,0998	;	09/04/09
299	;	14,8483	;	50,8619	;	10/04/09
302	;	14,8748	;	47,6617	;	13/04/09
303	;	15,0861	;	49,2168	;	14/04/09
304	;	15,4120	;	47,8392	;	15/04/09
305	;	16,1605	;	50,1997	;	16/04/09
306	;	16,2132	;	45,4613	;	17/04/09
309	;	15,8522	;	48,5931	;	20/04/09
311	;	15,6763	;	47,6357	;	22/04/09
312	;	16,3982	;	50,4608	;	23/04/09
313	;	16,3806	;	50,4503	;	24/04/09
316	;	15,9581	;	47,3443	;	27/04/09
317	;	16,1692	;	42,8491	;	28/04/09
318	;	16,8210	;	57,1795	;	29/04/09
319	;	16,2571	;	55,7533	;	30/04/09
323	;	17,0320	;	58,3768	;	04/05/09
324	;	17,2174	;	59,2905	;	05/05/09
325	;	18,5471	;	64,6633	;	06/05/09
326	;	17,6137	;	59,9196	;	07/05/09
327	;	17,9042	;	57,0452	;	08/05/09
330	;	17,9394	;	56,9204	;	11/05/09
331	;	17,5256	;	56,7849	;	12/05/09
332	;	17,0412	;	54,1147	;	13/05/09
333	;	17,7855	;	53,8811	;	14/05/09
334	;	17,4581	;	51,3377	;	15/05/09
337	;	18,3602	;	52,4015	;	18/05/09
338	;	18,6167	;	52,4629	;	19/05/09
339	;	18,2631	;	53,4779	;	20/05/09
340	;	17,9976	;	56,3733	;	21/05/09
341	;	17,8651	;	57,3829	;	22/05/09
344	;	17,8651	;	59,8672	;	25/05/09
345	;	18,6078	;	55,2024	;	26/05/09
346	;	18,5725	;	63,8416	;	27/05/09
347	;	19,0589	;	65,1166	;	28/05/09
348	;	18,7143	;	68,5506	;	29/05/09
351	;	19,0766	;	68,1885	;	01/06/09
352	;	19,5454	;	70,4975	;	02/06/09
353	;	18,9086	;	64,9069	;	03/06/09
354	;	19,7667	;	67,1358	;	04/06/09
355	;	19,2800	;	62,8276	;	05/06/09
358	;	19,6248	;	63,3541	;	08/06/09
359	;	19,3242	;	64,0851	;	09/06/09
360	;	19,5013	;	61,2476	;	10/06/09
362	;	19,5454	;	55,7408	;	12/06/09
365	;	18,9263	;	52,9584	;	15/06/09
366	;	18,5725	;	50,3394	;	16/06/09
367	;	18,5285	;	50,2563	;	17/06/09
368	;	18,1302	;	48,9684	;	18/06/09
369	;	18,5725	;	49,3550	;	19/06/09
372	;	18,0595	;	48,6005	;	22/06/09
373	;	18,0754	;	43,3226	;	23/06/09
374	;	17,8880	;	46,6943	;	24/06/09
375	;	19,0032	;	50,6077	;	25/06/09
376	;	18,9139	;	54,1063	;	26/06/09
379	;	19,0210	;	51,3552	;	29/06/09
380	;	18,8961	;	53,0635	;	30/06/09
381	;	19,0479	;	52,7922	;	01/07/09
382	;	19,4493	;	56,9236	;	02/07/09
383	;	19,4493	;	60,8641	;	03/07/09
386	;	19,5384	;	59,8140	;	06/07/09
387	;	19,3424	;	57,3951	;	07/07/09
388	;	18,7355	;	54,5537	;	08/07/09
389	;	18,7355	;	53,0818	;	09/07/09
390	;	18,3789	;	55,5501	;	10/07/09
393	;	18,3789	;	59,7878	;	13/07/09
394	;	18,3789	;	58,6464	;	14/07/09
395	;	19,2174	;	54,2333	;	15/07/09
396	;	19,2174	;	50,3586	;	16/07/09
397	;	19,2710	;	49,4981	;	17/07/09
400	;	19,5832	;	44,8481	;	20/07/09
401	;	19,8241	;	45,9010	;	21/07/09
402	;	19,7527	;	50,4457	;	22/07/09
403	;	20,2523	;	52,6428	;	23/07/09
404	;	20,6983	;	56,3911	;	24/07/09
407	;	20,7875	;	50,4922	;	27/07/09
408	;	21,0107	;	60,6036	;	28/07/09
409	;	20,6539	;	56,8661	;	29/07/09
410	;	21,2070	;	64,1918	;	30/07/09
411	;	21,0909	;	67,9909	;	31/07/09
414	;	21,4924	;	68,0603	;	03/08/09
415	;	21,9206	;	64,7269	;	04/08/09
416	;	22,6521	;	66,8587	;	05/08/09
417	;	21,7690	;	53,8800	;	06/08/09
418	;	21,8583	;	52,2410	;	07/08/09
421	;	21,9477	;	51,0609	;	10/08/09
422	;	22,0366	;	43,5377	;	11/08/09
423	;	22,1617	;	40,6170	;	12/08/09
424	;	22,6881	;	40,8878	;	13/08/09
425	;	22,5713	;	47,6477	;	14/08/09
428	;	21,9149	;	44,9793	;	17/08/09
429	;	22,4274	;	45,4888	;	18/08/09
430	;	22,7421	;	43,4940	;	19/08/09
431	;	23,0477	;	38,0468	;	20/08/09
432	;	23,0477	;	37,4032	;	21/08/09
435	;	23,0566	;	34,1002	;	24/08/09
436	;	23,2993	;	29,7686	;	25/08/09
437	;	23,6409	;	38,5494	;	26/08/09
438	;	23,8207	;	39,2453	;	27/08/09
439	;	23,9286	;	39,3314	;	28/08/09
442	;	23,5150	;	40,7283	;	31/08/09
443	;	23,1466	;	42,6283	;	01/09/09
444	;	22,9307	;	41,9779	;	02/09/09
445	;	23,1736	;	38,1779	;	03/09/09
446	;	23,8654	;	47,7921	;	04/09/09
450	;	24,2613	;	46,4430	;	08/09/09
451	;	24,6656	;	46,9730	;	09/09/09
452	;	24,8994	;	46,1709	;	10/09/09
453	;	24,7825	;	50,7239	;	11/09/09
456	;	25,3489	;	54,9697	;	14/09/09
457	;	25,9241	;	56,9775	;	15/09/09
458	;	26,2928	;	56,9080	;	16/09/09
459	;	26,6074	;	57,5866	;	17/09/09
460	;	26,7961	;	57,9752	;	18/09/09
463	;	26,5175	;	61,7825	;	21/09/09
464	;	27,0380	;	66,9804	;	22/09/09
465	;	26,4680	;	57,7969	;	23/09/09
466	;	26,3231	;	62,1588	;	24/09/09
467	;	26,7033	;	59,9153	;	25/09/09
470	;	27,1374	;	59,8628	;	28/09/09
471	;	27,6531	;	60,2216	;	29/09/09
472	;	28,2501	;	61,9806	;	30/09/09
473	;	27,7255	;	55,0139	;	01/10/09
474	;	27,4269	;	55,1777	;	02/10/09
477	;	27,9065	;	54,2843	;	05/10/09
478	;	27,5446	;	54,6718	;	06/10/09
479	;	26,8660	;	52,6450	;	07/10/09
480	;	27,3636	;	54,9888	;	08/10/09
481	;	27,9337	;	54,2390	;	09/10/09
484	;	27,9337	;	54,0162	;	12/10/09
485	;	28,4038	;	55,5777	;	13/10/09
486	;	29,3084	;	53,9980	;	14/10/09
487	;	28,9918	;	56,6216	;	15/10/09
488	;	28,2592	;	54,8683	;	16/10/09
491	;	28,3947	;	52,3242	;	19/10/09
492	;	27,5264	;	49,0659	;	20/10/09
493	;	27,5446	;	45,2645	;	21/10/09
494	;	28,0871	;	43,9248	;	22/10/09
495	;	27,4992	;	43,6611	;	23/10/09
498	;	27,2007	;	44,0800	;	26/10/09
499	;	26,3231	;	42,6038	;	27/10/09
500	;	24,5143	;	35,6422	;	28/10/09
501	;	26,3686	;	46,6507	;	29/10/09
502	;	25,5181	;	46,2437	;	30/10/09
506	;	26,3052	;	48,4779	;	03/11/09
507	;	27,0923	;	48,1820	;	04/11/09
508	;	27,0923	;	46,0447	;	05/11/09
509	;	26,8207	;	47,8259	;	06/11/09
512	;	27,9514	;	53,0219	;	09/11/09
513	;	28,2592	;	50,6896	;	10/11/09
514	;	28,1505	;	57,7142	;	11/11/09
515	;	28,1053	;	62,6933	;	12/11/09
516	;	29,0613	;	62,0463	;	13/11/09
519	;	28,9709	;	63,2114	;	16/11/09
520	;	28,9709	;	65,1589	;	17/11/09
521	;	28,0625	;	73,1202	;	18/11/09
522	;	27,8354	;	69,6432	;	19/11/09
523	;	27,8354	;	75,3636	;	20/11/09
526	;	28,0446	;	72,0409	;	23/11/09
527	;	27,9718	;	73,2134	;	24/11/09
528	;	27,9988	;	68,8361	;	25/11/09
529	;	27,4177	;	65,2402	;	26/11/09
530	;	27,9535	;	58,9018	;	27/11/09
533	;	28,0625	;	56,4005	;	30/11/09
534	;	27,9082	;	55,8369	;	01/12/09
535	;	27,6085	;	52,9131	;	02/12/09
536	;	27,6993	;	37,5033	;	03/12/09
537	;	27,5267	;	36,6332	;	04/12/09
540	;	28,2442	;	45,6035	;	07/12/09
541	;	28,0625	;	54,2269	;	08/12/09
542	;	27,8536	;	54,4931	;	09/12/09
543	;	27,8717	;	50,9152	;	10/12/09
544	;	27,9535	;	48,9952	;	11/12/09
547	;	28,1533	;	45,8611	;	14/12/09
548	;	28,1533	;	48,8139	;	15/12/09
549	;	27,8354	;	53,3384	;	16/12/09
550	;	26,7456	;	37,1585	;	17/12/09
551	;	26,8820	;	37,7892	;	18/12/09
554	;	26,5187	;	35,7360	;	21/12/09
555	;	26,4604	;	37,9319	;	22/12/09
556	;	26,5152	;	37,2907	;	23/12/09
561	;	26,5152	;	35,4575	;	28/12/09
562	;	26,4604	;	23,3865	;	29/12/09
563	;	27,1458	;	36,6663	;	30/12/09
568	;	27,3287	;	34,6051	;	04/01/10
569	;	27,0545	;	38,9334	;	05/01/10
570	;	27,0911	;	38,1720	;	06/01/10
571	;	27,1000	;	34,6495	;	07/01/10
572	;	27,2555	;	34,0947	;	08/01/10
575	;	27,4659	;	33,9009	;	11/01/10
576	;	27,2373	;	48,7301	;	12/01/10
577	;	27,5845	;	51,9833	;	13/01/10
578	;	27,1916	;	51,4839	;	14/01/10
579	;	26,7346	;	43,1836	;	15/01/10
582	;	26,7437	;	42,4980	;	18/01/10
583	;	27,1916	;	45,5862	;	19/01/10
584	;	26,3781	;	35,2173	;	20/01/10
585	;	25,9484	;	28,8584	;	21/01/10
586	;	26,0857	;	28,2789	;	22/01/10
590	;	25,3818	;	25,0889	;	26/01/10
591	;	25,1807	;	28,8731	;	27/01/10
592	;	25,2263	;	29,4908	;	28/01/10
593	;	25,6834	;	34,2552	;	29/01/10
596	;	27,4202	;	50,4505	;	01/02/10
597	;	27,9686	;	48,8242	;	02/02/10
598	;	27,2828	;	48,7332	;	03/02/10
599	;	26,7803	;	47,9823	;	04/02/10
600	;	25,5008	;	43,0570	;	05/02/10
603	;	25,8204	;	45,2687	;	08/02/10
604	;	27,1093	;	50,4991	;	09/02/10
605	;	27,7856	;	51,4153	;	10/02/10
606	;	28,3523	;	49,3866	;	11/02/10
607	;	27,8771	;	53,1472	;	12/02/10
612	;	27,7675	;	57,5097	;	17/02/10
613	;	28,0142	;	52,7895	;	18/02/10
614	;	28,0690	;	52,8055	;	19/02/10
617	;	27,9686	;	57,3622	;	22/02/10
618	;	27,5845	;	51,8551	;	23/02/10
619	;	27,8315	;	49,7801	;	24/02/10
620	;	27,8534	;	48,0262	;	25/02/10
621	;	28,0768	;	46,9035	;	26/02/10
624	;	28,2939	;	60,2710	;	01/03/10
625	;	27,9448	;	59,2207	;	02/03/10
626	;	27,7466	;	51,6101	;	03/03/10
627	;	27,7279	;	49,3996	;	04/03/10
628	;	28,1051	;	46,2196	;	05/03/10
631	;	27,7089	;	47,3894	;	08/03/10
632	;	28,1994	;	49,6185	;	09/03/10
633	;	28,4824	;	50,0407	;	10/03/10
634	;	28,4447	;	55,8493	;	11/03/10
635	;	28,1994	;	53,5893	;	12/03/10
638	;	28,3031	;	54,5016	;	15/03/10
639	;	28,5295	;	54,1615	;	16/03/10
640	;	28,3785	;	58,1749	;	17/03/10
641	;	28,1428	;	58,3809	;	18/03/10
642	;	27,8221	;	57,9874	;	19/03/10
645	;	27,9448	;	57,4111	;	22/03/10
646	;	27,8221	;	58,5956	;	23/03/10
647	;	27,8143	;	58,7755	;	24/03/10
648	;	27,9188	;	54,1556	;	25/03/10
649	;	28,0611	;	57,0768	;	26/03/10
652	;	28,2511	;	51,3079	;	29/03/10
653	;	28,2132	;	50,7978	;	30/03/10
654	;	28,3460	;	47,8873	;	31/03/10
655	;	28,2986	;	52,7052	;	01/04/10
659	;	28,4886	;	54,6972	;	05/04/10
660	;	28,5266	;	50,0855	;	06/04/10
661	;	28,4789	;	53,0164	;	07/04/10
662	;	29,2198	;	68,0052	;	08/04/10
663	;	29,4381	;	79,7401	;	09/04/10
666	;	29,5332	;	79,4486	;	12/04/10
667	;	29,2957	;	73,5510	;	13/04/10
668	;	29,0107	;	61,6940	;	14/04/10
669	;	29,3432	;	64,3005	;	15/04/10
670	;	28,9633	;	58,9222	;	16/04/10
673	;	28,6310	;	56,5195	;	19/04/10
674	;	28,4315	;	53,7151	;	20/04/10
676	;	28,1752	;	54,9297	;	22/04/10
677	;	28,3460	;	51,0002	;	23/04/10
680	;	28,3175	;	54,9087	;	26/04/10
681	;	27,3964	;	51,1144	;	27/04/10
682	;	27,9569	;	52,0637	;	28/04/10
683	;	28,4886	;	49,6043	;	29/04/10
684	;	28,4789	;	54,0834	;	30/04/10
687	;	28,0231	;	56,8749	;	03/05/10
688	;	26,6463	;	48,8616	;	04/05/10
689	;	26,8076	;	44,8754	;	05/05/10
690	;	26,3994	;	45,4763	;	06/05/10
691	;	26,2285	;	46,5397	;	07/05/10
694	;	27,0641	;	52,3559	;	10/05/10
695	;	26,4942	;	49,9058	;	11/05/10
696	;	26,4563	;	51,1948	;	12/05/10
697	;	26,1241	;	55,4006	;	13/05/10
698	;	25,3073	;	50,9829	;	14/05/10
701	;	25,8296	;	53,4794	;	17/05/10
702	;	25,5352	;	54,0468	;	18/05/10
703	;	24,6520	;	51,8353	;	19/05/10
704	;	24,0253	;	48,8755	;	20/05/10
705	;	24,8610	;	52,8039	;	21/05/10
708	;	24,6387	;	58,0871	;	24/05/10
709	;	24,5905	;	65,2661	;	25/05/10
710	;	24,8602	;	61,2962	;	26/05/10
711	;	25,4865	;	59,9209	;	27/05/10
712	;	24,9470	;	57,4198	;	28/05/10
715	;	25,0338	;	53,4992	;	31/05/10
716	;	24,7350	;	51,7982	;	01/06/10
717	;	25,7371	;	55,2054	;	02/06/10
719	;	25,8528	;	54,8264	;	04/06/10
722	;	25,4385	;	54,7834	;	07/06/10
723	;	25,5829	;	51,0337	;	08/06/10
724	;	25,2939	;	56,3928	;	09/06/10
725	;	25,7852	;	60,3145	;	10/06/10
726	;	25,9202	;	54,7334	;	11/06/10
729	;	26,4983	;	55,0090	;	14/06/10
730	;	26,2286	;	51,9303	;	15/06/10
731	;	26,3924	;	51,0555	;	16/06/10
732	;	26,2479	;	51,4215	;	17/06/10
733	;	26,2286	;	59,1364	;	18/06/10
736	;	27,1631	;	65,2841	;	21/06/10
737	;	27,2210	;	64,2907	;	22/06/10
738	;	26,7006	;	54,6965	;	23/06/10
739	;	26,3731	;	56,2752	;	24/06/10
740	;	26,1129	;	58,3689	;	25/06/10
743	;	25,6310	;	58,1238	;	28/06/10
744	;	24,5711	;	50,8059	;	29/06/10
745	;	23,7522	;	46,0674	;	30/06/10
746	;	25,2071	;	60,3634	;	01/07/10
747	;	25,5347	;	58,5377	;	02/07/10
750	;	25,3421	;	58,9654	;	05/07/10
751	;	25,9685	;	62,4258	;	06/07/10
752	;	26,7393	;	60,8664	;	07/07/10
753	;	26,6815	;	60,6283	;	08/07/10
757	;	26,7779	;	55,4294	;	12/07/10
758	;	27,4040	;	59,0203	;	13/07/10
759	;	27,2595	;	61,4401	;	14/07/10
760	;	27,6835	;	59,2012	;	15/07/10
761	;	26,8934	;	55,6096	;	16/07/10
764	;	27,1728	;	53,5368	;	19/07/10
765	;	27,0765	;	62,8823	;	20/07/10
766	;	27,2307	;	68,8561	;	21/07/10
767	;	28,0209	;	64,6683	;	22/07/10
768	;	28,4062	;	64,7794	;	23/07/10
771	;	27,9919	;	61,5349	;	26/07/10
772	;	27,6548	;	59,7796	;	27/07/10
773	;	28,8109	;	61,8863	;	28/07/10
774	;	28,8109	;	58,3119	;	29/07/10
775	;	29,4276	;	61,1282	;	30/07/10
778	;	29,3505	;	63,9109	;	02/08/10
779	;	28,5219	;	56,8409	;	03/08/10
780	;	28,2328	;	58,8215	;	04/08/10
781	;	28,9073	;	63,7439	;	05/08/10
782	;	29,2349	;	63,8930	;	06/08/10
785	;	29,5818	;	59,4732	;	09/08/10
786	;	29,2059	;	62,0270	;	10/08/10
787	;	28,6182	;	59,0310	;	11/08/10
788	;	29,2446	;	60,5580	;	12/08/10
789	;	29,3313	;	57,4323	;	13/08/10
792	;	29,1964	;	59,6337	;	16/08/10
793	;	29,0518	;	56,6425	;	17/08/10
794	;	28,8302	;	57,7677	;	18/08/10
795	;	28,3260	;	54,4134	;	19/08/10
796	;	28,7432	;	52,1895	;	20/08/10
799	;	28,5199	;	57,5040	;	23/08/10
800	;	28,1222	;	56,4346	;	24/08/10
801	;	28,1222	;	52,9633	;	25/08/10
802	;	27,3559	;	49,8489	;	26/08/10
803	;	27,4043	;	44,4086	;	27/08/10
806	;	26,8611	;	42,9509	;	30/08/10
807	;	27,6276	;	51,9437	;	31/08/10
808	;	28,5685	;	55,9301	;	01/09/10
809	;	28,0835	;	59,6387	;	02/09/10
810	;	27,6371	;	57,4634	;	03/09/10
813	;	27,3849	;	56,6988	;	06/09/10
815	;	27,4140	;	49,9938	;	08/09/10
816	;	27,4237	;	45,8829	;	09/09/10
817	;	27,1618	;	46,6556	;	10/09/10
820	;	28,1320	;	51,2668	;	13/09/10
821	;	28,4715	;	49,6739	;	14/09/10
822	;	28,7236	;	48,2135	;	15/09/10
823	;	28,6170	;	55,0135	;	16/09/10
824	;	28,2871	;	58,2140	;	17/09/10
827	;	28,8981	;	61,5004	;	20/09/10
828	;	29,1019	;	57,5590	;	21/09/10
829	;	29,4901	;	52,9086	;	22/09/10
830	;	30,2580	;	58,4415	;	23/09/10
831	;	29,6225	;	56,0539	;	24/09/10
834	;	30,2091	;	56,0318	;	27/09/10
835	;	30,3069	;	56,3952	;	28/09/10
836	;	30,8739	;	59,2453	;	29/09/10
837	;	31,4116	;	58,0439	;	30/09/10
838	;	31,9884	;	55,6111	;	01/10/10
841	;	32,1547	;	54,5694	;	04/10/10
842	;	32,4283	;	54,5147	;	05/10/10
843	;	32,3111	;	54,5804	;	06/10/10
844	;	31,8809	;	53,3830	;	07/10/10
845	;	32,5066	;	53,0733	;	08/10/10
848	;	32,6532	;	52,6674	;	11/10/10
850	;	34,0709	;	57,0623	;	13/10/10
851	;	33,5625	;	54,5805	;	14/10/10
852	;	34,0218	;	59,6273	;	15/10/10
855	;	33,7287	;	60,1466	;	18/10/10
856	;	33,1518	;	59,0518	;	19/10/10
857	;	33,6308	;	58,3511	;	20/10/10
858	;	32,7705	;	53,5387	;	21/10/10
859	;	32,8194	;	50,0036	;	22/10/10
862	;	32,9954	;	50,0415	;	25/10/10
863	;	33,3375	;	50,4558	;	26/10/10
864	;	33,0932	;	49,3634	;	27/10/10
865	;	32,6043	;	48,9474	;	28/10/10
866	;	32,3600	;	49,3300	;	29/10/10
869	;	32,9270	;	52,5924	;	01/11/10
871	;	33,3474	;	44,1169	;	03/11/10
872	;	34,1978	;	48,3943	;	04/11/10
873	;	34,0512	;	50,6609	;	05/11/10
876	;	33,8947	;	51,8682	;	08/11/10
877	;	33,0835	;	49,8484	;	09/11/10
878	;	33,0541	;	52,2746	;	10/11/10
879	;	32,9662	;	59,6140	;	11/11/10
880	;	33,0932	;	60,3768	;	12/11/10
884	;	33,1421	;	59,1031	;	16/11/10
885	;	33,0443	;	61,4889	;	17/11/10
886	;	33,4745	;	61,6167	;	18/11/10
887	;	33,5332	;	61,8553	;	19/11/10
890	;	33,0443	;	58,4758	;	22/11/10
891	;	31,6896	;	45,0600	;	23/11/10
892	;	32,1215	;	45,4240	;	24/11/10
893	;	32,2982	;	35,5345	;	25/11/10
894	;	32,3080	;	30,3803	;	26/11/10
897	;	32,5633	;	29,2602	;	29/11/10
898	;	32,2982	;	33,6283	;	30/11/10
899	;	33,1523	;	37,1886	;	01/12/10
900	;	32,8774	;	35,3821	;	02/12/10
901	;	32,0037	;	34,0915	;	03/12/10
904	;	31,3655	;	36,0753	;	06/12/10
905	;	31,2969	;	36,2207	;	07/12/10
906	;	30,8354	;	35,3420	;	08/12/10
907	;	30,4329	;	39,4592	;	09/12/10
908	;	30,2857	;	41,0920	;	10/12/10
911	;	30,6097	;	46,7889	;	13/12/10
912	;	30,5901	;	48,1875	;	14/12/10
913	;	30,4820	;	52,6521	;	15/12/10
914	;	30,1875	;	59,6741	;	16/12/10
915	;	30,0599	;	65,8009	;	17/12/10
918	;	29,5004	;	63,8266	;	20/12/10
919	;	29,9912	;	56,4939	;	21/12/10
920	;	30,3348	;	54,6538	;	22/12/10
921	;	30,7105	;	58,3216	;	23/12/10
925	;	30,5225	;	62,2397	;	27/12/10
926	;	30,4631	;	62,3155	;	28/12/10
927	;	30,6709	;	62,5014	;	29/12/10
928	;	31,0864	;	65,8021	;	30/12/10
932	;	31,0666	;	67,7654	;	03/01/11
933	;	31,1953	;	65,6305	;	04/01/11
934	;	31,6405	;	63,9212	;	05/01/11
935	;	31,3635	;	61,3380	;	06/01/11
936	;	30,6214	;	55,3421	;	07/01/11
939	;	30,6709	;	50,3838	;	10/01/11
940	;	31,0370	;	55,6323	;	11/01/11
941	;	31,5811	;	55,8704	;	12/01/11
942	;	31,2645	;	54,6716	;	13/01/11
943	;	31,4327	;	52,4569	;	14/01/11
946	;	31,0666	;	49,8939	;	17/01/11
947	;	31,2151	;	44,8225	;	18/01/11
948	;	30,7698	;	44,3142	;	19/01/11
949	;	30,5621	;	44,0596	;	20/01/11
950	;	30,4235	;	42,8263	;	21/01/11
953	;	30,7006	;	44,7933	;	24/01/11
955	;	30,6709	;	45,4432	;	26/01/11
956	;	30,6709	;	44,9829	;	27/01/11
957	;	30,0377	;	46,0466	;	28/01/11
960	;	29,4441	;	46,8133	;	31/01/11
961	;	29,5826	;	42,8409	;	01/02/11
962	;	29,2660	;	35,1991	;	02/02/11
963	;	28,9494	;	35,0181	;	03/02/11
964	;	27,8017	;	30,7239	;	04/02/11
967	;	27,9798	;	30,5112	;	07/02/11
968	;	28,4943	;	38,7516	;	08/02/11
969	;	27,7819	;	35,2867	;	09/02/11
970	;	27,9402	;	31,6861	;	10/02/11
971	;	29,2660	;	44,8914	;	11/02/11
974	;	29,4540	;	39,2670	;	14/02/11
975	;	30,0773	;	40,8673	;	15/02/11
976	;	31,0963	;	44,1162	;	16/02/11
977	;	30,8985	;	47,4723	;	17/02/11
978	;	30,8094	;	53,4048	;	18/02/11
981	;	30,3345	;	52,2041	;	21/02/11
982	;	29,3500	;	55,7110	;	22/02/11
983	;	29,4000	;	51,2560	;	23/02/11
984	;	29,3000	;	46,5016	;	24/02/11
985	;	29,1700	;	55,3103	;	25/02/11
988	;	29,7500	;	59,9601	;	28/02/11
989	;	28,9500	;	60,2253	;	01/03/11
990	;	29,1800	;	59,7262	;	02/03/11
991	;	29,5400	;	60,1192	;	03/03/11
992	;	29,6200	;	52,9446	;	04/03/11
997	;	28,8500	;	52,0310	;	09/03/11
998	;	28,0100	;	47,0275	;	10/03/11
999	;	28,1800	;	35,3167	;	11/03/11
