-165	;	53,6198	;	32,5775	;	03/01/08
-164	;	51,6849	;	31,2709	;	04/01/08
-161	;	50,7638	;	30,6749	;	07/01/08
-160	;	51,7769	;	34,8059	;	08/01/08
-159	;	51,2243	;	39,5871	;	09/01/08
-158	;	52,3391	;	43,9506	;	10/01/08
-157	;	51,6849	;	45,6010	;	11/01/08
-154	;	51,5929	;	48,7805	;	14/01/08
-153	;	49,6582	;	45,2451	;	15/01/08
-152	;	47,3640	;	43,3336	;	16/01/08
-151	;	47,0324	;	43,9445	;	17/01/08
-150	;	47,5298	;	42,0298	;	18/01/08
-147	;	42,5826	;	32,5762	;	21/01/08
-146	;	43,8541	;	36,4882	;	22/01/08
-145	;	41,4585	;	38,4871	;	23/01/08
-144	;	46,1757	;	54,6907	;	24/01/08
-140	;	46,2954	;	49,1044	;	28/01/08
-139	;	47,0601	;	48,6679	;	29/01/08
-138	;	48,2670	;	45,5659	;	30/01/08
-137	;	47,7511	;	49,1588	;	31/01/08
-136	;	50,5794	;	49,6467	;	01/02/08
-131	;	48,9302	;	46,8685	;	06/02/08
-130	;	48,2761	;	49,0153	;	07/02/08
-129	;	49,2896	;	48,4971	;	08/02/08
-126	;	51,1321	;	44,9521	;	11/02/08
-125	;	51,5099	;	44,7019	;	12/02/08
-124	;	52,3206	;	54,1912	;	13/02/08
-123	;	51,8786	;	58,1339	;	14/02/08
-122	;	50,8742	;	66,3104	;	15/02/08
-119	;	53,0578	;	60,0360	;	18/02/08
-118	;	53,3526	;	60,3446	;	19/02/08
-117	;	55,2781	;	62,2708	;	20/02/08
-116	;	55,0937	;	65,8052	;	21/02/08
-115	;	55,9229	;	63,3901	;	22/02/08
-112	;	55,9229	;	59,4803	;	25/02/08
-111	;	55,9229	;	67,0457	;	26/02/08
-110	;	55,7479	;	72,5455	;	27/02/08
-109	;	57,5813	;	73,7934	;	28/02/08
-108	;	54,0436	;	53,7354	;	29/02/08
-105	;	53,7119	;	59,2750	;	03/03/08
-104	;	52,5694	;	60,1080	;	04/03/08
-103	;	54,1448	;	58,6240	;	05/03/08
-102	;	52,7262	;	57,2120	;	06/03/08
-101	;	51,6113	;	53,9863	;	07/03/08
-98	;	50,2109	;	57,3167	;	10/03/08
-97	;	52,2746	;	58,3651	;	11/03/08
-96	;	52,7906	;	52,0140	;	12/03/08
-95	;	53,0669	;	50,0347	;	13/03/08
-94	;	54,2647	;	49,8164	;	14/03/08
-91	;	50,9756	;	45,4047	;	17/03/08
-90	;	52,5879	;	43,6203	;	18/03/08
-89	;	48,9763	;	39,0105	;	19/03/08
-88	;	48,5802	;	43,8906	;	20/03/08
-84	;	51,0862	;	45,1577	;	24/03/08
-83	;	52,5326	;	43,8140	;	25/03/08
-82	;	54,8265	;	45,3040	;	26/03/08
-81	;	55,0477	;	41,5959	;	27/03/08
-80	;	55,0937	;	36,7384	;	28/03/08
-77	;	55,7388	;	33,2176	;	31/03/08
-76	;	56,8904	;	31,3577	;	01/04/08
-75	;	56,2915	;	37,3288	;	02/04/08
-74	;	57,0008	;	38,1010	;	03/04/08
-73	;	57,5904	;	36,8072	;	04/04/08
-70	;	57,4984	;	49,2173	;	07/04/08
-69	;	57,7656	;	45,8805	;	08/04/08
-68	;	56,7519	;	66,6183	;	09/04/08
-67	;	56,3928	;	67,6713	;	10/04/08
-66	;	55,7774	;	61,8329	;	11/04/08
-63	;	55,0442	;	57,5344	;	14/04/08
-62	;	56,3898	;	52,7139	;	15/04/08
-61	;	58,0970	;	59,0576	;	16/04/08
-60	;	58,1341	;	59,0174	;	17/04/08
-59	;	58,6446	;	58,3940	;	18/04/08
-55	;	60,5560	;	60,8219	;	22/04/08
-54	;	60,1291	;	62,2347	;	23/04/08
-53	;	57,7630	;	53,8026	;	24/04/08
-52	;	58,4589	;	54,1795	;	25/04/08
-49	;	59,2570	;	50,2579	;	28/04/08
-48	;	57,8094	;	50,7604	;	29/04/08
-47	;	60,9085	;	56,6060	;	30/04/08
-45	;	60,6860	;	57,2629	;	02/05/08
-42	;	61,7995	;	55,2065	;	05/05/08
-41	;	62,9315	;	53,3216	;	06/05/08
-40	;	61,1962	;	50,6134	;	07/05/08
-39	;	61,9294	;	48,0583	;	08/05/08
-38	;	61,6231	;	54,2732	;	09/05/08
-35	;	62,4583	;	54,9615	;	12/05/08
-34	;	62,6346	;	50,2899	;	13/05/08
-33	;	62,4119	;	51,1192	;	14/05/08
-32	;	64,5832	;	60,8010	;	15/05/08
-31	;	66,8936	;	63,7225	;	16/05/08
-28	;	66,3463	;	66,2344	;	19/05/08
-27	;	66,3463	;	71,1655	;	20/05/08
-26	;	64,2121	;	59,2053	;	21/05/08
-24	;	63,3304	;	56,3134	;	23/05/08
-21	;	62,6346	;	57,4879	;	26/05/08
-20	;	61,4190	;	56,7641	;	27/05/08
-19	;	62,7831	;	60,3167	;	28/05/08
-18	;	59,8044	;	55,4314	;	29/05/08
-17	;	60,7881	;	51,9610	;	30/05/08
-14	;	60,5837	;	56,3564	;	02/06/08
-13	;	58,4218	;	58,4740	;	03/06/08
-12	;	56,3618	;	54,3719	;	04/06/08
-11	;	58,3197	;	54,3600	;	05/06/08
-10	;	57,3360	;	52,3047	;	06/06/08
-7	;	55,3968	;	49,5865	;	09/06/08
-6	;	54,1905	;	49,8706	;	10/06/08
-5	;	52,5110	;	49,9796	;	11/06/08
-4	;	52,6037	;	42,3675	;	12/06/08
-3	;	52,6687	;	35,9862	;	13/06/08
0	;	52,7059	;	31,3407	;	16/06/08
1	;	54,2648	;	33,3373	;	17/06/08
2	;	53,9771	;	38,0888	;	18/06/08
3	;	53,8656	;	39,8080	;	19/06/08
4	;	51,4437	;	35,0655	;	20/06/08
7	;	52,4089	;	37,7207	;	23/06/08
8	;	53,3462	;	40,1860	;	24/06/08
9	;	54,4503	;	36,7774	;	25/06/08
10	;	52,5202	;	34,1989	;	26/06/08
11	;	52,1769	;	38,1247	;	27/06/08
14	;	53,2626	;	40,0109	;	30/06/08
15	;	51,0449	;	38,0709	;	01/07/08
16	;	48,4281	;	36,9400	;	02/07/08
17	;	47,2775	;	40,6633	;	03/07/08
18	;	47,7879	;	42,8271	;	04/07/08
21	;	47,8436	;	36,2850	;	07/07/08
22	;	47,3238	;	35,6849	;	08/07/08
24	;	47,3238	;	32,8938	;	10/07/08
25	;	46,5537	;	36,1375	;	11/07/08
28	;	47,3238	;	35,5638	;	14/07/08
29	;	46,3125	;	35,0946	;	15/07/08
30	;	45,6537	;	33,3866	;	16/07/08
31	;	43,1854	;	31,6151	;	17/07/08
32	;	42,6936	;	31,1841	;	18/07/08
35	;	44,2618	;	37,4799	;	21/07/08
36	;	42,6008	;	37,8777	;	22/07/08
37	;	42,5637	;	43,5394	;	23/07/08
38	;	40,5778	;	40,7705	;	24/07/08
39	;	40,3645	;	45,3707	;	25/07/08
42	;	40,8192	;	49,6126	;	28/07/08
43	;	41,8028	;	48,9929	;	29/07/08
44	;	44,6329	;	57,5427	;	30/07/08
45	;	43,9277	;	57,5989	;	31/07/08
46	;	41,1904	;	56,4634	;	01/08/08
49	;	38,2211	;	52,1869	;	04/08/08
50	;	38,6293	;	46,9567	;	05/08/08
51	;	39,1582	;	46,4944	;	06/08/08
52	;	39,3439	;	41,2546	;	07/08/08
53	;	38,6850	;	40,6544	;	08/08/08
56	;	37,2561	;	40,7100	;	11/08/08
57	;	37,0426	;	40,2577	;	12/08/08
58	;	38,7407	;	45,3097	;	13/08/08
59	;	39,1582	;	40,3161	;	14/08/08
60	;	38,4158	;	43,7153	;	15/08/08
63	;	37,5622	;	44,9254	;	18/08/08
64	;	38,1375	;	34,9471	;	19/08/08
65	;	40,2346	;	39,9044	;	20/08/08
66	;	41,0140	;	43,2414	;	21/08/08
67	;	40,3459	;	52,9537	;	22/08/08
70	;	39,1211	;	52,8026	;	25/08/08
71	;	39,1582	;	50,7931	;	26/08/08
72	;	40,4387	;	54,9979	;	27/08/08
73	;	40,6429	;	51,5321	;	28/08/08
74	;	40,3366	;	57,8491	;	29/08/08
77	;	39,7057	;	55,5545	;	01/09/08
78	;	38,7870	;	50,9157	;	02/09/08
79	;	38,6015	;	55,1987	;	03/09/08
80	;	37,4323	;	53,2532	;	04/09/08
81	;	37,8499	;	52,1480	;	05/09/08
84	;	36,4765	;	50,1964	;	08/09/08
85	;	34,6672	;	36,8081	;	09/09/08
86	;	36,6992	;	47,7179	;	10/09/08
87	;	38,6015	;	51,9574	;	11/09/08
88	;	39,5852	;	52,6221	;	12/09/08
91	;	36,0961	;	49,1065	;	15/09/08
92	;	37,0239	;	48,1427	;	16/09/08
93	;	34,4259	;	48,8563	;	17/09/08
94	;	36,9312	;	50,7263	;	18/09/08
95	;	39,9934	;	52,0665	;	19/09/08
98	;	38,8799	;	51,6812	;	22/09/08
99	;	36,0312	;	46,6540	;	23/09/08
100	;	36,6527	;	42,8871	;	24/09/08
101	;	37,9334	;	44,5238	;	25/09/08
102	;	35,7250	;	43,0081	;	26/09/08
105	;	31,3637	;	38,6597	;	29/09/08
106	;	33,9154	;	40,0854	;	30/09/08
107	;	33,7670	;	43,3928	;	01/10/08
108	;	30,2039	;	43,3114	;	02/10/08
109	;	30,3801	;	41,0067	;	03/10/08
112	;	28,0697	;	42,2608	;	06/10/08
113	;	26,9283	;	43,6440	;	07/10/08
114	;	26,9097	;	44,0267	;	08/10/08
115	;	25,9261	;	38,9892	;	09/10/08
116	;	26,2602	;	34,6285	;	10/10/08
119	;	29,6934	;	45,9342	;	13/10/08
120	;	29,2203	;	50,9739	;	14/10/08
121	;	23,7918	;	47,1862	;	15/10/08
122	;	23,1915	;	48,4944	;	16/10/08
123	;	24,0110	;	49,3959	;	17/10/08
126	;	27,2029	;	53,8170	;	20/10/08
127	;	27,4792	;	47,3343	;	21/10/08
128	;	25,9166	;	49,9666	;	22/10/08
129	;	24,4397	;	53,9529	;	23/10/08
130	;	23,2392	;	55,3398	;	24/10/08
133	;	21,0573	;	52,6639	;	27/10/08
134	;	23,9729	;	54,1285	;	28/10/08
135	;	24,7161	;	50,3955	;	29/10/08
136	;	26,4787	;	53,1992	;	30/10/08
137	;	27,0504	;	47,6742	;	31/10/08
140	;	27,6316	;	42,5631	;	03/11/08
141	;	29,5754	;	51,1947	;	04/11/08
142	;	27,0601	;	46,3935	;	05/11/08
143	;	26,2024	;	49,9574	;	06/11/08
144	;	25,3926	;	47,3889	;	07/11/08
147	;	26,5836	;	49,7884	;	10/11/08
148	;	26,9172	;	47,1568	;	11/11/08
149	;	25,1640	;	46,5803	;	12/11/08
150	;	26,0024	;	44,7427	;	13/11/08
151	;	25,7737	;	52,8454	;	14/11/08
154	;	25,4402	;	49,6632	;	17/11/08
155	;	24,3445	;	49,9924	;	18/11/08
156	;	23,8205	;	47,8935	;	19/11/08
158	;	21,7242	;	46,1893	;	21/11/08
161	;	24,8781	;	58,9074	;	24/11/08
162	;	25,5450	;	55,1786	;	25/11/08
163	;	26,2882	;	56,4659	;	26/11/08
164	;	25,7737	;	57,4698	;	27/11/08
165	;	26,2310	;	54,6051	;	28/11/08
168	;	24,2969	;	51,4689	;	01/12/08
169	;	23,3918	;	55,0879	;	02/12/08
170	;	23,6966	;	53,6960	;	03/12/08
171	;	22,9534	;	55,3797	;	04/12/08
172	;	22,4389	;	54,3968	;	05/12/08
175	;	25,2497	;	58,5615	;	08/12/08
176	;	25,6023	;	55,8063	;	09/12/08
177	;	27,3554	;	54,7616	;	10/12/08
178	;	26,7837	;	61,6317	;	11/12/08
179	;	26,8791	;	52,1254	;	12/12/08
182	;	27,0504	;	50,3505	;	15/12/08
183	;	28,4893	;	52,4303	;	16/12/08
184	;	28,8704	;	48,5207	;	17/12/08
185	;	27,4506	;	48,6985	;	18/12/08
186	;	27,3364	;	57,4268	;	19/12/08
189	;	25,6118	;	53,8433	;	22/12/08
190	;	24,6399	;	55,3736	;	23/12/08
193	;	25,8214	;	55,7562	;	26/12/08
196	;	25,7642	;	58,3958	;	29/12/08
197	;	26,3835	;	49,3883	;	30/12/08
200	;	29,0609	;	57,3675	;	02/01/09
203	;	30,6426	;	56,2612	;	05/01/09
204	;	31,4906	;	54,0901	;	06/01/09
205	;	29,5374	;	52,9865	;	07/01/09
206	;	30,8521	;	55,7107	;	08/01/09
207	;	30,3473	;	57,1554	;	09/01/09
210	;	27,9271	;	55,9724	;	12/01/09
211	;	28,6798	;	55,1877	;	13/01/09
212	;	27,3459	;	51,5066	;	14/01/09
213	;	28,0604	;	51,9677	;	15/01/09
214	;	28,5845	;	49,9655	;	16/01/09
217	;	28,2700	;	52,7183	;	19/01/09
218	;	27,0219	;	48,3207	;	20/01/09
219	;	27,8126	;	48,7204	;	21/01/09
220	;	27,8509	;	39,7998	;	22/01/09
221	;	28,8228	;	37,6840	;	23/01/09
224	;	29,3658	;	36,6779	;	26/01/09
225	;	30,5950	;	40,5185	;	27/01/09
226	;	32,3386	;	41,7338	;	28/01/09
227	;	31,4716	;	40,4873	;	29/01/09
228	;	30,9666	;	49,5003	;	30/01/09
231	;	30,7855	;	53,2130	;	02/02/09
232	;	32,3100	;	59,7531	;	03/02/09
233	;	33,7392	;	61,2633	;	04/02/09
234	;	35,2066	;	63,1576	;	05/02/09
235	;	36,9217	;	61,3960	;	06/02/09
238	;	35,8259	;	65,3266	;	09/02/09
239	;	34,7778	;	63,6957	;	10/02/09
240	;	33,8059	;	65,1899	;	11/02/09
241	;	33,1675	;	66,2826	;	12/02/09
242	;	34,6730	;	68,1298	;	13/02/09
245	;	34,7874	;	65,3753	;	16/02/09
246	;	32,5005	;	58,6916	;	17/02/09
247	;	33,1580	;	56,8575	;	18/02/09
248	;	33,3676	;	52,4852	;	19/02/09
249	;	30,7093	;	43,8190	;	20/02/09
254	;	29,0609	;	40,9817	;	25/02/09
255	;	29,0609	;	39,0557	;	26/02/09
256	;	29,4135	;	34,2458	;	27/02/09
259	;	27,7461	;	27,8855	;	02/03/09
260	;	28,2796	;	27,2605	;	03/03/09
261	;	31,1477	;	37,0767	;	04/03/09
262	;	29,7470	;	35,8088	;	05/03/09
263	;	28,9657	;	35,2858	;	06/03/09
266	;	28,2986	;	35,1511	;	09/03/09
267	;	30,3948	;	43,7552	;	10/03/09
268	;	30,6998	;	42,3284	;	11/03/09
269	;	30,1662	;	46,3287	;	12/03/09
270	;	29,3658	;	51,3927	;	13/03/09
273	;	29,2324	;	57,8260	;	16/03/09
274	;	29,9661	;	58,6053	;	17/03/09
275	;	29,6707	;	60,6582	;	18/03/09
276	;	30,2996	;	61,5318	;	19/03/09
277	;	29,8709	;	66,7512	;	20/03/09
280	;	31,7479	;	70,2063	;	23/03/09
281	;	30,5950	;	63,1421	;	24/03/09
282	;	30,6808	;	62,3157	;	25/03/09
283	;	31,5286	;	62,9226	;	26/03/09
284	;	30,7283	;	62,5091	;	27/03/09
287	;	28,9942	;	51,1383	;	30/03/09
288	;	29,5374	;	52,5494	;	31/03/09
289	;	30,0138	;	50,1762	;	01/04/09
290	;	31,9861	;	55,1153	;	02/04/09
291	;	32,3481	;	49,5680	;	03/04/09
294	;	31,5002	;	50,2103	;	06/04/09
295	;	30,8141	;	48,5002	;	07/04/09
296	;	31,0618	;	47,0059	;	08/04/09
297	;	33,0628	;	48,1450	;	09/04/09
298	;	33,0628	;	44,6930	;	10/04/09
301	;	33,9204	;	45,1815	;	13/04/09
302	;	33,9488	;	44,9789	;	14/04/09
303	;	34,1966	;	42,7866	;	15/04/09
304	;	34,4138	;	39,2382	;	16/04/09
305	;	34,1334	;	54,5702	;	17/04/09
308	;	32,7603	;	48,7241	;	20/04/09
310	;	33,1470	;	48,1948	;	22/04/09
311	;	34,0850	;	43,1095	;	23/04/09
312	;	34,7232	;	44,1940	;	24/04/09
315	;	33,7563	;	43,7803	;	27/04/09
316	;	33,1663	;	44,8875	;	28/04/09
317	;	33,8529	;	46,6535	;	29/04/09
318	;	34,8876	;	41,6548	;	30/04/09
322	;	38,6780	;	52,5243	;	04/05/09
323	;	38,3879	;	56,1468	;	05/05/09
324	;	38,6780	;	56,8444	;	06/05/09
325	;	37,2276	;	55,7139	;	07/05/09
326	;	37,7594	;	56,5391	;	08/05/09
329	;	37,8754	;	50,9044	;	11/05/09
330	;	36,8602	;	53,6111	;	12/05/09
331	;	35,3904	;	52,5513	;	13/05/09
332	;	35,6223	;	50,0916	;	14/05/09
333	;	35,3904	;	53,9272	;	15/05/09
336	;	37,7110	;	58,6863	;	18/05/09
337	;	38,0012	;	55,4372	;	19/05/09
338	;	38,1173	;	53,7264	;	20/05/09
339	;	36,5701	;	50,5522	;	21/05/09
340	;	36,5024	;	40,1565	;	22/05/09
343	;	36,8312	;	36,3883	;	25/05/09
344	;	37,5950	;	38,8982	;	26/05/09
345	;	36,5991	;	40,6857	;	27/05/09
346	;	37,4984	;	42,5362	;	28/05/09
347	;	36,7635	;	45,8982	;	29/05/09
350	;	38,5814	;	50,9222	;	01/06/09
351	;	37,2663	;	52,0167	;	02/06/09
352	;	35,7191	;	51,3472	;	03/06/09
353	;	36,5314	;	48,1009	;	04/06/09
354	;	36,9181	;	40,3185	;	05/06/09
357	;	37,1309	;	40,0031	;	08/06/09
358	;	37,1406	;	39,5389	;	09/06/09
359	;	37,4693	;	40,5958	;	10/06/09
361	;	37,2469	;	39,8137	;	12/06/09
364	;	36,5121	;	42,1174	;	15/06/09
365	;	35,8738	;	42,5771	;	16/06/09
366	;	35,5934	;	45,5399	;	17/06/09
367	;	35,3807	;	46,1153	;	18/06/09
368	;	35,3421	;	49,3496	;	19/06/09
371	;	33,4275	;	31,5993	;	22/06/09
372	;	33,6982	;	32,8111	;	23/06/09
373	;	32,9343	;	35,7570	;	24/06/09
374	;	34,0367	;	39,8552	;	25/06/09
375	;	33,4566	;	40,0774	;	26/06/09
378	;	33,7563	;	41,4066	;	29/06/09
379	;	33,3598	;	47,5617	;	30/06/09
380	;	33,4855	;	45,3373	;	01/07/09
381	;	33,2148	;	45,0156	;	02/07/09
382	;	33,0503	;	47,3341	;	03/07/09
385	;	32,4605	;	47,2748	;	06/07/09
386	;	30,8360	;	41,2133	;	07/07/09
387	;	31,4839	;	41,9398	;	08/07/09
388	;	31,4839	;	39,2418	;	09/07/09
389	;	31,4260	;	47,3036	;	10/07/09
392	;	31,4260	;	50,0357	;	13/07/09
393	;	31,1551	;	52,7966	;	14/07/09
394	;	33,5724	;	64,9453	;	15/07/09
395	;	33,6305	;	60,5479	;	16/07/09
396	;	33,6015	;	66,6889	;	17/07/09
399	;	34,8876	;	68,3617	;	20/07/09
400	;	35,2841	;	69,4756	;	21/07/09
401	;	34,5684	;	66,7795	;	22/07/09
402	;	35,2937	;	63,2116	;	23/07/09
403	;	35,5837	;	61,0495	;	24/07/09
406	;	35,8255	;	74,6324	;	27/07/09
407	;	35,7191	;	77,3123	;	28/07/09
408	;	34,9552	;	71,6449	;	29/07/09
409	;	35,3904	;	67,1990	;	30/07/09
410	;	35,8255	;	66,0700	;	31/07/09
413	;	36,8215	;	65,6593	;	03/08/09
414	;	36,7635	;	62,2797	;	04/08/09
415	;	36,8215	;	62,2539	;	05/08/09
416	;	36,3090	;	56,3548	;	06/08/09
417	;	36,6958	;	50,8842	;	07/08/09
420	;	36,5991	;	54,6298	;	10/08/09
421	;	35,6708	;	52,6941	;	11/08/09
422	;	35,9995	;	49,5921	;	12/08/09
423	;	36,9277	;	54,0867	;	13/08/09
424	;	37,2276	;	54,3940	;	14/08/09
427	;	35,6804	;	43,1902	;	17/08/09
428	;	35,4871	;	47,2151	;	18/08/09
429	;	35,4679	;	51,1901	;	19/08/09
430	;	35,7481	;	50,0115	;	20/08/09
431	;	36,2605	;	46,0181	;	21/08/09
434	;	36,6958	;	42,8976	;	24/08/09
435	;	36,4347	;	47,6864	;	25/08/09
436	;	36,3380	;	50,7856	;	26/08/09
437	;	36,1157	;	53,0183	;	27/08/09
438	;	36,6378	;	50,8431	;	28/08/09
441	;	35,4679	;	49,0593	;	31/08/09
442	;	35,3517	;	52,7595	;	01/09/09
443	;	34,8199	;	47,3636	;	02/09/09
444	;	35,2743	;	49,4415	;	03/09/09
445	;	35,8738	;	59,2862	;	04/09/09
449	;	37,0342	;	62,4911	;	08/09/09
450	;	36,8891	;	61,3247	;	09/09/09
451	;	37,5659	;	63,4344	;	10/09/09
452	;	37,1309	;	63,6480	;	11/09/09
455	;	37,6143	;	63,8656	;	14/09/09
456	;	38,1752	;	62,2972	;	15/09/09
457	;	38,9197	;	59,8155	;	16/09/09
458	;	38,4363	;	57,7781	;	17/09/09
459	;	38,6684	;	56,2878	;	18/09/09
462	;	39,3356	;	64,5383	;	21/09/09
463	;	40,3896	;	62,4029	;	22/09/09
464	;	39,9931	;	65,3949	;	23/09/09
465	;	39,2969	;	62,4694	;	24/09/09
466	;	39,3453	;	60,0912	;	25/09/09
469	;	40,0028	;	57,4126	;	28/09/09
470	;	39,6449	;	55,2656	;	29/09/09
471	;	39,8287	;	52,5810	;	30/09/09
472	;	38,7264	;	46,6622	;	01/10/09
473	;	39,6063	;	48,5998	;	02/10/09
476	;	40,1286	;	48,2651	;	05/10/09
477	;	40,4959	;	46,1653	;	06/10/09
478	;	41,4725	;	47,0510	;	07/10/09
479	;	42,0624	;	48,4498	;	08/10/09
480	;	42,2750	;	46,3354	;	09/10/09
483	;	42,2750	;	43,5952	;	12/10/09
484	;	41,8689	;	43,6770	;	13/10/09
485	;	43,8028	;	50,5027	;	14/10/09
486	;	44,2767	;	51,9819	;	15/10/09
487	;	44,2297	;	58,5178	;	16/10/09
490	;	45,5591	;	58,4979	;	19/10/09
491	;	44,7380	;	58,0538	;	20/10/09
492	;	45,0703	;	65,6711	;	21/10/09
493	;	45,8621	;	65,0245	;	22/10/09
494	;	45,0703	;	61,4178	;	23/10/09
497	;	45,3538	;	61,0014	;	26/10/09
498	;	43,6433	;	50,6910	;	27/10/09
499	;	41,7471	;	45,4180	;	28/10/09
500	;	45,4516	;	58,2706	;	29/10/09
501	;	43,7899	;	55,8547	;	30/10/09
505	;	45,4516	;	54,3964	;	03/11/09
506	;	45,8817	;	50,3481	;	04/11/09
507	;	46,0771	;	49,5481	;	05/11/09
508	;	45,7839	;	48,7022	;	06/11/09
511	;	47,3577	;	49,2317	;	09/11/09
512	;	46,8395	;	50,3676	;	10/11/09
513	;	46,7516	;	56,3025	;	11/11/09
514	;	45,0606	;	55,9163	;	12/11/09
515	;	45,8426	;	53,4115	;	13/11/09
518	;	47,6704	;	57,2735	;	16/11/09
519	;	48,2960	;	57,5948	;	17/11/09
520	;	47,4652	;	62,7555	;	18/11/09
521	;	47,5727	;	52,1661	;	19/11/09
522	;	47,5727	;	57,7485	;	20/11/09
525	;	48,0809	;	53,0937	;	23/11/09
526	;	48,3547	;	52,3685	;	24/11/09
527	;	49,1659	;	54,6945	;	25/11/09
528	;	47,6997	;	47,7056	;	26/11/09
529	;	48,4817	;	44,2968	;	27/11/09
532	;	47,9148	;	44,1049	;	30/11/09
533	;	48,7749	;	39,6243	;	01/12/09
534	;	48,3840	;	48,2729	;	02/12/09
535	;	47,8463	;	49,6377	;	03/12/09
536	;	46,9667	;	42,4728	;	04/12/09
539	;	47,0448	;	38,8819	;	07/12/09
540	;	46,6245	;	41,0369	;	08/12/09
541	;	47,1133	;	43,6977	;	09/12/09
542	;	47,8953	;	45,0731	;	10/12/09
543	;	48,2863	;	44,4171	;	11/12/09
546	;	49,1464	;	47,4364	;	14/12/09
547	;	49,0878	;	49,9745	;	15/12/09
548	;	48,8335	;	57,9953	;	16/12/09
549	;	47,3185	;	50,3555	;	17/12/09
550	;	47,2110	;	52,9463	;	18/12/09
553	;	47,0546	;	52,4138	;	21/12/09
554	;	47,9441	;	54,6666	;	22/12/09
555	;	48,5893	;	55,3332	;	23/12/09
560	;	48,6772	;	56,2212	;	28/12/09
561	;	48,5403	;	61,4478	;	29/12/09
562	;	48,3840	;	64,0241	;	30/12/09
567	;	50,3290	;	70,4657	;	04/01/10
568	;	50,7983	;	69,1120	;	05/01/10
569	;	51,8734	;	71,4507	;	06/01/10
570	;	52,0886	;	68,9820	;	07/01/10
571	;	52,5967	;	65,0668	;	08/01/10
574	;	52,4404	;	66,1336	;	11/01/10
575	;	52,2938	;	83,6715	;	12/01/10
576	;	52,9389	;	82,8178	;	13/01/10
577	;	52,9292	;	85,8743	;	14/01/10
578	;	52,2448	;	77,1567	;	15/01/10
581	;	52,9779	;	77,2468	;	18/01/10
582	;	53,7111	;	78,9793	;	19/01/10
583	;	52,2448	;	65,4555	;	20/01/10
584	;	50,4366	;	53,6728	;	21/01/10
585	;	49,3712	;	45,3573	;	22/01/10
589	;	48,3741	;	45,1133	;	26/01/10
590	;	47,7095	;	41,7580	;	27/01/10
591	;	47,6801	;	47,7885	;	28/01/10
592	;	47,8073	;	43,9934	;	29/01/10
595	;	49,2539	;	49,6521	;	01/02/10
596	;	49,2539	;	47,2387	;	02/02/10
597	;	49,1464	;	50,7259	;	03/02/10
598	;	46,4876	;	42,2735	;	04/02/10
599	;	46,0966	;	42,8721	;	05/02/10
602	;	46,4290	;	39,9858	;	08/02/10
603	;	47,4065	;	43,0311	;	09/02/10
604	;	47,4554	;	39,1124	;	10/02/10
605	;	48,5697	;	45,3763	;	11/02/10
606	;	48,2373	;	48,5207	;	12/02/10
611	;	50,1434	;	55,5476	;	17/02/10
612	;	50,9938	;	55,1891	;	18/02/10
613	;	50,8275	;	54,2972	;	19/02/10
616	;	49,8502	;	55,9816	;	22/02/10
617	;	49,0878	;	53,8300	;	23/02/10
618	;	49,2636	;	50,7909	;	24/02/10
619	;	49,5569	;	45,4012	;	25/02/10
620	;	49,3126	;	60,5818	;	26/02/10
623	;	49,8208	;	59,1366	;	01/03/10
624	;	50,8178	;	61,4013	;	02/03/10
625	;	50,7103	;	63,6885	;	03/03/10
626	;	51,4141	;	65,9901	;	04/03/10
627	;	53,0757	;	67,4121	;	05/03/10
630	;	52,6848	;	67,1935	;	08/03/10
631	;	53,0757	;	61,3439	;	09/03/10
632	;	52,3915	;	58,9518	;	10/03/10
633	;	51,7073	;	55,5200	;	11/03/10
634	;	51,4141	;	60,3835	;	12/03/10
637	;	51,7073	;	61,7731	;	15/03/10
638	;	52,9975	;	66,2650	;	16/03/10
639	;	53,0562	;	65,3414	;	17/03/10
640	;	52,5382	;	63,0455	;	18/03/10
641	;	51,9712	;	63,0935	;	19/03/10
644	;	52,6749	;	61,6052	;	22/03/10
645	;	54,5419	;	62,8602	;	23/03/10
646	;	54,4442	;	66,2688	;	24/03/10
647	;	54,0532	;	63,1783	;	25/03/10
648	;	54,5419	;	61,3854	;	26/03/10
651	;	55,7638	;	64,7242	;	29/03/10
652	;	56,1547	;	64,9464	;	30/03/10
653	;	55,8615	;	68,8667	;	31/03/10
654	;	56,4284	;	67,4077	;	01/04/10
658	;	56,2720	;	71,1950	;	05/04/10
659	;	56,1938	;	71,7251	;	06/04/10
660	;	56,7608	;	73,4575	;	07/04/10
661	;	58,0607	;	77,0633	;	08/04/10
662	;	57,9532	;	82,8949	;	09/04/10
665	;	57,5525	;	81,1878	;	12/04/10
666	;	58,0119	;	76,7607	;	13/04/10
667	;	58,5006	;	74,3716	;	14/04/10
668	;	58,4235	;	79,0615	;	15/04/10
669	;	57,6163	;	72,7752	;	16/04/10
672	;	56,6024	;	63,5572	;	19/04/10
673	;	55,8149	;	62,3247	;	20/04/10
675	;	56,0117	;	58,5343	;	22/04/10
676	;	55,5196	;	58,2210	;	23/04/10
679	;	55,2932	;	57,7603	;	26/04/10
680	;	52,4778	;	44,4202	;	27/04/10
681	;	52,1234	;	45,9531	;	28/04/10
682	;	53,5507	;	48,4317	;	29/04/10
683	;	52,2711	;	44,4227	;	30/04/10
686	;	50,9717	;	41,6171	;	03/05/10
687	;	48,5895	;	40,4112	;	04/05/10
688	;	49,8003	;	49,0459	;	05/05/10
689	;	49,0915	;	47,5739	;	06/05/10
690	;	48,9242	;	48,7530	;	07/05/10
693	;	51,0012	;	55,4290	;	10/05/10
694	;	50,5090	;	55,9668	;	11/05/10
695	;	50,3318	;	63,8365	;	12/05/10
696	;	49,6033	;	63,1763	;	13/05/10
697	;	48,1366	;	60,3781	;	14/05/10
700	;	47,3885	;	64,3331	;	17/05/10
701	;	45,6757	;	61,0126	;	18/05/10
702	;	44,7897	;	62,6087	;	19/05/10
703	;	43,1655	;	61,4327	;	20/05/10
704	;	46,0694	;	68,3208	;	21/05/10
707	;	45,5871	;	71,9309	;	24/05/10
708	;	45,9907	;	69,2952	;	25/05/10
709	;	45,7445	;	70,2897	;	26/05/10
710	;	48,6288	;	71,5707	;	27/05/10
711	;	48,1858	;	72,9243	;	28/05/10
714	;	49,2195	;	69,0707	;	31/05/10
715	;	48,1563	;	66,9853	;	01/06/10
716	;	49,1702	;	64,0638	;	02/06/10
718	;	46,8471	;	61,9198	;	04/06/10
721	;	45,3804	;	60,1248	;	07/06/10
722	;	45,8627	;	58,6550	;	08/06/10
723	;	46,0300	;	54,8429	;	09/06/10
724	;	46,8668	;	56,2167	;	10/06/10
725	;	47,4377	;	48,8128	;	11/06/10
728	;	47,4673	;	43,6283	;	14/06/10
729	;	48,1464	;	44,4560	;	15/06/10
730	;	47,5460	;	42,9733	;	16/06/10
731	;	46,7092	;	35,4604	;	17/06/10
732	;	46,2663	;	35,3994	;	18/06/10
735	;	47,7134	;	37,5278	;	21/06/10
736	;	47,2506	;	39,6367	;	22/06/10
737	;	47,8314	;	37,7036	;	23/06/10
738	;	46,7585	;	42,8918	;	24/06/10
739	;	47,3294	;	47,2009	;	25/06/10
742	;	46,4435	;	46,4891	;	28/06/10
743	;	44,1991	;	42,1474	;	29/06/10
744	;	42,9686	;	39,8874	;	30/06/10
745	;	43,1556	;	37,5338	;	01/07/10
746	;	42,9391	;	43,8485	;	02/07/10
749	;	42,3287	;	44,7251	;	05/07/10
750	;	42,8603	;	43,0169	;	06/07/10
751	;	43,8940	;	45,3202	;	07/07/10
752	;	44,0416	;	40,6511	;	08/07/10
756	;	43,3918	;	34,6930	;	12/07/10
757	;	43,4706	;	31,0558	;	13/07/10
758	;	43,4805	;	28,0614	;	14/07/10
759	;	43,1359	;	28,3677	;	15/07/10
760	;	42,1810	;	27,8692	;	16/07/10
763	;	43,3623	;	40,9820	;	19/07/10
764	;	45,8134	;	56,1035	;	20/07/10
765	;	46,0792	;	56,3741	;	21/07/10
766	;	47,0538	;	53,6218	;	22/07/10
767	;	47,4180	;	51,9184	;	23/07/10
770	;	47,4377	;	49,9632	;	26/07/10
771	;	47,2506	;	53,2664	;	27/07/10
772	;	48,0874	;	55,9578	;	28/07/10
773	;	47,6444	;	57,1893	;	29/07/10
774	;	47,7921	;	56,8754	;	30/07/10
777	;	49,7412	;	62,6805	;	02/08/10
778	;	49,6821	;	69,3949	;	03/08/10
779	;	49,6427	;	72,9839	;	04/08/10
780	;	49,8593	;	83,0641	;	05/08/10
781	;	49,7904	;	84,1301	;	06/08/10
784	;	49,9183	;	77,7080	;	09/08/10
785	;	49,2195	;	70,6266	;	10/08/10
786	;	47,5558	;	54,3839	;	11/08/10
787	;	47,9594	;	54,6249	;	12/08/10
788	;	48,0382	;	55,0137	;	13/08/10
791	;	48,6682	;	53,2717	;	16/08/10
792	;	49,2293	;	51,5318	;	17/08/10
793	;	49,5640	;	50,0805	;	18/08/10
794	;	49,0718	;	52,2935	;	19/08/10
795	;	48,4713	;	39,8104	;	20/08/10
798	;	47,0833	;	32,4909	;	23/08/10
799	;	46,0694	;	28,5273	;	24/08/10
800	;	45,6560	;	31,0842	;	25/08/10
801	;	45,1440	;	29,5497	;	26/08/10
802	;	46,7092	;	42,0108	;	27/08/10
805	;	45,4787	;	39,9717	;	30/08/10
806	;	46,1482	;	43,3514	;	31/08/10
807	;	48,2843	;	51,9985	;	01/09/10
808	;	47,8216	;	56,8885	;	02/09/10
809	;	47,6444	;	60,8270	;	03/09/10
812	;	47,2506	;	64,5949	;	06/09/10
814	;	46,4533	;	69,0444	;	08/09/10
815	;	46,5616	;	62,4446	;	09/09/10
816	;	46,1285	;	62,9144	;	10/09/10
819	;	47,4476	;	66,3079	;	13/09/10
820	;	47,0538	;	68,9645	;	14/09/10
821	;	47,3294	;	65,3649	;	15/09/10
822	;	47,0243	;	66,5391	;	16/09/10
823	;	46,3942	;	63,2638	;	17/09/10
826	;	47,3491	;	67,5350	;	20/09/10
827	;	47,4968	;	65,2333	;	21/09/10
828	;	48,3532	;	57,9796	;	22/09/10
829	;	48,3729	;	54,3483	;	23/09/10
830	;	50,0365	;	57,5889	;	24/09/10
833	;	50,9520	;	57,3744	;	27/09/10
834	;	51,3458	;	59,8128	;	28/09/10
835	;	51,3753	;	59,5069	;	29/09/10
836	;	51,4835	;	57,5110	;	30/09/10
837	;	51,9758	;	53,8968	;	01/10/10
840	;	52,0151	;	50,4840	;	04/10/10
841	;	52,6746	;	51,8511	;	05/10/10
842	;	52,8322	;	42,9642	;	06/10/10
843	;	52,6451	;	74,0301	;	07/10/10
844	;	52,4679	;	72,7531	;	08/10/10
847	;	52,7633	;	73,1952	;	11/10/10
849	;	52,7140	;	76,7940	;	13/10/10
850	;	52,9109	;	77,4021	;	14/10/10
851	;	53,0652	;	69,9690	;	15/10/10
854	;	54,2091	;	70,9602	;	18/10/10
855	;	52,9160	;	44,0979	;	19/10/10
856	;	54,4876	;	53,6287	;	20/10/10
857	;	53,6123	;	51,0155	;	21/10/10
858	;	53,6620	;	48,4816	;	22/10/10
861	;	54,1096	;	50,7198	;	25/10/10
862	;	54,9054	;	51,2878	;	26/10/10
863	;	54,3583	;	53,2078	;	27/10/10
864	;	53,3139	;	47,2099	;	28/10/10
865	;	53,3139	;	43,8542	;	29/10/10
868	;	54,5075	;	48,2025	;	01/11/10
870	;	53,9107	;	44,8779	;	03/11/10
871	;	55,2933	;	49,6287	;	04/11/10
872	;	55,4027	;	49,4426	;	05/11/10
875	;	55,8006	;	46,4006	;	08/11/10
876	;	55,6016	;	53,6945	;	09/11/10
877	;	55,5022	;	53,0615	;	10/11/10
878	;	55,7409	;	54,0118	;	11/11/10
879	;	54,7064	;	53,0857	;	12/11/10
883	;	53,6024	;	50,5508	;	16/11/10
884	;	53,5228	;	53,1987	;	17/11/10
885	;	54,9451	;	60,9071	;	18/11/10
886	;	55,1540	;	58,2125	;	19/11/10
889	;	55,0048	;	57,7816	;	22/11/10
890	;	53,6123	;	52,4124	;	23/11/10
891	;	54,9750	;	52,3304	;	24/11/10
892	;	54,6269	;	57,3872	;	25/11/10
893	;	53,8013	;	58,7226	;	26/11/10
896	;	53,9206	;	52,1510	;	29/11/10
897	;	53,2741	;	49,5074	;	30/11/10
898	;	55,0048	;	58,7458	;	01/12/10
899	;	55,6016	;	58,7207	;	02/12/10
900	;	56,2979	;	57,8053	;	03/12/10
903	;	56,5466	;	58,4982	;	06/12/10
904	;	56,4172	;	58,1897	;	07/12/10
905	;	55,1640	;	51,6213	;	08/12/10
906	;	55,7707	;	53,5045	;	09/12/10
907	;	56,4670	;	50,0881	;	10/12/10
910	;	57,8794	;	56,6728	;	13/12/10
911	;	57,3721	;	55,5164	;	14/12/10
912	;	56,4968	;	52,3964	;	15/12/10
913	;	56,4471	;	57,5524	;	16/12/10
914	;	56,5963	;	57,6473	;	17/12/10
917	;	56,1984	;	59,6906	;	20/12/10
918	;	56,8847	;	54,7771	;	21/12/10
919	;	56,7256	;	57,5485	;	22/12/10
920	;	56,5466	;	59,1557	;	23/12/10
924	;	54,9352	;	55,6483	;	27/12/10
925	;	54,4478	;	53,9172	;	28/12/10
926	;	54,8258	;	55,4661	;	29/12/10
927	;	55,0347	;	52,7882	;	30/12/10
931	;	56,6659	;	58,7130	;	03/01/11
932	;	57,8396	;	57,3733	;	04/01/11
933	;	58,8840	;	58,5765	;	05/01/11
934	;	58,1281	;	59,4739	;	06/01/11
935	;	57,6904	;	57,0731	;	07/01/11
938	;	57,5810	;	62,6553	;	10/01/11
939	;	58,1877	;	60,8434	;	11/01/11
940	;	59,7991	;	64,1570	;	12/01/11
941	;	59,3813	;	62,7221	;	13/01/11
942	;	59,6400	;	57,8170	;	14/01/11
945	;	60,1700	;	57,8170	;	17/01/11
946	;	60,9200	;	65,5630	;	18/01/11
947	;	59,6000	;	66,1826	;	19/01/11
948	;	58,6000	;	59,7685	;	20/01/11
949	;	59,0000	;	59,4537	;	21/01/11
952	;	59,4000	;	54,8232	;	24/01/11
954	;	59,3500	;	51,4377	;	26/01/11
955	;	58,7600	;	53,0813	;	27/01/11
956	;	57,0700	;	54,1557	;	28/01/11
959	;	57,0800	;	47,1623	;	31/01/11
960	;	58,4900	;	40,6860	;	01/02/11
961	;	57,4000	;	44,7793	;	02/02/11
962	;	57,2700	;	38,2530	;	03/02/11
963	;	56,3400	;	39,3613	;	04/02/11
966	;	56,7600	;	40,9309	;	07/02/11
967	;	56,3100	;	40,3457	;	08/02/11
968	;	54,6000	;	40,1881	;	09/02/11
969	;	55,3100	;	38,5587	;	10/02/11
970	;	56,4500	;	40,5993	;	11/02/11
973	;	57,5500	;	45,7517	;	14/02/11
974	;	57,3600	;	49,7658	;	15/02/11
975	;	57,9100	;	49,2358	;	16/02/11
976	;	57,9900	;	46,9185	;	17/02/11
977	;	57,4000	;	47,8688	;	18/02/11
980	;	56,1000	;	51,9775	;	21/02/11
981	;	54,9800	;	46,0875	;	22/02/11
982	;	56,0000	;	45,7936	;	23/02/11
983	;	55,5100	;	44,8816	;	24/02/11
984	;	55,7000	;	46,6215	;	25/02/11
987	;	56,3000	;	45,4838	;	28/02/11
988	;	55,2400	;	43,2693	;	01/03/11
989	;	56,1800	;	46,4640	;	02/03/11
990	;	56,6000	;	47,4763	;	03/03/11
991	;	55,6500	;	44,0135	;	04/03/11
996	;	53,6200	;	40,4416	;	09/03/11
997	;	52,1000	;	33,7946	;	10/03/11
998	;	52,8200	;	32,5493	;	11/03/11
