-165	;	27,7372	;	54,7630	;	03/01/08
-164	;	27,9316	;	49,1879	;	04/01/08
-161	;	27,9316	;	47,2749	;	07/01/08
-160	;	28,1914	;	45,9342	;	08/01/08
-159	;	28,1914	;	44,6619	;	09/01/08
-158	;	28,7179	;	49,2240	;	10/01/08
-157	;	27,9517	;	42,0513	;	11/01/08
-154	;	28,0615	;	37,3206	;	14/01/08
-153	;	26,8929	;	32,6507	;	15/01/08
-152	;	26,4704	;	30,8728	;	16/01/08
-151	;	25,9505	;	27,1990	;	17/01/08
-150	;	25,3662	;	26,5749	;	18/01/08
-147	;	24,7489	;	26,7937	;	21/01/08
-146	;	24,7489	;	28,6759	;	22/01/08
-145	;	24,5545	;	30,0674	;	23/01/08
-144	;	26,5485	;	55,5516	;	24/01/08
-140	;	26,4119	;	58,0431	;	28/01/08
-139	;	26,6979	;	58,3695	;	29/01/08
-138	;	26,5356	;	60,3305	;	30/01/08
-137	;	25,6779	;	61,3020	;	31/01/08
-136	;	24,9911	;	61,2950	;	01/02/08
-131	;	23,9258	;	67,4197	;	06/02/08
-130	;	23,8472	;	71,0494	;	07/02/08
-129	;	23,6917	;	71,9785	;	08/02/08
-126	;	24,2572	;	68,5285	;	11/02/08
-125	;	25,7456	;	72,0246	;	12/02/08
-124	;	27,0654	;	73,6857	;	13/02/08
-123	;	26,0510	;	70,9948	;	14/02/08
-122	;	26,4541	;	67,0050	;	15/02/08
-119	;	27,2665	;	61,6930	;	18/02/08
-118	;	26,5256	;	58,6055	;	19/02/08
-117	;	27,1689	;	60,2225	;	20/02/08
-116	;	26,9738	;	60,0777	;	21/02/08
-115	;	27,6110	;	60,4223	;	22/02/08
-112	;	28,3527	;	60,8392	;	25/02/08
-111	;	29,1541	;	66,0329	;	26/02/08
-110	;	29,5651	;	60,4802	;	27/02/08
-109	;	29,4265	;	61,0443	;	28/02/08
-108	;	28,2205	;	56,6058	;	29/02/08
-105	;	28,7267	;	52,3616	;	03/03/08
-104	;	28,1107	;	49,4477	;	04/03/08
-103	;	29,2307	;	54,7575	;	05/03/08
-102	;	28,3753	;	54,1159	;	06/03/08
-101	;	27,5735	;	52,3797	;	07/03/08
-98	;	27,2817	;	55,1185	;	10/03/08
-97	;	28,4350	;	57,5303	;	11/03/08
-96	;	27,4476	;	53,1640	;	12/03/08
-95	;	27,9716	;	52,5719	;	13/03/08
-94	;	27,7063	;	54,5495	;	14/03/08
-91	;	26,3802	;	51,3429	;	17/03/08
-90	;	27,1757	;	54,1786	;	18/03/08
-89	;	26,1154	;	50,6712	;	19/03/08
-88	;	26,4135	;	49,2697	;	20/03/08
-84	;	25,9162	;	51,7657	;	24/03/08
-83	;	27,1757	;	53,9258	;	25/03/08
-82	;	26,8974	;	54,4406	;	26/03/08
-81	;	26,1813	;	54,7287	;	27/03/08
-80	;	25,9492	;	56,9448	;	28/03/08
-77	;	26,5198	;	54,1827	;	31/03/08
-76	;	27,3583	;	52,6057	;	01/04/08
-75	;	27,4039	;	50,5549	;	02/04/08
-74	;	27,5236	;	48,2124	;	03/04/08
-73	;	27,3583	;	48,7583	;	04/04/08
-70	;	27,6896	;	52,5673	;	07/04/08
-69	;	28,0539	;	49,7966	;	08/04/08
-68	;	27,3914	;	53,5772	;	09/04/08
-67	;	27,2651	;	57,4735	;	10/04/08
-66	;	26,8939	;	58,7916	;	11/04/08
-63	;	26,4027	;	50,3039	;	14/04/08
-62	;	26,5291	;	46,8877	;	15/04/08
-61	;	27,8553	;	58,2855	;	16/04/08
-60	;	28,8505	;	59,5806	;	17/04/08
-59	;	29,3743	;	59,0473	;	18/04/08
-55	;	29,0489	;	57,6271	;	22/04/08
-54	;	28,6179	;	60,0450	;	23/04/08
-53	;	28,6512	;	59,4810	;	24/04/08
-52	;	29,1156	;	56,8816	;	25/04/08
-49	;	29,5861	;	57,5280	;	28/04/08
-48	;	29,0160	;	57,4560	;	29/04/08
-47	;	31,4514	;	67,4953	;	30/04/08
-45	;	32,5725	;	65,3640	;	02/05/08
-42	;	33,0037	;	63,4204	;	05/05/08
-41	;	31,5839	;	55,5004	;	06/05/08
-40	;	30,9474	;	58,0791	;	07/05/08
-39	;	31,3453	;	54,4440	;	08/05/08
-38	;	31,1131	;	56,1141	;	09/05/08
-35	;	31,3187	;	54,6237	;	12/05/08
-34	;	30,7154	;	52,9259	;	13/05/08
-33	;	30,4497	;	54,1992	;	14/05/08
-32	;	31,1459	;	56,9262	;	15/05/08
-31	;	31,1654	;	55,0025	;	16/05/08
-28	;	31,8161	;	55,6031	;	19/05/08
-27	;	31,3119	;	56,3306	;	20/05/08
-26	;	30,5157	;	44,6435	;	21/05/08
-24	;	30,4165	;	41,8104	;	23/05/08
-21	;	30,4497	;	37,7065	;	26/05/08
-20	;	31,3119	;	48,2521	;	27/05/08
-19	;	32,4064	;	54,6316	;	28/05/08
-18	;	32,1742	;	57,0000	;	29/05/08
-17	;	33,4748	;	59,4740	;	30/05/08
-14	;	32,0238	;	54,8158	;	02/06/08
-13	;	31,1114	;	53,0182	;	03/06/08
-12	;	30,8866	;	53,2873	;	04/06/08
-11	;	32,0238	;	55,5050	;	05/06/08
-10	;	31,1855	;	57,9921	;	06/06/08
-7	;	30,4806	;	58,6733	;	09/06/08
-6	;	29,4519	;	56,3512	;	10/06/08
-5	;	29,0371	;	57,8003	;	11/06/08
-4	;	29,7010	;	54,5319	;	12/06/08
-3	;	30,0408	;	56,0405	;	13/06/08
0	;	30,1153	;	52,0709	;	16/06/08
1	;	30,9032	;	50,5517	;	17/06/08
2	;	29,8252	;	47,0263	;	18/06/08
3	;	29,6593	;	45,3828	;	19/06/08
4	;	28,4561	;	45,7040	;	20/06/08
7	;	28,4561	;	46,3387	;	23/06/08
8	;	27,6269	;	43,5674	;	24/06/08
9	;	28,3734	;	41,0443	;	25/06/08
10	;	26,8138	;	37,9303	;	26/06/08
11	;	26,9629	;	34,3554	;	27/06/08
14	;	27,0464	;	32,0525	;	30/06/08
15	;	26,6761	;	32,1007	;	01/07/08
16	;	26,6093	;	32,7727	;	02/07/08
17	;	25,6629	;	32,1809	;	03/07/08
18	;	25,9698	;	35,2520	;	04/07/08
21	;	25,8284	;	32,5285	;	07/07/08
22	;	26,2274	;	35,0015	;	08/07/08
24	;	26,3103	;	29,8212	;	10/07/08
25	;	25,9033	;	33,0193	;	11/07/08
28	;	25,8617	;	35,8021	;	14/07/08
29	;	25,2314	;	36,5076	;	15/07/08
30	;	27,5640	;	53,3332	;	16/07/08
31	;	27,8632	;	59,0962	;	17/07/08
32	;	28,7181	;	62,9551	;	18/07/08
35	;	28,0703	;	64,4142	;	21/07/08
36	;	28,4689	;	62,4413	;	22/07/08
37	;	28,4772	;	56,1155	;	23/07/08
38	;	27,3155	;	54,9162	;	24/07/08
39	;	26,6510	;	55,3895	;	25/07/08
42	;	26,2356	;	53,5876	;	28/07/08
43	;	27,1493	;	56,3031	;	29/07/08
44	;	27,7301	;	58,5836	;	30/07/08
45	;	27,8132	;	54,6536	;	31/07/08
46	;	27,2930	;	51,5601	;	01/08/08
49	;	26,4211	;	50,2993	;	04/08/08
50	;	27,5839	;	43,6950	;	05/08/08
51	;	28,0907	;	44,8320	;	06/08/08
52	;	27,5839	;	44,1781	;	07/08/08
53	;	27,1766	;	45,3244	;	08/08/08
56	;	26,5371	;	46,4057	;	11/08/08
57	;	26,2959	;	52,6578	;	12/08/08
58	;	25,7728	;	55,4466	;	13/08/08
59	;	26,4211	;	56,3533	;	14/08/08
60	;	26,0055	;	56,3299	;	15/08/08
63	;	25,3626	;	53,3141	;	18/08/08
64	;	25,2456	;	55,5602	;	19/08/08
65	;	26,2973	;	64,0828	;	20/08/08
66	;	26,1051	;	65,5644	;	21/08/08
67	;	26,3391	;	64,3638	;	22/08/08
70	;	25,5042	;	58,1505	;	25/08/08
71	;	25,2122	;	60,5746	;	26/08/08
72	;	25,4877	;	57,1082	;	27/08/08
73	;	26,4228	;	60,0058	;	28/08/08
74	;	25,6712	;	59,2196	;	29/08/08
77	;	25,4492	;	59,2893	;	01/09/08
78	;	25,7332	;	57,4985	;	02/09/08
79	;	26,0091	;	54,7054	;	03/09/08
80	;	25,1487	;	51,6445	;	04/09/08
81	;	25,6411	;	52,7293	;	05/09/08
84	;	25,9001	;	48,2230	;	08/09/08
85	;	25,1487	;	41,9498	;	09/09/08
86	;	25,4407	;	38,6886	;	10/09/08
87	;	25,7750	;	39,5048	;	11/09/08
88	;	25,8169	;	38,6673	;	12/09/08
91	;	24,1041	;	29,6455	;	15/09/08
92	;	24,4881	;	30,4671	;	16/09/08
93	;	23,1261	;	24,1465	;	17/09/08
94	;	24,6469	;	31,5161	;	18/09/08
95	;	26,7355	;	34,6865	;	19/09/08
98	;	25,4827	;	35,9415	;	22/09/08
99	;	25,0646	;	40,2877	;	23/09/08
100	;	24,8979	;	43,0338	;	24/09/08
101	;	25,9001	;	45,2239	;	25/09/08
102	;	25,8082	;	50,9425	;	26/09/08
105	;	24,2795	;	47,7854	;	29/09/08
106	;	26,6523	;	55,6217	;	30/09/08
107	;	26,6723	;	54,6424	;	01/10/08
108	;	25,0837	;	56,4252	;	02/10/08
109	;	23,3027	;	56,0632	;	03/10/08
112	;	22,1990	;	58,7037	;	06/10/08
113	;	21,4883	;	60,3084	;	07/10/08
114	;	20,9032	;	60,1676	;	08/10/08
115	;	19,8578	;	54,7819	;	09/10/08
116	;	19,1391	;	55,4180	;	10/10/08
119	;	23,6121	;	70,3301	;	13/10/08
120	;	24,5063	;	65,6664	;	14/10/08
121	;	21,8142	;	65,0984	;	15/10/08
122	;	20,4849	;	62,5716	;	16/10/08
123	;	19,2807	;	62,5907	;	17/10/08
126	;	20,6607	;	60,8594	;	20/10/08
127	;	20,3181	;	68,8401	;	21/10/08
128	;	17,8513	;	66,5867	;	22/10/08
129	;	16,3795	;	66,1860	;	23/10/08
130	;	14,6323	;	64,1835	;	24/10/08
133	;	14,6323	;	63,0580	;	27/10/08
134	;	15,9282	;	60,1742	;	28/10/08
135	;	18,0266	;	60,3271	;	29/10/08
136	;	19,9333	;	58,3773	;	30/10/08
137	;	19,4816	;	54,6031	;	31/10/08
140	;	22,6739	;	60,7958	;	03/11/08
141	;	23,7701	;	60,2461	;	04/11/08
142	;	21,6863	;	58,9129	;	05/11/08
143	;	20,3472	;	58,7685	;	06/11/08
144	;	21,0919	;	57,3304	;	07/11/08
147	;	21,7615	;	51,8636	;	10/11/08
148	;	21,5524	;	58,3729	;	11/11/08
149	;	20,0543	;	59,2331	;	12/11/08
150	;	21,8951	;	63,4739	;	13/11/08
151	;	21,6024	;	66,4424	;	14/11/08
154	;	21,5691	;	69,6219	;	17/11/08
155	;	19,9199	;	65,0466	;	18/11/08
156	;	18,8824	;	62,9397	;	19/11/08
158	;	17,3752	;	59,7334	;	21/11/08
161	;	20,1299	;	59,3868	;	24/11/08
162	;	21,0603	;	59,2466	;	25/11/08
163	;	22,6042	;	61,6056	;	26/11/08
164	;	22,5021	;	65,5619	;	27/11/08
165	;	22,7236	;	64,1259	;	28/11/08
168	;	22,0187	;	66,9149	;	01/12/08
169	;	22,5732	;	62,1824	;	02/12/08
170	;	22,7956	;	61,5749	;	03/12/08
171	;	22,9918	;	56,1609	;	04/12/08
172	;	23,2224	;	51,0711	;	05/12/08
175	;	25,5361	;	50,1247	;	08/12/08
176	;	25,3138	;	58,1867	;	09/12/08
177	;	25,3567	;	58,8147	;	10/12/08
178	;	24,6142	;	70,6711	;	11/12/08
179	;	25,6123	;	63,8689	;	12/12/08
182	;	23,9058	;	52,4883	;	15/12/08
183	;	25,4421	;	51,6658	;	16/12/08
184	;	26,0398	;	46,3669	;	17/12/08
185	;	25,5278	;	50,3350	;	18/12/08
186	;	24,5886	;	49,4230	;	19/12/08
189	;	23,4440	;	48,2518	;	22/12/08
190	;	22,2063	;	48,8069	;	23/12/08
193	;	22,1125	;	54,7006	;	26/12/08
196	;	22,1125	;	58,1310	;	29/12/08
197	;	22,2830	;	45,4331	;	30/12/08
200	;	24,7295	;	53,0137	;	02/01/09
203	;	24,7890	;	53,0848	;	05/01/09
204	;	25,8084	;	52,2501	;	06/01/09
205	;	24,3269	;	50,5400	;	07/01/09
206	;	24,4729	;	50,1108	;	08/01/09
207	;	24,4470	;	50,4312	;	09/01/09
210	;	23,4107	;	50,6037	;	12/01/09
211	;	22,5548	;	49,0349	;	13/01/09
212	;	20,8593	;	45,8087	;	14/01/09
213	;	21,2358	;	44,4731	;	15/01/09
214	;	20,5079	;	46,2363	;	16/01/09
217	;	20,8074	;	40,9450	;	19/01/09
218	;	19,3866	;	38,7866	;	20/01/09
219	;	20,0374	;	41,7149	;	21/01/09
220	;	19,4805	;	31,0365	;	22/01/09
221	;	19,9259	;	34,6231	;	23/01/09
224	;	19,7974	;	32,8815	;	26/01/09
225	;	19,5149	;	35,8519	;	27/01/09
226	;	20,9622	;	48,9667	;	28/01/09
227	;	20,2939	;	46,5750	;	29/01/09
228	;	20,0199	;	48,8093	;	30/01/09
231	;	19,4149	;	49,3292	;	02/02/09
232	;	19,6974	;	51,1205	;	03/02/09
233	;	20,0580	;	51,1567	;	04/02/09
234	;	20,9143	;	53,4310	;	05/02/09
235	;	22,4050	;	59,0491	;	06/02/09
238	;	22,0623	;	66,5558	;	09/02/09
239	;	21,2055	;	64,5911	;	10/02/09
240	;	21,1626	;	68,0759	;	11/02/09
241	;	20,9743	;	71,1402	;	12/02/09
242	;	21,8481	;	69,3301	;	13/02/09
245	;	21,7624	;	70,7795	;	16/02/09
246	;	20,4770	;	62,4909	;	17/02/09
247	;	20,3063	;	65,3237	;	18/02/09
248	;	20,1172	;	65,8555	;	19/02/09
249	;	19,5345	;	66,0158	;	20/02/09
254	;	19,3206	;	70,0858	;	25/02/09
255	;	19,3636	;	68,0127	;	26/02/09
256	;	19,0208	;	67,5013	;	27/02/09
259	;	18,0036	;	50,6287	;	02/03/09
260	;	17,9177	;	51,6744	;	03/03/09
261	;	18,9981	;	64,8104	;	04/03/09
262	;	18,8609	;	64,2433	;	05/03/09
263	;	19,1183	;	59,1170	;	06/03/09
266	;	18,8921	;	56,4398	;	09/03/09
267	;	20,0877	;	62,2271	;	10/03/09
268	;	20,1301	;	62,5494	;	11/03/09
269	;	20,6501	;	60,7459	;	12/03/09
270	;	20,7795	;	56,2779	;	13/03/09
273	;	20,8752	;	55,7895	;	16/03/09
274	;	21,3342	;	53,9392	;	17/03/09
275	;	22,0007	;	57,2781	;	18/03/09
276	;	21,4378	;	55,3179	;	19/03/09
277	;	21,1262	;	66,5769	;	20/03/09
280	;	23,1610	;	68,7595	;	23/03/09
281	;	22,3294	;	60,7861	;	24/03/09
282	;	22,4077	;	55,0324	;	25/03/09
283	;	23,1171	;	56,6315	;	26/03/09
284	;	23,0310	;	58,9926	;	27/03/09
287	;	22,3643	;	53,3248	;	30/03/09
288	;	22,2085	;	58,9441	;	31/03/09
289	;	22,5670	;	57,8571	;	01/04/09
290	;	23,6496	;	62,1693	;	02/04/09
291	;	24,2560	;	64,0254	;	03/04/09
294	;	24,4984	;	62,9901	;	06/04/09
295	;	24,5509	;	60,2110	;	07/04/09
296	;	24,5155	;	65,6650	;	08/04/09
297	;	25,3388	;	65,8293	;	09/04/09
298	;	25,3388	;	58,0772	;	10/04/09
301	;	25,1657	;	69,0023	;	13/04/09
302	;	23,9873	;	60,1941	;	14/04/09
303	;	23,9873	;	58,8485	;	15/04/09
304	;	24,6803	;	56,3313	;	16/04/09
305	;	24,5155	;	63,0708	;	17/04/09
308	;	23,6327	;	54,5577	;	20/04/09
310	;	23,2251	;	56,3031	;	22/04/09
311	;	24,1695	;	55,0554	;	23/04/09
312	;	24,7670	;	54,8937	;	24/04/09
315	;	23,9096	;	54,8778	;	27/04/09
316	;	24,4294	;	58,3251	;	28/04/09
317	;	26,0579	;	59,3359	;	29/04/09
318	;	26,3352	;	56,6040	;	30/04/09
322	;	27,7623	;	58,8721	;	04/05/09
323	;	28,4464	;	54,6097	;	05/05/09
324	;	28,1256	;	61,6447	;	06/05/09
325	;	25,9960	;	52,9249	;	07/05/09
326	;	26,2987	;	51,2911	;	08/05/09
329	;	25,6145	;	48,7612	;	11/05/09
330	;	25,1994	;	51,3555	;	12/05/09
331	;	24,5327	;	50,1156	;	13/05/09
332	;	24,8527	;	47,2516	;	14/05/09
333	;	24,5843	;	50,1821	;	15/05/09
336	;	25,7708	;	53,0526	;	18/05/09
337	;	25,5020	;	56,4261	;	19/05/09
338	;	26,0045	;	50,7272	;	20/05/09
339	;	25,9697	;	56,1943	;	21/05/09
340	;	26,3073	;	49,3590	;	22/05/09
343	;	26,3249	;	44,3000	;	25/05/09
344	;	27,3205	;	46,3325	;	26/05/09
345	;	27,4417	;	54,9793	;	27/05/09
346	;	27,7106	;	54,6693	;	28/05/09
347	;	27,6236	;	61,6795	;	29/05/09
350	;	28,3858	;	64,9923	;	01/06/09
351	;	28,0306	;	71,7025	;	02/06/09
352	;	27,3642	;	66,1157	;	03/06/09
353	;	27,7105	;	65,3678	;	04/06/09
354	;	27,4766	;	61,2484	;	05/06/09
357	;	27,5368	;	59,0777	;	08/06/09
358	;	27,1909	;	56,7733	;	09/06/09
359	;	27,2945	;	50,7258	;	10/06/09
361	;	27,7272	;	51,3545	;	12/06/09
364	;	26,7749	;	47,4621	;	15/06/09
365	;	26,6104	;	43,0670	;	16/06/09
366	;	26,4634	;	47,3861	;	17/06/09
367	;	26,0993	;	48,1862	;	18/06/09
368	;	26,4980	;	46,8469	;	19/06/09
371	;	26,3076	;	41,9030	;	22/06/09
372	;	25,7622	;	40,3526	;	23/06/09
373	;	25,7622	;	42,2928	;	24/06/09
374	;	26,3508	;	46,8903	;	25/06/09
375	;	26,7663	;	46,8510	;	26/06/09
378	;	27,2945	;	52,0540	;	29/06/09
379	;	26,9305	;	51,8612	;	30/06/09
380	;	26,9394	;	50,9116	;	01/07/09
381	;	26,8791	;	53,4010	;	02/07/09
382	;	26,6711	;	60,6860	;	03/07/09
385	;	26,8444	;	57,1033	;	06/07/09
386	;	26,4200	;	53,7413	;	07/07/09
387	;	26,2815	;	56,4970	;	08/07/09
389	;	25,9784	;	55,4421	;	10/07/09
392	;	25,9784	;	54,3533	;	13/07/09
393	;	25,7012	;	57,8203	;	14/07/09
394	;	26,7750	;	65,2131	;	15/07/09
395	;	27,1908	;	63,5880	;	16/07/09
396	;	27,0608	;	65,2888	;	17/07/09
399	;	28,2036	;	70,4614	;	20/07/09
400	;	28,2296	;	68,3316	;	21/07/09
401	;	28,3081	;	68,8189	;	22/07/09
402	;	29,4336	;	69,6757	;	23/07/09
403	;	29,5201	;	66,4806	;	24/07/09
406	;	29,3991	;	70,5827	;	27/07/09
407	;	29,3553	;	76,7882	;	28/07/09
408	;	28,9658	;	73,1817	;	29/07/09
409	;	29,2344	;	73,8748	;	30/07/09
410	;	29,0957	;	74,8813	;	31/07/09
413	;	29,4422	;	76,5890	;	03/08/09
414	;	29,7024	;	72,4265	;	04/08/09
415	;	30,2998	;	73,0919	;	05/08/09
416	;	30,0486	;	70,7378	;	06/08/09
417	;	30,9229	;	68,6369	;	07/08/09
420	;	31,2434	;	70,1768	;	10/08/09
421	;	29,9618	;	57,6408	;	11/08/09
422	;	29,7369	;	53,5031	;	12/08/09
423	;	29,3732	;	56,3195	;	13/08/09
424	;	28,9228	;	53,4871	;	14/08/09
427	;	28,2298	;	48,5973	;	17/08/09
428	;	29,2257	;	52,4755	;	18/08/09
429	;	29,6151	;	53,2714	;	19/08/09
430	;	30,0052	;	49,5868	;	20/08/09
431	;	29,7885	;	52,9752	;	21/08/09
434	;	30,0588	;	53,0194	;	24/08/09
435	;	30,4329	;	51,5083	;	25/08/09
436	;	31,0952	;	50,2588	;	26/08/09
437	;	30,8601	;	50,1277	;	27/08/09
438	;	30,8338	;	54,7687	;	28/08/09
441	;	30,6403	;	63,3787	;	31/08/09
442	;	29,7495	;	57,7436	;	01/09/09
443	;	29,6632	;	60,0528	;	02/09/09
444	;	29,5192	;	62,8780	;	03/09/09
445	;	30,2668	;	68,9418	;	04/09/09
449	;	30,6595	;	64,7896	;	08/09/09
450	;	31,0426	;	64,6129	;	09/09/09
451	;	31,2250	;	62,9863	;	10/09/09
452	;	31,5604	;	61,7090	;	11/09/09
455	;	31,6176	;	60,0930	;	14/09/09
456	;	32,0872	;	60,6436	;	15/09/09
457	;	32,5183	;	58,6715	;	16/09/09
458	;	32,5279	;	55,2803	;	17/09/09
459	;	32,7195	;	49,0376	;	18/09/09
462	;	32,4799	;	48,4374	;	21/09/09
463	;	32,6238	;	66,1663	;	22/09/09
464	;	32,0872	;	50,7408	;	23/09/09
465	;	31,7615	;	46,5036	;	24/09/09
466	;	31,9338	;	41,4964	;	25/09/09
469	;	32,6429	;	43,9304	;	28/09/09
470	;	33,7254	;	48,7095	;	29/09/09
471	;	34,2046	;	50,4144	;	30/09/09
472	;	34,3601	;	49,1569	;	01/10/09
473	;	34,5039	;	49,6460	;	02/10/09
476	;	35,1748	;	50,5662	;	05/10/09
477	;	34,6954	;	48,9083	;	06/10/09
478	;	33,5932	;	44,2876	;	07/10/09
479	;	34,1684	;	46,6270	;	08/10/09
480	;	34,5039	;	42,7749	;	09/10/09
484	;	34,5998	;	42,4732	;	13/10/09
485	;	35,5582	;	44,0858	;	14/10/09
486	;	35,4142	;	46,9708	;	15/10/09
487	;	35,0788	;	51,3027	;	16/10/09
490	;	35,4814	;	49,5115	;	19/10/09
491	;	34,7914	;	44,0989	;	20/10/09
492	;	34,5039	;	45,6646	;	21/10/09
493	;	35,1748	;	49,2228	;	22/10/09
494	;	34,8391	;	52,8469	;	23/10/09
497	;	34,7914	;	54,7018	;	26/10/09
498	;	33,8904	;	51,7523	;	27/10/09
499	;	31,6286	;	44,8598	;	28/10/09
500	;	33,6701	;	55,5618	;	29/10/09
501	;	32,1075	;	54,2492	;	30/10/09
505	;	33,8069	;	62,3765	;	03/11/09
506	;	34,9001	;	62,9842	;	04/11/09
507	;	35,1875	;	57,3808	;	05/11/09
508	;	35,0340	;	58,0567	;	06/11/09
511	;	35,8108	;	59,3914	;	09/11/09
512	;	36,2709	;	56,6550	;	10/11/09
513	;	36,2900	;	50,8682	;	11/11/09
514	;	35,2357	;	51,3556	;	12/11/09
515	;	36,4148	;	49,4865	;	13/11/09
518	;	36,6735	;	42,9976	;	16/11/09
519	;	36,8942	;	39,5948	;	17/11/09
520	;	36,4341	;	51,0023	;	18/11/09
521	;	35,5613	;	45,6318	;	19/11/09
525	;	36,3282	;	53,0380	;	23/11/09
526	;	36,5202	;	46,1361	;	24/11/09
527	;	37,1913	;	43,7119	;	25/11/09
528	;	35,9736	;	40,8198	;	26/11/09
529	;	36,1944	;	35,2179	;	27/11/09
532	;	36,3859	;	32,1985	;	30/11/09
533	;	37,7405	;	36,4749	;	01/12/09
534	;	38,1719	;	38,2186	;	02/12/09
535	;	37,7405	;	43,0226	;	03/12/09
536	;	37,6925	;	44,5962	;	04/12/09
539	;	38,4120	;	46,9892	;	07/12/09
540	;	38,2200	;	51,8230	;	08/12/09
541	;	38,2103	;	55,5953	;	09/12/09
542	;	38,4023	;	58,7123	;	10/12/09
543	;	38,3640	;	61,0726	;	11/12/09
546	;	38,1529	;	64,2550	;	14/12/09
547	;	38,4693	;	61,8441	;	15/12/09
548	;	37,9801	;	71,4062	;	16/12/09
549	;	36,9442	;	64,1628	;	17/12/09
550	;	36,9057	;	69,0650	;	18/12/09
553	;	36,5892	;	59,7156	;	21/12/09
554	;	36,6276	;	53,0812	;	22/12/09
555	;	36,3208	;	54,0834	;	23/12/09
560	;	36,3496	;	46,9242	;	28/12/09
561	;	37,0308	;	46,6685	;	29/12/09
562	;	37,1075	;	42,5570	;	30/12/09
567	;	38,6683	;	54,7522	;	04/01/10
568	;	38,9189	;	55,2098	;	05/01/10
569	;	38,5815	;	52,4166	;	06/01/10
570	;	38,1863	;	50,8281	;	07/01/10
571	;	37,6081	;	50,7723	;	08/01/10
574	;	37,2804	;	51,8846	;	11/01/10
575	;	36,9334	;	57,5349	;	12/01/10
576	;	37,0492	;	51,8482	;	13/01/10
577	;	36,5384	;	50,0306	;	14/01/10
578	;	35,9215	;	51,7434	;	15/01/10
581	;	36,2395	;	49,8132	;	18/01/10
582	;	36,1432	;	55,9467	;	19/01/10
583	;	35,1891	;	50,1965	;	20/01/10
584	;	34,5431	;	53,7587	;	21/01/10
585	;	34,9383	;	36,4856	;	22/01/10
589	;	35,0251	;	33,2307	;	26/01/10
590	;	34,5238	;	32,2963	;	27/01/10
591	;	35,5551	;	44,4360	;	28/01/10
592	;	34,8227	;	43,3888	;	29/01/10
595	;	35,4900	;	44,9656	;	01/02/10
596	;	35,9622	;	43,8520	;	02/02/10
597	;	35,8081	;	49,1784	;	03/02/10
598	;	34,4295	;	44,4215	;	04/02/10
599	;	33,5521	;	42,9749	;	05/02/10
602	;	33,4555	;	47,2156	;	08/02/10
603	;	34,9498	;	51,6702	;	09/02/10
604	;	35,1429	;	50,4060	;	10/02/10
605	;	35,7599	;	50,4555	;	11/02/10
606	;	35,7502	;	55,4911	;	12/02/10
611	;	36,5216	;	58,7855	;	17/02/10
612	;	36,6370	;	55,7900	;	18/02/10
613	;	36,0588	;	53,6842	;	19/02/10
616	;	35,6733	;	56,0721	;	22/02/10
617	;	35,0791	;	55,1848	;	23/02/10
618	;	34,6894	;	56,9857	;	24/02/10
619	;	34,6796	;	57,7779	;	25/02/10
620	;	35,5564	;	65,3787	;	26/02/10
623	;	35,6267	;	67,4953	;	01/03/10
624	;	36,2017	;	65,0343	;	02/03/10
625	;	36,2017	;	58,7962	;	03/03/10
626	;	36,1528	;	64,0391	;	04/03/10
627	;	36,3477	;	60,4420	;	05/03/10
630	;	36,3281	;	60,3289	;	08/03/10
631	;	36,7766	;	57,0789	;	09/03/10
632	;	36,9324	;	57,4843	;	10/03/10
633	;	37,0300	;	58,9313	;	11/03/10
634	;	36,4356	;	55,9001	;	12/03/10
637	;	36,6498	;	61,1575	;	15/03/10
638	;	36,8836	;	66,1892	;	16/03/10
639	;	36,5426	;	56,7547	;	17/03/10
640	;	36,2501	;	49,4069	;	18/03/10
641	;	36,1042	;	53,6750	;	19/03/10
644	;	36,6399	;	53,0561	;	22/03/10
645	;	36,3379	;	52,1460	;	23/03/10
646	;	35,5681	;	43,4529	;	24/03/10
647	;	35,9968	;	46,4517	;	25/03/10
648	;	36,6399	;	46,1390	;	26/03/10
651	;	37,1857	;	46,9556	;	29/03/10
652	;	37,5659	;	48,7846	;	30/03/10
653	;	38,0042	;	51,3129	;	31/03/10
654	;	38,2110	;	52,0952	;	01/04/10
658	;	38,4547	;	52,2194	;	05/04/10
659	;	37,9673	;	52,4919	;	06/04/10
660	;	37,6261	;	52,5936	;	07/04/10
661	;	38,9713	;	56,5516	;	08/04/10
662	;	39,0883	;	50,8448	;	09/04/10
665	;	38,5521	;	50,1347	;	12/04/10
666	;	38,4352	;	52,2285	;	13/04/10
667	;	38,6496	;	56,1266	;	14/04/10
668	;	38,5911	;	60,6573	;	15/04/10
669	;	37,3823	;	49,4530	;	16/04/10
672	;	36,9534	;	48,5457	;	19/04/10
673	;	37,2850	;	48,1415	;	20/04/10
675	;	36,9437	;	48,5899	;	22/04/10
676	;	36,9925	;	46,9586	;	23/04/10
679	;	36,5149	;	48,4093	;	26/04/10
680	;	35,2964	;	43,9337	;	27/04/10
681	;	36,1933	;	47,8100	;	28/04/10
682	;	36,8463	;	41,6369	;	29/04/10
683	;	36,7411	;	47,2220	;	30/04/10
686	;	36,8580	;	44,1030	;	03/05/10
687	;	35,8828	;	39,2392	;	04/05/10
688	;	35,7660	;	43,6463	;	05/05/10
689	;	35,3369	;	41,7804	;	06/05/10
690	;	35,2394	;	47,2880	;	07/05/10
693	;	36,7508	;	56,4315	;	10/05/10
694	;	36,2434	;	58,3837	;	11/05/10
695	;	36,1756	;	59,9419	;	12/05/10
696	;	35,6392	;	64,3280	;	13/05/10
697	;	35,0542	;	63,6873	;	14/05/10
700	;	35,0053	;	70,0610	;	17/05/10
701	;	34,1181	;	66,0231	;	18/05/10
702	;	32,3726	;	61,6249	;	19/05/10
703	;	32,0315	;	60,5876	;	20/05/10
704	;	32,6651	;	67,6490	;	21/05/10
707	;	32,0996	;	68,7805	;	24/05/10
708	;	31,3098	;	66,1956	;	25/05/10
709	;	32,3628	;	66,2327	;	26/05/10
710	;	32,9480	;	61,7318	;	27/05/10
711	;	32,7627	;	58,9041	;	28/05/10
714	;	33,8354	;	60,6475	;	31/05/10
715	;	33,1640	;	58,2129	;	01/06/10
716	;	34,1006	;	58,0632	;	02/06/10
718	;	33,4080	;	57,5175	;	04/06/10
721	;	32,3937	;	53,7619	;	07/06/10
722	;	32,9789	;	52,7555	;	08/06/10
723	;	32,6764	;	59,3004	;	09/06/10
724	;	33,5546	;	58,2376	;	10/06/10
725	;	34,0518	;	57,5460	;	11/06/10
728	;	33,5056	;	57,7916	;	14/06/10
729	;	34,3248	;	59,3013	;	15/06/10
730	;	34,4324	;	55,1853	;	16/06/10
731	;	34,2761	;	58,3462	;	17/06/10
732	;	34,4324	;	53,3499	;	18/06/10
735	;	34,5786	;	48,1990	;	21/06/10
736	;	34,4324	;	52,4294	;	22/06/10
737	;	34,5981	;	47,2164	;	23/06/10
738	;	33,5056	;	44,1166	;	24/06/10
739	;	33,7494	;	47,8418	;	25/06/10
742	;	33,6616	;	49,8056	;	28/06/10
743	;	32,2767	;	40,3126	;	29/06/10
744	;	31,7011	;	34,9206	;	30/06/10
745	;	33,1666	;	44,5326	;	01/07/10
746	;	33,4790	;	43,3819	;	02/07/10
749	;	32,6690	;	38,7169	;	05/07/10
750	;	33,4497	;	44,3332	;	06/07/10
751	;	35,4110	;	49,5292	;	07/07/10
752	;	36,2014	;	52,1739	;	08/07/10
756	;	36,3282	;	52,0687	;	12/07/10
757	;	36,4453	;	45,9140	;	13/07/10
758	;	36,1819	;	51,2332	;	14/07/10
759	;	36,1039	;	57,9013	;	15/07/10
760	;	35,1963	;	58,1623	;	16/07/10
763	;	36,0061	;	54,7979	;	19/07/10
764	;	36,3086	;	59,0439	;	20/07/10
765	;	36,1916	;	64,0509	;	21/07/10
766	;	37,1771	;	61,7047	;	22/07/10
767	;	37,5675	;	61,8462	;	23/07/10
770	;	37,6553	;	65,9854	;	26/07/10
771	;	37,5675	;	68,8120	;	27/07/10
772	;	38,4456	;	63,2019	;	28/07/10
773	;	38,4748	;	58,6536	;	29/07/10
774	;	38,6308	;	58,7854	;	30/07/10
777	;	38,7600	;	58,8130	;	02/08/10
778	;	37,5788	;	47,4719	;	03/08/10
779	;	36,9346	;	42,2216	;	04/08/10
780	;	37,0028	;	44,0954	;	05/08/10
781	;	37,4324	;	41,2827	;	06/08/10
784	;	37,5788	;	40,0946	;	09/08/10
785	;	37,4030	;	39,4476	;	10/08/10
786	;	36,8103	;	32,7384	;	11/08/10
787	;	36,9871	;	30,6398	;	12/08/10
788	;	37,0461	;	30,3587	;	13/08/10
791	;	37,2230	;	26,0698	;	16/08/10
792	;	37,4684	;	20,2631	;	17/08/10
793	;	37,3800	;	25,1036	;	18/08/10
794	;	36,9379	;	25,9525	;	19/08/10
795	;	36,8594	;	29,3801	;	20/08/10
798	;	36,6040	;	36,5816	;	23/08/10
799	;	35,9753	;	36,5710	;	24/08/10
800	;	35,9555	;	41,9179	;	25/08/10
801	;	35,0616	;	31,1221	;	26/08/10
802	;	36,5450	;	55,5998	;	27/08/10
805	;	36,1030	;	53,5574	;	30/08/10
806	;	37,1540	;	60,4129	;	31/08/10
807	;	37,6475	;	62,5629	;	01/09/10
808	;	37,2443	;	66,1138	;	02/09/10
809	;	37,1954	;	71,7321	;	03/09/10
812	;	36,8514	;	75,7939	;	06/09/10
814	;	36,8024	;	75,9836	;	08/09/10
815	;	36,6253	;	77,3111	;	09/09/10
816	;	36,5468	;	77,3068	;	10/09/10
819	;	37,8341	;	78,0674	;	13/09/10
820	;	38,3746	;	78,2725	;	14/09/10
821	;	38,6005	;	73,7422	;	15/09/10
822	;	38,2273	;	78,4471	;	16/09/10
823	;	38,0305	;	75,7123	;	17/09/10
826	;	38,3255	;	76,0297	;	20/09/10
827	;	37,7261	;	69,6288	;	21/09/10
828	;	37,9816	;	67,7141	;	22/09/10
829	;	38,2764	;	67,7551	;	23/09/10
830	;	37,9816	;	65,0359	;	24/09/10
833	;	38,0305	;	62,9717	;	27/09/10
834	;	38,3746	;	59,4082	;	28/09/10
835	;	39,0724	;	59,4159	;	29/09/10
836	;	39,7701	;	56,5322	;	30/09/10
837	;	40,1142	;	50,5444	;	01/10/10
840	;	40,1633	;	46,9525	;	04/10/10
841	;	41,1662	;	52,0412	;	05/10/10
842	;	40,8024	;	52,5912	;	06/10/10
843	;	40,8812	;	47,1938	;	07/10/10
844	;	41,7757	;	50,3334	;	08/10/10
847	;	41,4612	;	57,5376	;	11/10/10
849	;	41,9430	;	58,5040	;	13/10/10
850	;	41,6383	;	59,8267	;	14/10/10
851	;	42,0510	;	59,3644	;	15/10/10
854	;	42,2773	;	60,1296	;	18/10/10
855	;	41,4316	;	52,7158	;	19/10/10
856	;	41,8347	;	50,9179	;	20/10/10
857	;	41,3039	;	48,4556	;	21/10/10
858	;	41,6773	;	48,5568	;	22/10/10
861	;	41,7856	;	48,9138	;	25/10/10
862	;	41,6871	;	47,9564	;	26/10/10
863	;	40,8418	;	43,5377	;	27/10/10
864	;	40,4483	;	46,8015	;	28/10/10
865	;	40,8024	;	41,6969	;	29/10/10
868	;	41,5813	;	44,1490	;	01/11/10
870	;	41,4535	;	46,1396	;	03/11/10
871	;	42,3878	;	48,9671	;	04/11/10
872	;	42,7713	;	48,7178	;	05/11/10
875	;	42,8107	;	47,3902	;	08/11/10
876	;	41,6599	;	44,9976	;	09/11/10
877	;	42,1418	;	45,5493	;	10/11/10
878	;	41,3060	;	43,3002	;	11/11/10
879	;	41,3060	;	43,7688	;	12/11/10
883	;	40,4699	;	45,0602	;	16/11/10
884	;	40,4208	;	45,3397	;	17/11/10
885	;	40,8241	;	46,4652	;	18/11/10
886	;	41,2371	;	44,6658	;	19/11/10
889	;	40,5979	;	45,1368	;	22/11/10
890	;	39,5258	;	39,8191	;	23/11/10
891	;	39,8700	;	36,2034	;	24/11/10
892	;	39,8012	;	34,4362	;	25/11/10
893	;	39,4374	;	35,3268	;	26/11/10
896	;	38,9456	;	40,5057	;	29/11/10
897	;	38,6013	;	44,0487	;	30/11/10
898	;	39,3609	;	48,5986	;	01/12/10
899	;	39,4987	;	46,5395	;	02/12/10
900	;	38,8887	;	45,7430	;	03/12/10
903	;	38,5346	;	48,3760	;	06/12/10
904	;	38,6623	;	42,7756	;	07/12/10
905	;	38,2983	;	43,0179	;	08/12/10
906	;	37,7671	;	41,9207	;	09/12/10
907	;	37,7671	;	42,6687	;	10/12/10
910	;	37,8754	;	43,2213	;	13/12/10
911	;	38,0426	;	40,3139	;	14/12/10
912	;	37,8261	;	39,1549	;	15/12/10
913	;	37,5212	;	39,4637	;	16/12/10
914	;	37,8754	;	41,7193	;	17/12/10
917	;	37,0491	;	37,6753	;	20/12/10
918	;	37,9049	;	39,4798	;	21/12/10
919	;	38,7903	;	48,1910	;	22/12/10
920	;	38,6919	;	52,3922	;	23/12/10
924	;	38,0229	;	49,6461	;	27/12/10
925	;	38,0032	;	56,0728	;	28/12/10
926	;	38,8494	;	58,8228	;	29/12/10
927	;	39,1445	;	58,7882	;	30/12/10
931	;	39,2482	;	56,2104	;	03/01/11
932	;	39,5648	;	57,5083	;	04/01/11
933	;	40,1582	;	59,9260	;	05/01/11
934	;	39,2087	;	53,0920	;	06/01/11
935	;	38,2494	;	48,0831	;	07/01/11
938	;	38,5560	;	47,7622	;	10/01/11
939	;	38,7933	;	48,5339	;	11/01/11
940	;	39,8121	;	49,2061	;	12/01/11
941	;	38,9416	;	44,3594	;	13/01/11
942	;	39,1791	;	39,2547	;	14/01/11
945	;	38,6251	;	40,1295	;	17/01/11
946	;	38,1306	;	36,9207	;	18/01/11
947	;	37,7151	;	35,7079	;	19/01/11
948	;	36,7953	;	35,3352	;	20/01/11
949	;	36,8052	;	34,5736	;	21/01/11
952	;	37,0722	;	34,3096	;	24/01/11
954	;	36,5479	;	32,9976	;	26/01/11
955	;	36,6964	;	32,1397	;	27/01/11
956	;	35,8952	;	32,6157	;	28/01/11
959	;	35,2028	;	32,4033	;	31/01/11
960	;	35,7193	;	35,9313	;	01/02/11
961	;	35,3829	;	28,1336	;	02/02/11
962	;	35,0168	;	29,7901	;	03/02/11
963	;	34,0471	;	28,4661	;	04/02/11
966	;	34,3934	;	30,3024	;	07/02/11
967	;	35,4225	;	39,0618	;	08/02/11
968	;	34,5914	;	37,0093	;	09/02/11
969	;	34,3934	;	40,1438	;	10/02/11
970	;	35,7292	;	51,4688	;	11/02/11
973	;	35,9963	;	51,5216	;	14/02/11
974	;	36,6296	;	51,0333	;	15/02/11
975	;	37,4508	;	54,5066	;	16/02/11
976	;	37,8070	;	54,0731	;	17/02/11
977	;	37,6389	;	58,2097	;	18/02/11
980	;	37,0551	;	58,4563	;	21/02/11
981	;	36,2437	;	55,4800	;	22/02/11
982	;	36,4218	;	51,6882	;	23/02/11
983	;	36,0854	;	56,8197	;	24/02/11
984	;	35,9271	;	60,6840	;	25/02/11
987	;	36,6098	;	58,5836	;	28/02/11
988	;	35,8299	;	59,2081	;	01/03/11
989	;	35,9585	;	54,6466	;	02/03/11
990	;	36,8394	;	51,5688	;	03/03/11
991	;	36,9582	;	50,5755	;	04/03/11
996	;	36,2100	;	50,5755	;	09/03/11
997	;	34,8200	;	47,3224	;	10/03/11
998	;	35,6800	;	38,9284	;	11/03/11
