-165	;	23,8851	;	43,9869	;	03/01/08
-164	;	23,1766	;	42,6878	;	04/01/08
-161	;	22,0546	;	41,8819	;	07/01/08
-160	;	22,8370	;	45,3918	;	08/01/08
-159	;	23,5397	;	47,4303	;	09/01/08
-158	;	23,0289	;	50,9172	;	10/01/08
-157	;	22,4592	;	48,4332	;	11/01/08
-154	;	23,7375	;	51,5455	;	14/01/08
-153	;	23,3271	;	52,0966	;	15/01/08
-152	;	23,4570	;	48,8017	;	16/01/08
-151	;	22,3204	;	43,9340	;	17/01/08
-150	;	23,8556	;	50,0935	;	18/01/08
-147	;	21,9070	;	49,0364	;	21/01/08
-146	;	22,4385	;	46,4151	;	22/01/08
-145	;	20,9918	;	46,7796	;	23/01/08
-144	;	22,4385	;	48,6561	;	24/01/08
-140	;	22,8813	;	47,4022	;	28/01/08
-139	;	23,8112	;	47,8134	;	29/01/08
-138	;	24,3575	;	47,1874	;	30/01/08
-137	;	24,3575	;	44,8379	;	31/01/08
-136	;	25,9666	;	43,9483	;	01/02/08
-131	;	26,2471	;	40,7352	;	06/02/08
-130	;	27,3985	;	36,4188	;	07/02/08
-129	;	27,1475	;	44,3914	;	08/02/08
-126	;	27,2509	;	41,6673	;	11/02/08
-125	;	27,6052	;	37,7553	;	12/02/08
-124	;	27,6790	;	43,8834	;	13/02/08
-123	;	27,2804	;	49,9138	;	14/02/08
-122	;	27,5756	;	70,0618	;	15/02/08
-119	;	27,4723	;	72,0257	;	18/02/08
-118	;	27,5461	;	70,4787	;	19/02/08
-117	;	28,9484	;	71,4304	;	20/02/08
-116	;	30,5518	;	74,0706	;	21/02/08
-115	;	30,9149	;	73,0869	;	22/02/08
-112	;	31,1481	;	68,0632	;	25/02/08
-111	;	30,9562	;	70,7703	;	26/02/08
-110	;	30,0262	;	58,1290	;	27/02/08
-109	;	29,7250	;	57,7974	;	28/02/08
-108	;	28,9338	;	56,0775	;	29/02/08
-105	;	30,4100	;	61,3910	;	03/03/08
-104	;	30,7495	;	62,4064	;	04/03/08
-103	;	30,5577	;	64,5853	;	05/03/08
-102	;	30,1768	;	66,6659	;	06/03/08
-101	;	29,6128	;	63,3540	;	07/03/08
-98	;	28,1218	;	60,9387	;	10/03/08
-97	;	29,6424	;	61,3359	;	11/03/08
-96	;	30,2624	;	56,5253	;	12/03/08
-95	;	30,5871	;	56,3428	;	13/03/08
-94	;	31,0005	;	57,2685	;	14/03/08
-91	;	29,7605	;	52,5377	;	17/03/08
-90	;	30,9384	;	55,0089	;	18/03/08
-89	;	30,1117	;	52,6062	;	19/03/08
-88	;	29,5538	;	53,7435	;	20/03/08
-84	;	29,0815	;	51,4141	;	24/03/08
-83	;	30,2181	;	55,6580	;	25/03/08
-82	;	29,9524	;	55,3267	;	26/03/08
-81	;	29,7688	;	56,1555	;	27/03/08
-80	;	29,7420	;	58,6250	;	28/03/08
-77	;	29,3248	;	64,4081	;	31/03/08
-76	;	30,4722	;	62,3720	;	01/04/08
-75	;	30,5288	;	59,4114	;	02/04/08
-74	;	31,2471	;	61,4485	;	03/04/08
-73	;	32,1559	;	63,6662	;	04/04/08
-70	;	31,9026	;	69,8890	;	07/04/08
-69	;	32,4241	;	66,7554	;	08/04/08
-68	;	31,8639	;	68,9419	;	09/04/08
-67	;	31,9444	;	68,1032	;	10/04/08
-66	;	31,2916	;	66,7654	;	11/04/08
-63	;	30,7820	;	62,0490	;	14/04/08
-62	;	31,5092	;	62,1369	;	15/04/08
-61	;	33,5268	;	66,1510	;	16/04/08
-60	;	32,4688	;	58,2761	;	17/04/08
-59	;	32,1263	;	59,0743	;	18/04/08
-55	;	33,0799	;	57,9011	;	22/04/08
-54	;	33,1959	;	58,1108	;	23/04/08
-53	;	33,3779	;	55,6948	;	24/04/08
-52	;	33,9591	;	53,9781	;	25/04/08
-49	;	34,3912	;	50,3372	;	28/04/08
-48	;	32,8861	;	46,0206	;	29/04/08
-47	;	36,2805	;	54,3018	;	30/04/08
-45	;	35,9407	;	59,6110	;	02/05/08
-42	;	36,0302	;	56,6357	;	05/05/08
-41	;	36,9913	;	54,8156	;	06/05/08
-40	;	36,9019	;	60,1420	;	07/05/08
-39	;	37,5277	;	55,3794	;	08/05/08
-38	;	38,3994	;	59,3616	;	09/05/08
-35	;	39,0475	;	55,9083	;	12/05/08
-34	;	38,8912	;	60,5580	;	13/05/08
-33	;	38,8955	;	60,1994	;	14/05/08
-32	;	40,0086	;	62,5183	;	15/05/08
-31	;	41,6626	;	64,6482	;	16/05/08
-28	;	42,2884	;	64,8394	;	19/05/08
-27	;	41,2335	;	72,9454	;	20/05/08
-26	;	39,6957	;	54,9509	;	21/05/08
-24	;	39,6509	;	57,6958	;	23/05/08
-21	;	39,8968	;	58,2188	;	26/05/08
-20	;	39,1147	;	55,4512	;	27/05/08
-19	;	40,0086	;	52,2352	;	28/05/08
-18	;	39,1100	;	51,3886	;	29/05/08
-17	;	39,1147	;	47,3348	;	30/05/08
-14	;	38,8912	;	49,8078	;	02/06/08
-13	;	38,4441	;	48,2315	;	03/06/08
-12	;	36,9465	;	48,5035	;	04/06/08
-11	;	38,4217	;	50,8648	;	05/06/08
-10	;	38,7794	;	43,5325	;	06/06/08
-7	;	38,4887	;	45,4946	;	09/06/08
-6	;	37,7735	;	46,4473	;	10/06/08
-5	;	37,2817	;	50,4813	;	11/06/08
-4	;	37,5500	;	45,3918	;	12/06/08
-3	;	37,2505	;	49,5894	;	13/06/08
0	;	36,9690	;	51,7516	;	16/06/08
1	;	38,8464	;	59,1818	;	17/06/08
2	;	37,7735	;	58,2614	;	18/06/08
3	;	38,1312	;	60,2774	;	19/06/08
4	;	36,1061	;	53,0603	;	20/06/08
7	;	35,0153	;	50,6643	;	23/06/08
8	;	34,4253	;	53,5191	;	24/06/08
9	;	36,2536	;	56,1688	;	25/06/08
10	;	35,3595	;	59,2739	;	26/06/08
11	;	35,6278	;	53,6116	;	27/06/08
14	;	35,3149	;	54,8613	;	30/06/08
15	;	33,7056	;	50,9189	;	01/07/08
16	;	32,1410	;	52,9433	;	02/07/08
17	;	30,4870	;	49,1971	;	03/07/08
18	;	29,9506	;	48,4071	;	04/07/08
21	;	31,2916	;	47,1359	;	07/07/08
22	;	31,1397	;	48,9640	;	08/07/08
24	;	32,8607	;	57,2952	;	10/07/08
25	;	33,0307	;	54,7919	;	11/07/08
28	;	33,0799	;	50,7975	;	14/07/08
29	;	32,8831	;	52,0901	;	15/07/08
30	;	33,5715	;	46,7592	;	16/07/08
31	;	32,0918	;	44,5175	;	17/07/08
32	;	31,7298	;	49,3304	;	18/07/08
35	;	32,7221	;	48,2554	;	21/07/08
36	;	31,5823	;	49,4649	;	22/07/08
37	;	31,1710	;	53,6481	;	23/07/08
38	;	29,0789	;	51,6025	;	24/07/08
39	;	27,9614	;	49,1100	;	25/07/08
42	;	28,1402	;	42,2612	;	28/07/08
43	;	29,1907	;	42,3719	;	29/07/08
44	;	31,6493	;	46,5281	;	30/07/08
45	;	30,8447	;	50,2148	;	31/07/08
46	;	29,1683	;	52,4087	;	01/08/08
49	;	27,2237	;	47,7258	;	04/08/08
50	;	27,4919	;	46,1443	;	05/08/08
51	;	27,3579	;	49,0606	;	06/08/08
52	;	27,3355	;	49,9019	;	07/08/08
53	;	26,8616	;	51,6213	;	08/08/08
56	;	25,7709	;	51,1788	;	11/08/08
57	;	24,9888	;	49,8950	;	12/08/08
58	;	25,1719	;	48,3694	;	13/08/08
59	;	25,0333	;	51,5093	;	14/08/08
60	;	24,0946	;	55,0313	;	15/08/08
63	;	23,5582	;	54,8807	;	18/08/08
64	;	23,5314	;	25,1457	;	19/08/08
65	;	25,0787	;	51,9370	;	20/08/08
66	;	25,9316	;	56,2861	;	21/08/08
67	;	25,5439	;	62,5107	;	22/08/08
70	;	25,0878	;	67,0253	;	25/08/08
71	;	24,7000	;	65,8349	;	26/08/08
72	;	25,3158	;	61,9231	;	27/08/08
73	;	25,7674	;	59,2379	;	28/08/08
74	;	26,0913	;	59,8942	;	29/08/08
77	;	25,9545	;	64,3628	;	01/09/08
78	;	24,3123	;	60,3819	;	02/09/08
79	;	23,3452	;	56,2150	;	03/09/08
80	;	22,0087	;	54,0644	;	04/09/08
81	;	21,8948	;	55,9151	;	05/09/08
84	;	21,5754	;	54,4478	;	08/09/08
85	;	19,7053	;	41,0901	;	09/09/08
86	;	20,1159	;	37,2915	;	10/09/08
87	;	20,3484	;	34,0930	;	11/09/08
88	;	20,9825	;	35,5470	;	12/09/08
91	;	19,4818	;	31,5773	;	15/09/08
92	;	19,2081	;	32,1133	;	16/09/08
93	;	17,3288	;	29,4734	;	17/09/08
94	;	18,1545	;	37,9070	;	18/09/08
95	;	21,4387	;	53,8755	;	19/09/08
98	;	21,3930	;	57,4761	;	22/09/08
99	;	20,1386	;	56,3154	;	23/09/08
100	;	19,7783	;	58,7938	;	24/09/08
101	;	21,0281	;	56,5945	;	25/09/08
102	;	20,8320	;	56,9522	;	26/09/08
105	;	17,7576	;	53,0666	;	29/09/08
106	;	18,4783	;	54,4116	;	30/09/08
107	;	18,0266	;	59,6047	;	01/10/08
108	;	16,3755	;	60,8290	;	02/10/08
109	;	15,6457	;	62,0538	;	03/10/08
112	;	13,9123	;	57,8719	;	06/10/08
113	;	13,1734	;	59,7330	;	07/10/08
114	;	12,0877	;	61,8998	;	08/10/08
115	;	12,1790	;	38,8507	;	09/10/08
116	;	12,3158	;	32,3634	;	10/10/08
119	;	13,9123	;	43,8313	;	13/10/08
120	;	14,3228	;	39,9814	;	14/10/08
121	;	12,2428	;	35,6790	;	15/10/08
122	;	12,4298	;	30,8183	;	16/10/08
123	;	12,5440	;	30,5575	;	17/10/08
126	;	13,6842	;	34,6904	;	20/10/08
127	;	13,5109	;	35,1807	;	21/10/08
128	;	11,7685	;	33,6711	;	22/10/08
129	;	11,5495	;	34,7054	;	23/10/08
130	;	10,9018	;	37,1079	;	24/10/08
133	;	10,3772	;	37,3437	;	27/10/08
134	;	12,0742	;	45,5434	;	28/10/08
135	;	12,7720	;	48,1410	;	29/10/08
136	;	13,6842	;	50,9445	;	30/10/08
137	;	12,7720	;	47,8822	;	31/10/08
140	;	12,6215	;	52,7141	;	03/11/08
141	;	13,0912	;	56,4982	;	04/11/08
142	;	11,9372	;	57,0867	;	05/11/08
143	;	11,1754	;	60,4877	;	06/11/08
144	;	10,9520	;	61,5717	;	07/11/08
147	;	11,0523	;	54,8641	;	10/11/08
148	;	11,0614	;	54,8428	;	11/11/08
149	;	10,0352	;	50,3264	;	12/11/08
150	;	10,4319	;	49,2330	;	13/11/08
151	;	9,9439	;	49,3186	;	14/11/08
154	;	9,8709	;	42,0189	;	17/11/08
155	;	9,7387	;	40,9379	;	18/11/08
156	;	9,1821	;	31,6673	;	19/11/08
158	;	8,7351	;	32,5213	;	21/11/08
161	;	9,9668	;	48,3395	;	24/11/08
162	;	10,2404	;	47,2461	;	25/11/08
163	;	10,7148	;	50,1754	;	26/11/08
164	;	10,6280	;	54,4992	;	27/11/08
165	;	10,6600	;	49,3614	;	28/11/08
168	;	10,3088	;	52,8421	;	01/12/08
169	;	10,1629	;	59,0418	;	02/12/08
170	;	10,2404	;	60,7183	;	03/12/08
171	;	10,3088	;	57,5203	;	04/12/08
172	;	10,1263	;	60,8061	;	05/12/08
175	;	11,6863	;	66,7756	;	08/12/08
176	;	11,9509	;	63,1725	;	09/12/08
177	;	12,4526	;	67,3172	;	10/12/08
178	;	12,4983	;	71,3754	;	11/12/08
179	;	12,5393	;	63,4740	;	12/12/08
182	;	12,2245	;	62,1171	;	15/12/08
183	;	12,9910	;	63,4043	;	16/12/08
184	;	13,0001	;	57,6803	;	17/12/08
185	;	13,0456	;	57,7193	;	18/12/08
186	;	13,0229	;	67,6463	;	19/12/08
189	;	12,3067	;	55,2170	;	22/12/08
190	;	11,4720	;	49,8291	;	23/12/08
193	;	11,5860	;	50,0999	;	26/12/08
196	;	12,2885	;	49,2499	;	29/12/08
197	;	12,4655	;	37,3906	;	30/12/08
200	;	13,4948	;	43,0970	;	02/01/09
203	;	14,3832	;	45,0887	;	05/01/09
204	;	14,6512	;	46,2684	;	06/01/09
205	;	14,1246	;	48,8381	;	07/01/09
206	;	14,7076	;	47,3038	;	08/01/09
207	;	14,4349	;	48,0004	;	09/01/09
210	;	13,8427	;	50,2847	;	12/01/09
211	;	13,7863	;	56,6817	;	13/01/09
212	;	13,1800	;	52,4039	;	14/01/09
213	;	13,6547	;	53,8825	;	15/01/09
214	;	14,0730	;	58,2097	;	16/01/09
217	;	13,9838	;	63,6521	;	19/01/09
218	;	13,3022	;	59,2957	;	20/01/09
219	;	13,8192	;	61,2389	;	21/01/09
220	;	13,8756	;	54,2284	;	22/01/09
221	;	13,3022	;	48,5029	;	23/01/09
224	;	12,9167	;	50,2431	;	26/01/09
225	;	12,9684	;	46,9847	;	27/01/09
226	;	13,6688	;	48,9563	;	28/01/09
227	;	13,7253	;	44,4690	;	29/01/09
228	;	13,5653	;	48,1295	;	30/01/09
231	;	13,2129	;	45,3452	;	02/02/09
232	;	13,3068	;	45,1408	;	03/02/09
233	;	14,0072	;	47,3489	;	04/02/09
234	;	14,5195	;	48,0963	;	05/02/09
235	;	15,0460	;	45,7320	;	06/02/09
238	;	14,3597	;	46,2332	;	09/02/09
239	;	13,8662	;	44,2407	;	10/02/09
240	;	13,4760	;	47,4030	;	11/02/09
241	;	13,2552	;	50,4663	;	12/02/09
242	;	13,6782	;	51,1797	;	13/02/09
245	;	13,5090	;	56,0581	;	16/02/09
246	;	12,9026	;	50,6114	;	17/02/09
247	;	13,0671	;	51,8556	;	18/02/09
248	;	13,0484	;	53,0466	;	19/02/09
249	;	12,6911	;	52,8795	;	20/02/09
254	;	12,3198	;	56,0800	;	25/02/09
255	;	12,3105	;	54,9735	;	26/02/09
256	;	12,1881	;	54,2202	;	27/02/09
259	;	11,5160	;	46,7126	;	02/03/09
260	;	11,5629	;	40,7261	;	03/03/09
261	;	12,5030	;	59,0236	;	04/03/09
262	;	11,7322	;	55,6385	;	05/03/09
263	;	11,6539	;	56,5787	;	06/03/09
266	;	11,1599	;	55,2108	;	09/03/09
267	;	11,8553	;	58,9318	;	10/03/09
268	;	11,7978	;	62,6155	;	11/03/09
269	;	11,7595	;	69,0507	;	12/03/09
270	;	11,7498	;	69,1040	;	13/03/09
273	;	11,3182	;	68,2892	;	16/03/09
274	;	11,1743	;	69,7443	;	17/03/09
275	;	11,2702	;	62,5242	;	18/03/09
276	;	11,9897	;	63,8602	;	19/03/09
277	;	12,3541	;	66,3910	;	20/03/09
280	;	13,1119	;	70,8201	;	23/03/09
281	;	12,9489	;	69,1908	;	24/03/09
282	;	13,3325	;	74,0185	;	25/03/09
283	;	14,2581	;	74,2002	;	26/03/09
284	;	14,3635	;	77,9080	;	27/03/09
287	;	13,5004	;	67,3990	;	30/03/09
288	;	14,1477	;	65,4637	;	31/03/09
289	;	14,3827	;	60,2602	;	01/04/09
290	;	15,2748	;	56,5703	;	02/04/09
291	;	15,2556	;	64,7495	;	03/04/09
294	;	15,0590	;	64,7042	;	06/04/09
295	;	14,8143	;	67,7180	;	07/04/09
296	;	14,9631	;	64,3788	;	08/04/09
297	;	15,2028	;	63,3663	;	09/04/09
298	;	15,2028	;	61,1407	;	10/04/09
301	;	15,1069	;	62,5882	;	13/04/09
302	;	14,7712	;	62,3016	;	14/04/09
303	;	15,0110	;	55,9379	;	15/04/09
304	;	15,9702	;	62,6382	;	16/04/09
305	;	16,6464	;	74,4791	;	17/04/09
308	;	15,8359	;	64,4062	;	20/04/09
310	;	16,0709	;	64,2266	;	22/04/09
311	;	16,2819	;	58,4357	;	23/04/09
312	;	16,1907	;	57,4714	;	24/04/09
315	;	15,2892	;	49,4354	;	27/04/09
316	;	15,0351	;	49,3753	;	28/04/09
317	;	15,2748	;	50,1975	;	29/04/09
318	;	15,4426	;	49,4970	;	30/04/09
322	;	16,3970	;	53,6261	;	04/05/09
323	;	16,3586	;	54,2695	;	05/05/09
324	;	16,5984	;	52,2384	;	06/05/09
325	;	16,2771	;	54,5815	;	07/05/09
326	;	16,7854	;	50,8961	;	08/05/09
329	;	17,2170	;	48,7803	;	11/05/09
330	;	16,6655	;	51,7581	;	12/05/09
331	;	16,0229	;	50,4756	;	13/05/09
332	;	15,3947	;	50,5171	;	14/05/09
333	;	15,3228	;	50,6281	;	15/05/09
336	;	16,2099	;	58,8196	;	18/05/09
337	;	16,8813	;	58,8497	;	19/05/09
338	;	17,1308	;	58,7412	;	20/05/09
339	;	16,6320	;	59,9590	;	21/05/09
340	;	16,6177	;	59,8434	;	22/05/09
343	;	16,9581	;	55,7263	;	25/05/09
344	;	17,1500	;	55,3231	;	26/05/09
345	;	17,1836	;	51,5350	;	27/05/09
346	;	17,8166	;	52,2095	;	28/05/09
347	;	18,9436	;	56,2824	;	29/05/09
350	;	19,5478	;	58,0364	;	01/06/09
351	;	19,7494	;	61,1125	;	02/06/09
352	;	18,8716	;	59,4716	;	03/06/09
353	;	19,0395	;	52,2868	;	04/06/09
354	;	19,3513	;	48,5525	;	05/06/09
357	;	19,8789	;	47,1417	;	08/06/09
358	;	19,6151	;	51,0451	;	09/06/09
359	;	19,6725	;	51,8757	;	10/06/09
361	;	19,9988	;	41,7399	;	12/06/09
364	;	19,3033	;	40,1619	;	15/06/09
365	;	18,6271	;	40,4227	;	16/06/09
366	;	18,5983	;	47,9871	;	17/06/09
367	;	18,6318	;	43,5612	;	18/06/09
368	;	18,7709	;	34,7126	;	19/06/09
371	;	17,9173	;	28,2490	;	22/06/09
372	;	18,2962	;	30,5695	;	23/06/09
373	;	18,6080	;	33,7888	;	24/06/09
374	;	19,6631	;	41,6732	;	25/06/09
375	;	19,8309	;	40,5103	;	26/06/09
378	;	20,5742	;	42,0164	;	29/06/09
379	;	19,9556	;	39,0894	;	30/06/09
380	;	20,4783	;	42,1878	;	01/07/09
381	;	19,8069	;	42,4016	;	02/07/09
382	;	19,5336	;	45,4583	;	03/07/09
385	;	19,6582	;	45,0832	;	06/07/09
386	;	19,0683	;	40,0248	;	07/07/09
387	;	18,7758	;	44,7615	;	08/07/09
388	;	18,7758	;	47,0300	;	09/07/09
389	;	18,0276	;	47,8824	;	10/07/09
392	;	17,0300	;	45,0030	;	13/07/09
393	;	16,9581	;	49,4354	;	14/07/09
394	;	17,7639	;	47,6804	;	15/07/09
395	;	18,2243	;	50,9065	;	16/07/09
396	;	18,4640	;	46,2694	;	17/07/09
399	;	18,9579	;	47,0805	;	20/07/09
400	;	19,6486	;	48,7724	;	21/07/09
401	;	19,9076	;	47,7922	;	22/07/09
402	;	20,6221	;	46,9791	;	23/07/09
403	;	20,0850	;	49,9473	;	24/07/09
406	;	20,0659	;	54,5954	;	27/07/09
407	;	20,6221	;	52,8358	;	28/07/09
408	;	20,3344	;	54,7649	;	29/07/09
409	;	21,0682	;	59,2139	;	30/07/09
410	;	21,2360	;	70,5577	;	31/07/09
413	;	21,8451	;	66,5932	;	03/08/09
414	;	21,6239	;	66,3513	;	04/08/09
415	;	21,6722	;	64,1117	;	05/08/09
416	;	21,7925	;	63,3283	;	06/08/09
417	;	22,3127	;	63,0224	;	07/08/09
420	;	22,6161	;	60,4044	;	10/08/09
421	;	22,5969	;	66,0221	;	11/08/09
422	;	23,3626	;	65,7723	;	12/08/09
423	;	24,1283	;	76,6504	;	13/08/09
424	;	23,4108	;	60,8464	;	14/08/09
427	;	22,5776	;	53,1971	;	17/08/09
428	;	22,2019	;	52,4652	;	18/08/09
429	;	22,0092	;	52,3010	;	19/08/09
430	;	22,5631	;	55,0244	;	20/08/09
431	;	23,2614	;	55,3599	;	21/08/09
434	;	22,8088	;	53,1789	;	24/08/09
435	;	22,4668	;	56,8299	;	25/08/09
436	;	22,1875	;	60,6922	;	26/08/09
437	;	22,1539	;	63,6990	;	27/08/09
438	;	21,9226	;	67,1245	;	28/08/09
441	;	21,3351	;	63,5197	;	31/08/09
442	;	21,0221	;	63,0573	;	01/09/09
443	;	20,7089	;	62,0588	;	02/09/09
444	;	20,8390	;	56,5052	;	03/09/09
445	;	21,1906	;	58,5107	;	04/09/09
449	;	22,0719	;	63,7152	;	08/09/09
450	;	21,7925	;	62,9814	;	09/09/09
451	;	21,7685	;	64,9746	;	10/09/09
452	;	21,5758	;	63,2688	;	11/09/09
455	;	21,6433	;	58,9085	;	14/09/09
456	;	21,7878	;	56,4863	;	15/09/09
457	;	22,6305	;	62,4082	;	16/09/09
458	;	22,5198	;	61,5493	;	17/09/09
459	;	22,6354	;	58,5275	;	18/09/09
462	;	22,6642	;	61,1200	;	21/09/09
463	;	22,9339	;	63,2805	;	22/09/09
464	;	22,5872	;	63,1602	;	23/09/09
465	;	22,4475	;	65,8092	;	24/09/09
466	;	22,5872	;	63,7829	;	25/09/09
469	;	22,7125	;	54,6928	;	28/09/09
470	;	22,5969	;	58,8281	;	29/09/09
471	;	22,4957	;	56,9085	;	30/09/09
472	;	22,0768	;	51,9992	;	01/10/09
473	;	22,2983	;	54,0970	;	02/10/09
476	;	22,6354	;	56,4273	;	05/10/09
477	;	22,5391	;	48,5029	;	06/10/09
478	;	22,8762	;	49,4783	;	07/10/09
479	;	23,5505	;	56,8795	;	08/10/09
480	;	23,9308	;	60,4233	;	09/10/09
483	;	23,9308	;	60,8608	;	12/10/09
484	;	24,2054	;	63,8123	;	13/10/09
485	;	25,4287	;	68,6034	;	14/10/09
486	;	25,6213	;	68,7846	;	15/10/09
487	;	25,2361	;	67,1556	;	16/10/09
490	;	26,1029	;	66,5404	;	19/10/09
491	;	25,1157	;	52,6771	;	20/10/09
492	;	25,1446	;	50,0590	;	21/10/09
493	;	25,0386	;	56,7141	;	22/10/09
494	;	24,5667	;	56,3606	;	23/10/09
497	;	24,6100	;	49,4998	;	26/10/09
498	;	23,5263	;	44,2728	;	27/10/09
499	;	22,0092	;	36,3714	;	28/10/09
500	;	22,6642	;	38,8327	;	29/10/09
501	;	22,1539	;	39,7624	;	30/10/09
505	;	22,1104	;	44,4016	;	03/11/09
506	;	22,3463	;	35,2396	;	04/11/09
507	;	22,5872	;	36,0875	;	05/11/09
508	;	23,0207	;	35,7035	;	06/11/09
511	;	23,7816	;	35,4262	;	09/11/09
512	;	24,0078	;	35,7699	;	10/11/09
513	;	24,0321	;	35,7413	;	11/11/09
514	;	23,1170	;	31,3675	;	12/11/09
515	;	23,5986	;	30,7234	;	13/11/09
518	;	24,1765	;	34,0942	;	16/11/09
519	;	24,1765	;	35,7865	;	17/11/09
520	;	24,0657	;	51,3267	;	18/11/09
521	;	23,8008	;	50,8846	;	19/11/09
522	;	23,8008	;	53,7940	;	20/11/09
525	;	23,7430	;	53,5875	;	23/11/09
526	;	24,2150	;	55,2906	;	24/11/09
527	;	24,8026	;	57,5712	;	25/11/09
528	;	24,3210	;	55,7230	;	26/11/09
529	;	24,2969	;	56,6548	;	27/11/09
532	;	24,6581	;	57,9305	;	30/11/09
533	;	24,8316	;	59,2795	;	01/12/09
534	;	24,8748	;	67,7683	;	02/12/09
535	;	24,7545	;	68,0818	;	03/12/09
536	;	24,6341	;	66,3518	;	04/12/09
539	;	25,0290	;	67,0169	;	07/12/09
540	;	24,2246	;	56,3721	;	08/12/09
541	;	23,8393	;	54,8234	;	09/12/09
542	;	23,9165	;	51,9314	;	10/12/09
543	;	24,3306	;	50,0403	;	11/12/09
546	;	24,2728	;	51,2005	;	14/12/09
547	;	24,2535	;	49,6832	;	15/12/09
548	;	23,7816	;	49,6709	;	16/12/09
549	;	23,5505	;	47,1265	;	17/12/09
550	;	23,0447	;	42,2556	;	18/12/09
553	;	22,4908	;	41,4002	;	21/12/09
554	;	23,1410	;	54,6988	;	22/12/09
555	;	23,2663	;	49,3939	;	23/12/09
560	;	23,5023	;	46,1891	;	28/12/09
561	;	23,9646	;	47,2833	;	29/12/09
562	;	24,1033	;	49,1090	;	30/12/09
567	;	24,8890	;	54,2454	;	04/01/10
568	;	24,9622	;	54,1856	;	05/01/10
569	;	24,9379	;	57,2264	;	06/01/10
570	;	25,1721	;	52,9781	;	07/01/10
571	;	24,8158	;	48,9548	;	08/01/10
574	;	24,8842	;	48,1484	;	11/01/10
575	;	24,2057	;	42,6357	;	12/01/10
576	;	24,2546	;	41,8726	;	13/01/10
577	;	24,3912	;	44,6234	;	14/01/10
578	;	24,5475	;	39,7964	;	15/01/10
581	;	24,4498	;	45,6417	;	18/01/10
582	;	24,6939	;	45,6009	;	19/01/10
583	;	23,7617	;	33,8588	;	20/01/10
584	;	22,5953	;	28,7667	;	21/01/10
585	;	22,6930	;	19,6569	;	22/01/10
589	;	22,7125	;	18,8909	;	26/01/10
590	;	23,1809	;	20,6630	;	27/01/10
591	;	23,7421	;	24,3983	;	28/01/10
592	;	24,2057	;	24,6054	;	29/01/10
595	;	24,6011	;	27,1327	;	01/02/10
596	;	24,6889	;	25,4182	;	02/02/10
597	;	24,4986	;	31,1560	;	03/02/10
598	;	23,5470	;	29,9730	;	04/02/10
599	;	23,2785	;	33,3880	;	05/02/10
602	;	22,9370	;	31,8634	;	08/02/10
603	;	23,1078	;	31,3051	;	09/02/10
604	;	22,9370	;	36,0146	;	10/02/10
605	;	22,9127	;	47,2661	;	11/02/10
606	;	22,5221	;	48,5445	;	12/02/10
611	;	23,5763	;	58,5357	;	17/02/10
612	;	24,0594	;	58,5124	;	18/02/10
613	;	24,1570	;	54,6478	;	19/02/10
616	;	24,0106	;	55,8172	;	22/02/10
617	;	23,5957	;	54,9701	;	23/02/10
618	;	23,0834	;	57,9122	;	24/02/10
619	;	24,2790	;	63,4418	;	25/02/10
620	;	25,0452	;	69,1141	;	26/02/10
623	;	25,3771	;	67,3023	;	01/03/10
624	;	25,3771	;	68,0628	;	02/03/10
625	;	25,1331	;	70,9672	;	03/03/10
626	;	25,6210	;	68,8186	;	04/03/10
627	;	26,4702	;	65,7758	;	05/03/10
630	;	26,6849	;	65,0209	;	08/03/10
631	;	27,6219	;	63,8178	;	09/03/10
632	;	27,8171	;	62,3298	;	10/03/10
633	;	27,6219	;	66,8983	;	11/03/10
634	;	27,1340	;	62,9762	;	12/03/10
637	;	27,1485	;	61,3450	;	15/03/10
638	;	27,7683	;	66,0902	;	16/03/10
639	;	27,6171	;	65,6668	;	17/03/10
640	;	27,3779	;	64,2976	;	18/03/10
641	;	27,0364	;	63,9906	;	19/03/10
644	;	26,7435	;	63,7688	;	22/03/10
645	;	27,3047	;	64,0010	;	23/03/10
646	;	27,5732	;	62,4369	;	24/03/10
647	;	27,5701	;	62,6811	;	25/03/10
648	;	27,7952	;	62,6921	;	26/03/10
651	;	29,3855	;	67,0596	;	29/03/10
652	;	29,5079	;	66,5449	;	30/03/10
653	;	29,8113	;	64,5536	;	31/03/10
654	;	30,7802	;	71,1413	;	01/04/10
658	;	30,8585	;	71,3866	;	05/04/10
659	;	29,8259	;	60,6185	;	06/04/10
660	;	29,3366	;	57,1433	;	07/04/10
661	;	29,9629	;	55,8750	;	08/04/10
662	;	29,9483	;	60,2206	;	09/04/10
665	;	29,6302	;	60,3048	;	12/04/10
666	;	30,2566	;	60,3267	;	13/04/10
667	;	30,0951	;	63,9862	;	14/04/10
668	;	29,4003	;	56,8991	;	15/04/10
669	;	29,4051	;	55,6151	;	16/04/10
672	;	28,6614	;	44,5494	;	19/04/10
673	;	28,5537	;	49,7574	;	20/04/10
675	;	28,6760	;	47,9926	;	22/04/10
676	;	28,5928	;	42,3286	;	23/04/10
679	;	28,5048	;	48,5337	;	26/04/10
680	;	27,5015	;	48,1889	;	27/04/10
681	;	27,6973	;	46,9921	;	28/04/10
682	;	28,3971	;	48,7368	;	29/04/10
683	;	27,4575	;	42,2954	;	30/04/10
686	;	26,9828	;	41,1836	;	03/05/10
687	;	26,2293	;	34,2267	;	04/05/10
688	;	25,9455	;	33,5434	;	05/05/10
689	;	25,1772	;	32,7640	;	06/05/10
690	;	24,6193	;	38,9082	;	07/05/10
693	;	26,0335	;	55,8727	;	10/05/10
694	;	25,7888	;	55,1343	;	11/05/10
695	;	25,9455	;	55,6004	;	12/05/10
696	;	25,1037	;	52,0346	;	13/05/10
697	;	24,5410	;	49,9386	;	14/05/10
700	;	23,5672	;	49,4769	;	17/05/10
701	;	22,5738	;	53,1481	;	18/05/10
702	;	22,0208	;	55,0273	;	19/05/10
703	;	21,1155	;	54,3968	;	20/05/10
704	;	22,2165	;	58,3898	;	21/05/10
707	;	22,1236	;	60,3636	;	24/05/10
708	;	21,3700	;	58,4305	;	25/05/10
709	;	21,5315	;	53,0975	;	26/05/10
710	;	22,4025	;	54,1013	;	27/05/10
711	;	22,1676	;	50,4877	;	28/05/10
714	;	22,4612	;	46,1399	;	31/05/10
715	;	22,0697	;	51,3615	;	01/06/10
716	;	22,3878	;	49,3599	;	02/06/10
718	;	21,4825	;	47,5226	;	04/06/10
721	;	20,5087	;	46,9742	;	07/06/10
722	;	20,9051	;	47,4194	;	08/06/10
723	;	20,9883	;	43,9102	;	09/06/10
724	;	22,2165	;	50,8569	;	10/06/10
725	;	22,5151	;	45,7644	;	11/06/10
728	;	22,7549	;	40,5752	;	14/06/10
729	;	23,1218	;	41,0251	;	15/06/10
730	;	23,0485	;	47,4808	;	16/06/10
731	;	22,8674	;	47,3770	;	17/06/10
732	;	22,8234	;	49,1516	;	18/06/10
735	;	23,0387	;	48,5077	;	21/06/10
736	;	23,2442	;	46,5582	;	22/06/10
737	;	24,1348	;	50,1427	;	23/06/10
738	;	24,5997	;	57,6047	;	24/06/10
739	;	24,9863	;	81,8178	;	25/06/10
742	;	25,2261	;	81,1138	;	28/06/10
743	;	24,3208	;	62,0909	;	29/06/10
744	;	23,5427	;	49,2959	;	30/06/10
745	;	24,1397	;	51,3175	;	01/07/10
746	;	24,3844	;	51,2338	;	02/07/10
749	;	24,3452	;	55,4377	;	05/07/10
750	;	25,0059	;	53,4570	;	06/07/10
751	;	25,5441	;	50,9439	;	07/07/10
752	;	25,8965	;	43,8769	;	08/07/10
756	;	25,4560	;	48,1650	;	12/07/10
757	;	24,6633	;	43,0932	;	13/07/10
758	;	23,9048	;	41,5885	;	14/07/10
759	;	23,6357	;	44,0072	;	15/07/10
760	;	23,1414	;	46,4658	;	16/07/10
763	;	23,8363	;	50,7893	;	19/07/10
764	;	24,7025	;	55,5545	;	20/07/10
765	;	25,3533	;	55,7023	;	21/07/10
766	;	25,6909	;	56,1717	;	22/07/10
767	;	26,0580	;	50,7024	;	23/07/10
770	;	26,0629	;	46,7188	;	26/07/10
771	;	26,3271	;	44,8360	;	27/07/10
772	;	25,9259	;	46,9923	;	28/07/10
773	;	25,3973	;	47,1050	;	29/07/10
774	;	24,2131	;	42,5600	;	30/07/10
777	;	24,4187	;	41,8184	;	02/08/10
778	;	24,5703	;	41,3716	;	03/08/10
779	;	25,3729	;	40,8332	;	04/08/10
780	;	25,1087	;	43,4496	;	05/08/10
781	;	24,7123	;	43,1175	;	06/08/10
784	;	24,5312	;	41,9674	;	09/08/10
785	;	24,2230	;	39,9246	;	10/08/10
786	;	23,5623	;	38,1455	;	11/08/10
787	;	23,9880	;	39,3603	;	12/08/10
788	;	23,4645	;	43,3920	;	13/08/10
791	;	23,3910	;	47,5316	;	16/08/10
792	;	23,6308	;	45,1727	;	17/08/10
793	;	23,4301	;	47,0281	;	18/08/10
794	;	23,0289	;	52,3610	;	19/08/10
795	;	22,6081	;	54,1539	;	20/08/10
798	;	22,7010	;	53,3646	;	23/08/10
799	;	22,7010	;	43,1842	;	24/08/10
800	;	22,2117	;	41,3441	;	25/08/10
801	;	21,4874	;	38,8450	;	26/08/10
802	;	22,0404	;	44,5565	;	27/08/10
805	;	21,5315	;	43,0156	;	30/08/10
806	;	21,5461	;	39,1875	;	31/08/10
807	;	22,1921	;	43,6584	;	01/09/10
808	;	21,9475	;	45,5573	;	02/09/10
809	;	21,7761	;	44,7151	;	03/09/10
812	;	21,8251	;	41,7712	;	06/09/10
814	;	22,0991	;	40,0568	;	08/09/10
815	;	22,1480	;	36,7504	;	09/09/10
816	;	21,8349	;	37,6104	;	10/09/10
819	;	22,0257	;	38,9802	;	13/09/10
820	;	21,6293	;	39,0503	;	14/09/10
821	;	21,4580	;	41,7556	;	15/09/10
822	;	21,7027	;	46,1193	;	16/09/10
823	;	21,3847	;	41,2396	;	17/09/10
826	;	21,8251	;	47,4149	;	20/09/10
827	;	22,1921	;	51,6032	;	21/09/10
828	;	22,2117	;	43,4869	;	22/09/10
829	;	22,0942	;	45,4901	;	23/09/10
830	;	21,7027	;	42,1347	;	24/09/10
833	;	22,0208	;	45,8845	;	27/09/10
834	;	22,6081	;	49,5992	;	28/09/10
835	;	22,0697	;	49,5601	;	29/09/10
836	;	22,2165	;	47,7320	;	30/09/10
837	;	22,1089	;	51,4321	;	01/10/10
840	;	21,9229	;	54,1654	;	04/10/10
841	;	22,1187	;	51,6874	;	05/10/10
842	;	21,6293	;	49,5681	;	06/10/10
843	;	21,0715	;	46,8513	;	07/10/10
844	;	21,1056	;	41,3763	;	08/10/10
847	;	20,9274	;	40,4866	;	11/10/10
849	;	20,7195	;	45,4634	;	13/10/10
850	;	20,8581	;	41,7974	;	14/10/10
851	;	21,3729	;	46,5155	;	15/10/10
854	;	21,0660	;	46,0099	;	18/10/10
855	;	20,5710	;	38,2366	;	19/10/10
856	;	19,8286	;	36,2882	;	20/10/10
857	;	19,7890	;	40,2605	;	21/10/10
858	;	20,3830	;	46,2233	;	22/10/10
861	;	19,9276	;	44,0333	;	25/10/10
862	;	19,8583	;	48,3813	;	26/10/10
863	;	19,8484	;	51,8244	;	27/10/10
864	;	20,7492	;	61,7913	;	28/10/10
865	;	21,0165	;	64,0971	;	29/10/10
868	;	21,2739	;	61,0520	;	01/11/10
870	;	21,2442	;	62,9164	;	03/11/10
871	;	22,1055	;	68,0721	;	04/11/10
872	;	22,0560	;	70,5703	;	05/11/10
875	;	22,7093	;	71,3168	;	08/11/10
876	;	22,2342	;	71,8972	;	09/11/10
877	;	22,5311	;	77,6836	;	10/11/10
878	;	22,3232	;	75,3828	;	11/11/10
879	;	21,9471	;	72,7451	;	12/11/10
883	;	21,1749	;	67,5535	;	16/11/10
884	;	21,1254	;	67,0892	;	17/11/10
885	;	21,4026	;	61,7083	;	18/11/10
886	;	21,3828	;	66,1694	;	19/11/10
889	;	20,4820	;	62,3667	;	22/11/10
890	;	19,6504	;	56,0625	;	23/11/10
891	;	20,0167	;	49,6677	;	24/11/10
892	;	19,7791	;	48,2940	;	25/11/10
893	;	19,1554	;	41,5472	;	26/11/10
896	;	19,0762	;	43,5669	;	29/11/10
897	;	18,5120	;	43,7771	;	30/11/10
898	;	18,7693	;	41,4341	;	01/12/10
899	;	18,7099	;	43,0369	;	02/12/10
900	;	18,5912	;	44,6204	;	03/12/10
903	;	19,2544	;	54,0858	;	06/12/10
904	;	19,2049	;	54,0527	;	07/12/10
905	;	18,7099	;	55,7375	;	08/12/10
906	;	18,6605	;	55,5252	;	09/12/10
907	;	18,9772	;	57,3753	;	10/12/10
910	;	19,7098	;	65,4532	;	13/12/10
911	;	19,3732	;	66,1225	;	14/12/10
912	;	18,9376	;	64,4021	;	15/12/10
913	;	18,8980	;	69,4083	;	16/12/10
914	;	18,9475	;	63,4546	;	17/12/10
917	;	18,7099	;	67,1977	;	20/12/10
918	;	19,2940	;	70,3951	;	21/12/10
919	;	18,9079	;	66,8743	;	22/12/10
920	;	18,7792	;	66,7815	;	23/12/10
924	;	18,5120	;	63,9114	;	27/12/10
925	;	18,1259	;	60,7353	;	28/12/10
926	;	18,6308	;	63,9988	;	29/12/10
927	;	19,1600	;	63,9988	;	30/12/10
931	;	19,1800	;	62,5893	;	03/01/11
932	;	19,9400	;	59,8406	;	04/01/11
933	;	20,4000	;	60,0287	;	05/01/11
934	;	20,2500	;	60,8400	;	06/01/11
935	;	20,6000	;	64,7114	;	07/01/11
938	;	20,3000	;	61,0759	;	10/01/11
939	;	20,6900	;	63,6193	;	11/01/11
940	;	20,9000	;	62,6810	;	12/01/11
941	;	20,2900	;	59,8563	;	13/01/11
942	;	20,3500	;	57,3371	;	14/01/11
945	;	20,1900	;	52,2269	;	17/01/11
946	;	19,9300	;	54,1370	;	18/01/11
947	;	19,4600	;	56,7385	;	19/01/11
948	;	19,8000	;	52,6976	;	20/01/11
949	;	19,7500	;	50,6929	;	21/01/11
952	;	19,5000	;	56,9856	;	24/01/11
954	;	18,9100	;	52,0763	;	26/01/11
955	;	18,9000	;	46,1536	;	27/01/11
956	;	18,7000	;	47,3894	;	28/01/11
959	;	19,4300	;	46,2559	;	31/01/11
960	;	20,1400	;	55,1434	;	01/02/11
961	;	19,3000	;	59,5006	;	02/02/11
962	;	19,4700	;	58,2874	;	03/02/11
963	;	18,9500	;	56,9569	;	04/02/11
966	;	19,0300	;	60,0679	;	07/02/11
967	;	19,2500	;	54,1888	;	08/02/11
968	;	18,7800	;	51,3596	;	09/02/11
969	;	19,1000	;	51,2200	;	10/02/11
970	;	19,0500	;	51,1281	;	11/02/11
973	;	18,9400	;	51,1120	;	14/02/11
974	;	18,8000	;	52,2901	;	15/02/11
975	;	19,6400	;	56,6219	;	16/02/11
976	;	20,3000	;	57,5943	;	17/02/11
977	;	21,0300	;	57,4451	;	18/02/11
980	;	20,4200	;	57,0575	;	21/02/11
981	;	20,0800	;	53,1101	;	22/02/11
982	;	19,0400	;	58,0682	;	23/02/11
983	;	18,6500	;	54,4024	;	24/02/11
984	;	18,6000	;	55,3583	;	25/02/11
987	;	19,0000	;	61,5221	;	28/02/11
988	;	18,3000	;	63,1025	;	01/03/11
989	;	18,9500	;	61,3541	;	02/03/11
990	;	20,0500	;	64,0238	;	03/03/11
991	;	20,8000	;	64,1840	;	04/03/11
996	;	20,6500	;	61,8034	;	09/03/11
997	;	20,1400	;	61,8294	;	10/03/11
998	;	21,0800	;	60,9902	;	11/03/11
