-165	;	38,3554	;	53,7517	;	03/01/08
-164	;	36,4735	;	51,6586	;	04/01/08
-161	;	35,4025	;	48,0592	;	07/01/08
-160	;	37,3473	;	52,4951	;	08/01/08
-159	;	38,0508	;	49,3376	;	09/01/08
-158	;	37,6835	;	56,3547	;	10/01/08
-157	;	36,5453	;	55,5553	;	11/01/08
-154	;	36,4689	;	58,0380	;	14/01/08
-153	;	34,8631	;	57,5631	;	15/01/08
-152	;	33,5501	;	55,9204	;	16/01/08
-151	;	31,8636	;	54,8000	;	17/01/08
-150	;	32,2908	;	49,4064	;	18/01/08
-147	;	29,8937	;	47,1354	;	21/01/08
-146	;	32,8124	;	57,4171	;	22/01/08
-145	;	32,2504	;	57,3430	;	23/01/08
-144	;	34,5125	;	60,9008	;	24/01/08
-140	;	36,3699	;	60,8147	;	28/01/08
-139	;	36,3382	;	63,1922	;	29/01/08
-138	;	37,1613	;	63,5381	;	30/01/08
-137	;	36,1585	;	62,0642	;	31/01/08
-136	;	36,7432	;	59,0419	;	01/02/08
-131	;	35,4387	;	56,0156	;	06/02/08
-130	;	36,5408	;	55,6862	;	07/02/08
-129	;	36,7881	;	53,2793	;	08/02/08
-126	;	37,4042	;	54,1142	;	11/02/08
-125	;	37,4806	;	53,2384	;	12/02/08
-124	;	38,0293	;	62,2427	;	13/02/08
-123	;	37,5663	;	58,3925	;	14/02/08
-122	;	37,2377	;	60,6756	;	15/02/08
-119	;	38,2047	;	55,5907	;	18/02/08
-118	;	38,3621	;	48,0299	;	19/02/08
-117	;	38,4522	;	40,6044	;	20/02/08
-116	;	37,7821	;	39,7802	;	21/02/08
-115	;	37,9125	;	40,0513	;	22/02/08
-112	;	37,8900	;	44,4399	;	25/02/08
-111	;	37,9574	;	52,8137	;	26/02/08
-110	;	38,5419	;	48,9271	;	27/02/08
-109	;	38,7445	;	48,5193	;	28/02/08
-108	;	36,6307	;	30,8279	;	29/02/08
-105	;	36,3834	;	35,3105	;	03/03/08
-104	;	35,3714	;	31,2890	;	04/03/08
-103	;	36,2484	;	34,9751	;	05/03/08
-102	;	35,5334	;	32,9464	;	06/03/08
-101	;	35,1511	;	29,3405	;	07/03/08
-98	;	34,4945	;	31,1460	;	10/03/08
-97	;	35,8481	;	43,4075	;	11/03/08
-96	;	35,6727	;	45,4714	;	12/03/08
-95	;	35,2050	;	49,8027	;	13/03/08
-94	;	34,5125	;	46,9372	;	14/03/08
-91	;	33,2038	;	49,7462	;	17/03/08
-90	;	33,7076	;	49,6800	;	18/03/08
-89	;	31,2114	;	50,2149	;	19/03/08
-88	;	31,2114	;	53,0811	;	20/03/08
-84	;	31,4813	;	46,5892	;	24/03/08
-83	;	33,1452	;	53,1051	;	25/03/08
-82	;	33,6848	;	51,5481	;	26/03/08
-81	;	32,8798	;	51,0287	;	27/03/08
-80	;	32,6551	;	51,5169	;	28/03/08
-77	;	33,2758	;	49,4428	;	31/03/08
-76	;	34,0716	;	46,7757	;	01/04/08
-75	;	34,9758	;	44,2364	;	02/04/08
-74	;	35,3940	;	40,1614	;	03/04/08
-73	;	35,5288	;	35,6888	;	04/04/08
-70	;	35,3937	;	42,1728	;	07/04/08
-69	;	36,0655	;	42,6892	;	08/04/08
-68	;	36,0879	;	61,3362	;	09/04/08
-67	;	36,2188	;	59,5267	;	10/04/08
-66	;	35,4162	;	55,6151	;	11/04/08
-63	;	37,4089	;	56,0840	;	14/04/08
-62	;	37,8462	;	55,4504	;	15/04/08
-61	;	37,6028	;	64,2706	;	16/04/08
-60	;	38,3694	;	62,3606	;	17/04/08
-59	;	38,4594	;	60,2635	;	18/04/08
-55	;	38,8653	;	58,4036	;	22/04/08
-54	;	38,3332	;	54,8974	;	23/04/08
-53	;	37,5127	;	51,3622	;	24/04/08
-52	;	38,0087	;	53,1289	;	25/04/08
-49	;	38,4053	;	48,1958	;	28/04/08
-48	;	36,8814	;	40,9714	;	29/04/08
-47	;	38,0536	;	46,2830	;	30/04/08
-45	;	38,7751	;	48,5593	;	02/05/08
-42	;	39,5417	;	49,0462	;	05/05/08
-41	;	40,5786	;	44,8912	;	06/05/08
-40	;	40,4432	;	50,2457	;	07/05/08
-39	;	40,5786	;	44,5712	;	08/05/08
-38	;	41,1827	;	43,6922	;	09/05/08
-35	;	41,2550	;	43,5962	;	12/05/08
-34	;	42,3371	;	46,0401	;	13/05/08
-33	;	41,7508	;	45,9893	;	14/05/08
-32	;	42,4813	;	46,8942	;	15/05/08
-31	;	43,4191	;	48,0655	;	16/05/08
-28	;	45,0874	;	51,4498	;	19/05/08
-27	;	46,5842	;	71,1397	;	20/05/08
-26	;	47,3506	;	69,8452	;	21/05/08
-24	;	45,5924	;	52,4703	;	23/05/08
-21	;	46,5029	;	52,4928	;	26/05/08
-20	;	44,9970	;	47,2088	;	27/05/08
-19	;	45,9800	;	41,3702	;	28/05/08
-18	;	44,4921	;	42,3280	;	29/05/08
-17	;	44,1855	;	47,2191	;	30/05/08
-14	;	44,8980	;	48,9731	;	02/06/08
-13	;	42,7877	;	45,0735	;	03/06/08
-12	;	40,8311	;	40,8559	;	04/06/08
-11	;	42,8871	;	44,8454	;	05/06/08
-10	;	42,9142	;	42,3059	;	06/06/08
-7	;	42,8147	;	43,7579	;	09/06/08
-6	;	41,4804	;	41,5692	;	10/06/08
-5	;	40,9394	;	44,1501	;	11/06/08
-4	;	40,7408	;	47,6112	;	12/06/08
-3	;	41,3904	;	46,6730	;	13/06/08
0	;	41,3000	;	50,4388	;	16/06/08
1	;	41,7058	;	47,3986	;	17/06/08
2	;	40,9394	;	49,3544	;	18/06/08
3	;	39,5866	;	45,8180	;	19/06/08
4	;	38,8923	;	47,1312	;	20/06/08
7	;	39,5778	;	50,2422	;	23/06/08
8	;	39,4695	;	57,5611	;	24/06/08
9	;	40,5335	;	50,4980	;	25/06/08
10	;	40,4885	;	58,1922	;	26/06/08
11	;	40,8491	;	53,4908	;	27/06/08
14	;	41,6699	;	58,7845	;	30/06/08
15	;	41,5615	;	61,6401	;	01/07/08
16	;	39,6589	;	51,7792	;	02/07/08
17	;	38,3694	;	49,0618	;	03/07/08
18	;	38,9554	;	46,1230	;	04/07/08
21	;	37,8102	;	46,6247	;	07/07/08
22	;	36,6199	;	44,9092	;	08/07/08
24	;	36,1149	;	47,4767	;	10/07/08
25	;	36,6109	;	46,1809	;	11/07/08
28	;	36,8634	;	43,4499	;	14/07/08
29	;	36,5658	;	42,6427	;	15/07/08
30	;	35,8626	;	38,8379	;	16/07/08
31	;	34,0861	;	33,4519	;	17/07/08
32	;	34,4467	;	34,0215	;	18/07/08
35	;	34,9517	;	32,1367	;	21/07/08
36	;	33,7523	;	29,4126	;	22/07/08
37	;	32,5531	;	30,2411	;	23/07/08
38	;	31,1102	;	29,2907	;	24/07/08
39	;	31,1102	;	27,9779	;	25/07/08
42	;	31,4258	;	27,5001	;	28/07/08
43	;	31,3808	;	30,2931	;	29/07/08
44	;	32,9137	;	38,8654	;	30/07/08
45	;	32,3729	;	41,1084	;	31/07/08
46	;	31,1192	;	43,3569	;	01/08/08
49	;	29,6584	;	39,8170	;	04/08/08
50	;	29,0363	;	39,6715	;	05/08/08
51	;	30,0281	;	44,2470	;	06/08/08
52	;	30,5331	;	45,5176	;	07/08/08
53	;	30,2537	;	49,9600	;	08/08/08
56	;	29,4870	;	50,8819	;	11/08/08
57	;	29,8207	;	48,8344	;	12/08/08
58	;	30,4339	;	50,9999	;	13/08/08
59	;	30,1542	;	52,9308	;	14/08/08
60	;	29,4601	;	55,3536	;	15/08/08
63	;	28,5672	;	51,8565	;	18/08/08
64	;	29,4241	;	47,9968	;	19/08/08
65	;	30,8486	;	51,3577	;	20/08/08
66	;	31,9127	;	54,2736	;	21/08/08
67	;	31,8227	;	61,8380	;	22/08/08
70	;	30,4880	;	57,9970	;	25/08/08
71	;	30,8309	;	54,9383	;	26/08/08
72	;	31,7415	;	56,6892	;	27/08/08
73	;	31,8768	;	51,7728	;	28/08/08
74	;	31,4710	;	54,2615	;	29/08/08
77	;	30,8486	;	56,0831	;	01/09/08
78	;	30,0372	;	55,9074	;	02/09/08
79	;	29,3969	;	54,1635	;	03/09/08
80	;	28,3600	;	52,5094	;	04/09/08
81	;	28,7297	;	51,6340	;	05/09/08
84	;	27,2868	;	47,1885	;	08/09/08
85	;	25,5645	;	37,8599	;	09/09/08
86	;	25,8622	;	31,4544	;	10/09/08
87	;	28,3148	;	44,7691	;	11/09/08
88	;	29,7577	;	48,5118	;	12/09/08
91	;	26,8721	;	45,5403	;	15/09/08
92	;	28,2247	;	47,9533	;	16/09/08
93	;	26,8721	;	51,5448	;	17/09/08
94	;	29,0363	;	52,6810	;	18/09/08
95	;	31,5430	;	53,1936	;	19/09/08
98	;	31,4710	;	55,0069	;	22/09/08
99	;	29,9832	;	53,0525	;	23/09/08
100	;	31,1013	;	50,8725	;	24/09/08
101	;	32,5079	;	52,6955	;	25/09/08
102	;	31,9487	;	55,5125	;	26/09/08
105	;	29,5324	;	54,4104	;	29/09/08
106	;	31,6513	;	57,4540	;	30/09/08
107	;	31,4710	;	59,0470	;	01/10/08
108	;	28,9009	;	56,9344	;	02/10/08
109	;	27,9541	;	61,4715	;	03/10/08
112	;	27,0523	;	62,7802	;	06/10/08
113	;	25,5195	;	62,1899	;	07/10/08
114	;	24,0768	;	59,5855	;	08/10/08
115	;	23,3371	;	56,3203	;	09/10/08
116	;	21,6419	;	52,6326	;	10/10/08
119	;	24,2568	;	59,8283	;	13/10/08
120	;	24,6177	;	57,7698	;	14/10/08
121	;	21,6419	;	56,6256	;	15/10/08
122	;	20,0188	;	54,2898	;	16/10/08
123	;	20,7312	;	51,8245	;	17/10/08
126	;	22,8953	;	54,9597	;	20/10/08
127	;	22,5438	;	54,5396	;	21/10/08
128	;	20,9207	;	54,9601	;	22/10/08
129	;	20,4697	;	55,4554	;	23/10/08
130	;	18,3956	;	52,5357	;	24/10/08
133	;	16,3307	;	50,4004	;	27/10/08
134	;	18,0801	;	52,5680	;	28/10/08
135	;	19,2974	;	50,3848	;	29/10/08
136	;	20,6049	;	49,9770	;	30/10/08
137	;	21,0197	;	44,5929	;	31/10/08
140	;	20,8666	;	50,5073	;	03/11/08
141	;	22,6337	;	54,6109	;	04/11/08
142	;	21,8673	;	57,2516	;	05/11/08
143	;	20,6500	;	58,9399	;	06/11/08
144	;	20,9746	;	53,5639	;	07/11/08
147	;	21,5968	;	49,2757	;	10/11/08
148	;	21,5608	;	54,0490	;	11/11/08
149	;	18,5940	;	46,6008	;	12/11/08
150	;	19,0268	;	47,2299	;	13/11/08
151	;	18,7205	;	55,2825	;	14/11/08
154	;	18,4408	;	53,5992	;	17/11/08
155	;	17,3587	;	49,6787	;	18/11/08
156	;	16,6823	;	46,1223	;	19/11/08
158	;	15,2306	;	45,9037	;	21/11/08
161	;	17,3406	;	54,1697	;	24/11/08
162	;	17,4579	;	46,4217	;	25/11/08
163	;	18,5039	;	47,0694	;	26/11/08
164	;	17,9899	;	48,8245	;	27/11/08
165	;	18,0888	;	47,8744	;	28/11/08
168	;	16,5921	;	47,5015	;	01/12/08
169	;	16,5019	;	47,3003	;	02/12/08
170	;	17,4129	;	53,7599	;	03/12/08
171	;	16,7726	;	56,5060	;	04/12/08
172	;	16,3758	;	56,0062	;	05/12/08
175	;	18,2242	;	58,3136	;	08/12/08
176	;	18,1342	;	62,1715	;	09/12/08
177	;	19,7844	;	63,6456	;	10/12/08
178	;	20,1360	;	66,8513	;	11/12/08
179	;	20,3795	;	59,8992	;	12/12/08
182	;	20,6500	;	60,3272	;	15/12/08
183	;	21,4615	;	58,9380	;	16/12/08
184	;	21,9576	;	57,2501	;	17/12/08
185	;	21,1911	;	59,2022	;	18/12/08
186	;	21,0558	;	70,9264	;	19/12/08
189	;	19,9646	;	63,3098	;	22/12/08
190	;	19,8385	;	65,2481	;	23/12/08
193	;	20,5598	;	66,9491	;	26/12/08
196	;	21,0459	;	66,2893	;	29/12/08
197	;	21,3449	;	59,0369	;	30/12/08
200	;	22,9335	;	58,1346	;	02/01/09
203	;	23,4568	;	52,7037	;	05/01/09
204	;	23,7840	;	52,3574	;	06/01/09
205	;	22,8494	;	51,1136	;	07/01/09
206	;	23,8308	;	53,7984	;	08/01/09
207	;	23,7373	;	56,9356	;	09/01/09
210	;	22,1952	;	52,3780	;	12/01/09
211	;	22,3824	;	50,6971	;	13/01/09
212	;	21,7747	;	47,8599	;	14/01/09
213	;	22,5223	;	51,5345	;	15/01/09
214	;	22,6905	;	45,1573	;	16/01/09
217	;	22,2700	;	46,6552	;	19/01/09
218	;	21,5504	;	46,8236	;	20/01/09
219	;	22,6718	;	50,8093	;	21/01/09
220	;	22,0925	;	46,2228	;	22/01/09
221	;	22,0459	;	49,8104	;	23/01/09
224	;	22,2419	;	49,0032	;	26/01/09
225	;	22,3353	;	47,5616	;	27/01/09
226	;	23,5503	;	49,3047	;	28/01/09
227	;	23,3913	;	48,9030	;	29/01/09
228	;	23,3913	;	56,4174	;	30/01/09
231	;	23,0736	;	59,9020	;	02/02/09
232	;	23,9054	;	63,1221	;	03/02/09
233	;	24,0178	;	59,2616	;	04/02/09
234	;	24,2980	;	59,8572	;	05/02/09
235	;	25,3260	;	62,5111	;	06/02/09
238	;	25,5970	;	67,5660	;	09/02/09
239	;	25,0457	;	60,8502	;	10/02/09
240	;	25,1109	;	63,9473	;	11/02/09
241	;	24,9520	;	61,8091	;	12/02/09
242	;	25,7933	;	64,8790	;	13/02/09
245	;	26,0923	;	65,6998	;	16/02/09
246	;	24,6718	;	48,2857	;	17/02/09
247	;	24,1952	;	45,4108	;	18/02/09
248	;	24,5784	;	44,9281	;	19/02/09
249	;	24,0923	;	43,6358	;	20/02/09
254	;	24,5314	;	40,9203	;	25/02/09
255	;	24,7839	;	41,7997	;	26/02/09
256	;	24,6718	;	46,3879	;	27/02/09
259	;	23,3822	;	36,6230	;	02/03/09
260	;	23,1764	;	39,6831	;	03/03/09
261	;	24,6437	;	48,4606	;	04/03/09
262	;	24,2980	;	53,1920	;	05/03/09
263	;	23,9896	;	52,3242	;	06/03/09
266	;	24,0178	;	46,3525	;	09/03/09
267	;	25,2979	;	53,7728	;	10/03/09
268	;	25,4286	;	56,0083	;	11/03/09
269	;	25,7464	;	54,6080	;	12/03/09
270	;	25,8868	;	53,1298	;	13/03/09
273	;	25,4100	;	53,4341	;	16/03/09
274	;	26,1485	;	54,9735	;	17/03/09
275	;	26,4474	;	55,1290	;	18/03/09
276	;	27,3352	;	52,9274	;	19/03/09
277	;	27,1952	;	66,9095	;	20/03/09
280	;	28,8397	;	68,6721	;	23/03/09
281	;	28,3632	;	63,8294	;	24/03/09
282	;	28,4380	;	61,9548	;	25/03/09
283	;	28,3818	;	67,1440	;	26/03/09
284	;	27,6624	;	63,7793	;	27/03/09
287	;	26,8958	;	55,8327	;	30/03/09
288	;	26,6810	;	60,0770	;	31/03/09
289	;	27,4754	;	62,5807	;	01/04/09
290	;	28,5035	;	66,4709	;	02/04/09
291	;	28,4101	;	69,9140	;	03/04/09
294	;	28,3071	;	71,8509	;	06/04/09
295	;	28,0079	;	74,2798	;	07/04/09
296	;	27,9240	;	75,6011	;	08/04/09
297	;	29,1627	;	75,8666	;	09/04/09
298	;	29,1627	;	71,9811	;	10/04/09
301	;	29,1155	;	75,1178	;	13/04/09
302	;	28,8412	;	79,7307	;	14/04/09
303	;	28,3495	;	77,2350	;	15/04/09
304	;	28,3684	;	74,9813	;	16/04/09
305	;	27,9145	;	77,6824	;	17/04/09
308	;	27,2338	;	73,9516	;	20/04/09
310	;	27,0539	;	74,2035	;	22/04/09
311	;	27,6782	;	70,3798	;	23/04/09
312	;	27,7159	;	62,8793	;	24/04/09
315	;	27,1296	;	58,7364	;	27/04/09
316	;	27,2621	;	54,5211	;	28/04/09
317	;	28,1226	;	56,2184	;	29/04/09
318	;	27,9334	;	48,8880	;	30/04/09
322	;	29,9097	;	63,1443	;	04/05/09
323	;	30,3353	;	59,1161	;	05/05/09
324	;	30,7799	;	56,8061	;	06/05/09
325	;	30,2408	;	56,6815	;	07/05/09
326	;	31,2052	;	60,9673	;	08/05/09
329	;	31,0823	;	64,2422	;	11/05/09
330	;	30,5905	;	66,7879	;	12/05/09
331	;	29,7680	;	61,0571	;	13/05/09
332	;	30,0137	;	59,1347	;	14/05/09
333	;	29,5978	;	62,4643	;	15/05/09
336	;	30,9311	;	66,1968	;	18/05/09
337	;	30,9405	;	65,7276	;	19/05/09
338	;	31,3470	;	63,6981	;	20/05/09
339	;	30,7324	;	60,3668	;	21/05/09
340	;	31,0823	;	51,6234	;	22/05/09
343	;	31,1580	;	49,4045	;	25/05/09
344	;	31,9051	;	51,1748	;	26/05/09
345	;	31,9051	;	51,5600	;	27/05/09
346	;	32,7657	;	50,6423	;	28/05/09
347	;	32,5764	;	50,0746	;	29/05/09
350	;	33,3236	;	50,9349	;	01/06/09
351	;	32,6712	;	53,8553	;	02/06/09
352	;	31,3470	;	47,9092	;	03/06/09
353	;	32,2361	;	47,5741	;	04/06/09
354	;	32,1320	;	47,7087	;	05/06/09
357	;	32,0374	;	54,7147	;	08/06/09
358	;	31,6876	;	56,8987	;	09/06/09
359	;	32,0374	;	56,7668	;	10/06/09
361	;	32,1036	;	54,8897	;	12/06/09
364	;	31,4889	;	56,8564	;	15/06/09
365	;	30,7799	;	53,9802	;	16/06/09
366	;	30,3069	;	54,0185	;	17/06/09
367	;	30,0327	;	51,9287	;	18/06/09
368	;	30,2124	;	46,9296	;	19/06/09
371	;	29,1818	;	40,0750	;	22/06/09
372	;	29,6924	;	42,5548	;	23/06/09
373	;	29,3141	;	47,3446	;	24/06/09
374	;	30,4961	;	51,5674	;	25/06/09
375	;	30,4961	;	49,2507	;	26/06/09
378	;	31,2527	;	48,9335	;	29/06/09
379	;	30,6853	;	47,5154	;	30/06/09
380	;	30,0705	;	48,9804	;	01/07/09
381	;	29,5409	;	54,1625	;	02/07/09
382	;	29,3235	;	55,9546	;	03/07/09
385	;	28,6837	;	56,0651	;	06/07/09
386	;	28,0248	;	54,8912	;	07/07/09
387	;	27,7959	;	55,0235	;	08/07/09
388	;	27,7959	;	60,3338	;	09/07/09
389	;	28,3305	;	61,2552	;	10/07/09
392	;	28,4451	;	57,8450	;	13/07/09
393	;	28,2540	;	59,0079	;	14/07/09
394	;	29,3713	;	58,7945	;	15/07/09
395	;	29,5525	;	54,9921	;	16/07/09
396	;	30,0778	;	53,0559	;	17/07/09
399	;	30,4598	;	52,5737	;	20/07/09
400	;	30,3834	;	57,1089	;	21/07/09
401	;	30,2591	;	61,1788	;	22/07/09
402	;	30,9372	;	61,1857	;	23/07/09
403	;	31,0327	;	63,7265	;	24/07/09
406	;	30,9849	;	77,2312	;	27/07/09
407	;	30,3166	;	68,1947	;	28/07/09
408	;	29,5049	;	59,7255	;	29/07/09
409	;	29,8105	;	57,9420	;	30/07/09
410	;	30,0492	;	58,7572	;	31/07/09
413	;	31,0422	;	60,0933	;	03/08/09
414	;	30,6699	;	55,4323	;	04/08/09
415	;	30,8608	;	55,4428	;	05/08/09
416	;	30,4598	;	54,0509	;	06/08/09
417	;	30,5552	;	51,4294	;	07/08/09
420	;	30,6508	;	45,9193	;	10/08/09
421	;	29,8105	;	39,5946	;	11/08/09
422	;	30,4501	;	39,3367	;	12/08/09
423	;	31,0230	;	43,3033	;	13/08/09
424	;	30,8893	;	42,6480	;	14/08/09
427	;	30,5552	;	45,3074	;	17/08/09
428	;	30,8608	;	48,4345	;	18/08/09
429	;	31,3191	;	49,3986	;	19/08/09
430	;	31,5578	;	49,3170	;	20/08/09
431	;	32,1117	;	45,8175	;	21/08/09
434	;	31,8920	;	47,7924	;	24/08/09
435	;	31,7298	;	51,7716	;	25/08/09
436	;	31,6725	;	56,2710	;	26/08/09
437	;	31,3765	;	58,7412	;	27/08/09
438	;	31,0805	;	61,6005	;	28/08/09
441	;	29,9632	;	59,0226	;	31/08/09
442	;	30,1733	;	54,7510	;	01/09/09
443	;	30,6985	;	54,2857	;	02/09/09
444	;	30,7367	;	48,8413	;	03/09/09
445	;	31,0422	;	48,4014	;	04/09/09
449	;	31,3955	;	48,7996	;	08/09/09
450	;	31,5101	;	45,3675	;	09/09/09
451	;	31,8348	;	46,2325	;	10/09/09
452	;	31,6437	;	45,0034	;	11/09/09
455	;	31,7392	;	41,4971	;	14/09/09
456	;	31,8920	;	37,9244	;	15/09/09
457	;	32,7992	;	39,0339	;	16/09/09
458	;	32,7514	;	42,3924	;	17/09/09
459	;	33,0855	;	40,2946	;	18/09/09
462	;	33,0379	;	76,7025	;	21/09/09
463	;	33,2576	;	76,6420	;	22/09/09
464	;	32,7132	;	58,6611	;	23/09/09
465	;	32,2741	;	55,9339	;	24/09/09
466	;	32,5700	;	55,7196	;	25/09/09
469	;	33,3147	;	58,7329	;	28/09/09
470	;	33,2001	;	62,9577	;	29/09/09
471	;	33,4198	;	62,0343	;	30/09/09
472	;	32,6995	;	54,4084	;	01/10/09
473	;	32,8052	;	54,4667	;	02/10/09
476	;	33,0835	;	55,4335	;	05/10/09
477	;	33,1220	;	47,0650	;	06/10/09
478	;	33,2855	;	42,0114	;	07/10/09
479	;	34,0440	;	45,9111	;	08/10/09
480	;	34,2265	;	39,9877	;	09/10/09
483	;	34,2265	;	40,7023	;	12/10/09
484	;	34,3994	;	41,1832	;	13/10/09
485	;	34,7164	;	41,8385	;	14/10/09
486	;	35,1484	;	42,6342	;	15/10/09
487	;	34,9563	;	43,8527	;	16/10/09
490	;	35,8783	;	41,5574	;	19/10/09
491	;	35,0523	;	37,2579	;	20/10/09
492	;	35,2444	;	40,0169	;	21/10/09
493	;	35,5325	;	41,1325	;	22/10/09
494	;	35,0523	;	41,9063	;	23/10/09
497	;	35,2444	;	42,9270	;	26/10/09
498	;	34,5241	;	41,6726	;	27/10/09
499	;	32,8820	;	30,5928	;	28/10/09
500	;	34,6298	;	41,5996	;	29/10/09
501	;	33,6503	;	40,4747	;	30/10/09
505	;	34,1401	;	42,2468	;	03/11/09
506	;	34,2840	;	41,3279	;	04/11/09
507	;	34,9563	;	42,6363	;	05/11/09
508	;	34,6202	;	41,9144	;	06/11/09
511	;	35,6094	;	42,3026	;	09/11/09
512	;	35,9263	;	40,8001	;	10/11/09
513	;	36,1088	;	40,7340	;	11/11/09
514	;	35,3885	;	42,8919	;	12/11/09
515	;	35,6575	;	39,3825	;	13/11/09
518	;	35,8974	;	39,5833	;	16/11/09
519	;	36,8769	;	40,0018	;	17/11/09
520	;	36,6850	;	52,7105	;	18/11/09
521	;	36,9730	;	45,2712	;	19/11/09
522	;	36,9730	;	52,9438	;	20/11/09
525	;	37,3092	;	51,8769	;	23/11/09
526	;	37,5972	;	52,5683	;	24/11/09
527	;	37,8854	;	50,1291	;	25/11/09
528	;	36,9251	;	40,8995	;	26/11/09
529	;	37,3572	;	37,1786	;	27/11/09
532	;	37,2612	;	43,1747	;	30/11/09
533	;	38,2119	;	48,2122	;	01/12/09
534	;	37,8469	;	53,6557	;	02/12/09
535	;	37,7413	;	58,7421	;	03/12/09
536	;	36,8769	;	54,8341	;	04/12/09
539	;	36,8769	;	50,4285	;	07/12/09
540	;	36,0991	;	45,2191	;	08/12/09
541	;	36,0991	;	46,7723	;	09/12/09
542	;	36,2623	;	44,0067	;	10/12/09
543	;	36,3008	;	40,8484	;	11/12/09
546	;	36,3969	;	38,6652	;	14/12/09
547	;	36,4930	;	36,3348	;	15/12/09
548	;	36,3584	;	43,4457	;	16/12/09
549	;	35,4078	;	36,4689	;	17/12/09
550	;	35,1292	;	35,1359	;	18/12/09
553	;	33,9897	;	14,6659	;	21/12/09
554	;	35,0905	;	34,1209	;	22/12/09
555	;	35,4381	;	31,7768	;	23/12/09
560	;	35,4865	;	29,9174	;	28/12/09
561	;	35,5348	;	27,6871	;	29/12/09
562	;	35,4286	;	32,3261	;	30/12/09
567	;	36,0369	;	35,6917	;	04/01/10
568	;	35,7279	;	38,6179	;	05/01/10
569	;	36,2107	;	42,6411	;	06/01/10
570	;	35,8727	;	46,2515	;	07/01/10
571	;	35,6795	;	51,1452	;	08/01/10
574	;	35,5638	;	51,2595	;	11/01/10
575	;	35,1099	;	54,9976	;	12/01/10
576	;	35,0519	;	56,9257	;	13/01/10
577	;	34,4436	;	62,2171	;	14/01/10
578	;	34,5209	;	49,7738	;	15/01/10
581	;	35,2933	;	55,7953	;	18/01/10
582	;	35,1292	;	60,7321	;	19/01/10
583	;	34,2312	;	60,1741	;	20/01/10
584	;	33,1497	;	53,5106	;	21/01/10
585	;	33,5552	;	51,1788	;	22/01/10
589	;	32,7345	;	48,0756	;	26/01/10
590	;	32,9373	;	44,1749	;	27/01/10
591	;	33,4201	;	45,0553	;	28/01/10
592	;	32,9951	;	43,6658	;	29/01/10
595	;	33,1207	;	38,5463	;	01/02/10
596	;	32,9276	;	39,8438	;	02/02/10
597	;	32,8697	;	39,8236	;	03/02/10
598	;	31,1894	;	34,2133	;	04/02/10
599	;	30,4362	;	36,9748	;	05/02/10
602	;	30,6488	;	30,2806	;	08/02/10
603	;	31,1315	;	30,9709	;	09/02/10
604	;	31,5178	;	32,2066	;	10/02/10
605	;	32,2130	;	37,0239	;	11/02/10
606	;	32,6378	;	37,2589	;	12/02/10
611	;	33,0724	;	38,6467	;	17/02/10
612	;	33,4973	;	40,0684	;	18/02/10
613	;	33,1690	;	41,6661	;	19/02/10
616	;	33,4587	;	39,5439	;	22/02/10
617	;	33,0146	;	42,7065	;	23/02/10
618	;	32,7731	;	42,3669	;	24/02/10
619	;	33,1979	;	38,3379	;	25/02/10
620	;	33,4201	;	47,8184	;	26/02/10
623	;	33,7291	;	54,6334	;	01/03/10
624	;	33,9125	;	54,3471	;	02/03/10
625	;	33,9416	;	51,3800	;	03/03/10
626	;	33,9897	;	48,9311	;	04/03/10
627	;	34,5787	;	47,7994	;	05/03/10
630	;	34,4726	;	51,5074	;	08/03/10
631	;	35,2451	;	53,9351	;	09/03/10
632	;	35,7279	;	54,1498	;	10/03/10
633	;	35,7761	;	53,5822	;	11/03/10
634	;	35,7858	;	51,3812	;	12/03/10
637	;	35,5058	;	57,8600	;	15/03/10
638	;	35,9308	;	61,3265	;	16/03/10
639	;	35,8727	;	66,4115	;	17/03/10
640	;	35,7472	;	67,7258	;	18/03/10
641	;	34,9844	;	52,6469	;	19/03/10
644	;	34,9939	;	50,8586	;	22/03/10
645	;	34,5885	;	51,2960	;	23/03/10
646	;	34,8491	;	53,4240	;	24/03/10
647	;	33,9897	;	43,8618	;	25/03/10
648	;	33,3139	;	38,8755	;	26/03/10
651	;	33,7000	;	34,0533	;	29/03/10
652	;	33,6036	;	32,0431	;	30/03/10
653	;	34,1733	;	40,9901	;	31/03/10
654	;	34,5209	;	45,5386	;	01/04/10
658	;	34,7719	;	43,4907	;	05/04/10
659	;	34,8395	;	39,4784	;	06/04/10
660	;	34,5692	;	37,8332	;	07/04/10
661	;	34,5787	;	32,2895	;	08/04/10
662	;	34,0187	;	33,6199	;	09/04/10
665	;	33,2077	;	34,2953	;	12/04/10
666	;	33,0146	;	35,5573	;	13/04/10
667	;	33,0724	;	33,0891	;	14/04/10
668	;	32,4447	;	34,3837	;	15/04/10
669	;	31,8170	;	34,5101	;	16/04/10
672	;	32,3965	;	37,3780	;	19/04/10
673	;	33,1207	;	39,1695	;	20/04/10
675	;	32,6861	;	37,1050	;	22/04/10
676	;	33,0752	;	37,7494	;	23/04/10
679	;	32,4039	;	37,5140	;	26/04/10
680	;	31,2270	;	37,7625	;	27/04/10
681	;	31,5090	;	35,4980	;	28/04/10
682	;	32,1220	;	41,7406	;	29/04/10
683	;	31,9078	;	43,3023	;	30/04/10
686	;	30,6432	;	40,7738	;	03/05/10
687	;	29,6121	;	36,9693	;	04/05/10
688	;	29,3882	;	42,6967	;	05/05/10
689	;	28,9992	;	43,4273	;	06/05/10
690	;	28,9408	;	45,7929	;	07/05/10
693	;	29,3300	;	44,2914	;	10/05/10
694	;	28,8143	;	41,4544	;	11/05/10
695	;	29,0868	;	39,1665	;	12/05/10
696	;	29,1840	;	35,7619	;	13/05/10
697	;	29,2716	;	32,9464	;	14/05/10
700	;	29,0381	;	37,4951	;	17/05/10
701	;	28,4253	;	36,9752	;	18/05/10
702	;	27,7736	;	29,7878	;	19/05/10
703	;	26,6839	;	26,2993	;	20/05/10
704	;	26,8298	;	27,4340	;	21/05/10
707	;	26,6044	;	30,8550	;	24/05/10
708	;	26,0165	;	28,7876	;	25/05/10
709	;	26,5065	;	33,5627	;	26/05/10
710	;	27,2512	;	36,9480	;	27/05/10
711	;	27,6334	;	37,1133	;	28/05/10
714	;	29,0052	;	44,8237	;	31/05/10
715	;	28,0744	;	44,3124	;	01/06/10
716	;	28,5153	;	46,6977	;	02/06/10
718	;	28,6622	;	47,0917	;	04/06/10
721	;	28,9268	;	42,9071	;	07/06/10
722	;	29,0641	;	40,1908	;	08/06/10
723	;	28,9562	;	44,2690	;	09/06/10
724	;	29,2992	;	49,5418	;	10/06/10
725	;	29,0249	;	53,5911	;	11/06/10
728	;	28,4663	;	50,2487	;	14/06/10
729	;	28,4172	;	56,9181	;	15/06/10
730	;	29,0542	;	57,4695	;	16/06/10
731	;	28,9268	;	58,5403	;	17/06/10
732	;	28,8975	;	62,4053	;	18/06/10
735	;	28,8093	;	55,2618	;	21/06/10
736	;	28,5252	;	63,7652	;	22/06/10
737	;	27,9274	;	56,7255	;	23/06/10
738	;	26,9377	;	52,5834	;	24/06/10
739	;	27,3493	;	55,5160	;	25/06/10
742	;	26,8690	;	58,9849	;	28/06/10
743	;	26,2909	;	55,7623	;	29/06/10
744	;	26,3203	;	49,6870	;	30/06/10
745	;	25,9186	;	48,6849	;	01/07/10
746	;	26,2321	;	49,3218	;	02/07/10
749	;	26,0067	;	48,0446	;	05/07/10
750	;	26,5065	;	46,4287	;	06/07/10
751	;	26,8494	;	45,0306	;	07/07/10
752	;	27,0258	;	40,3959	;	08/07/10
756	;	26,6829	;	37,2663	;	12/07/10
757	;	26,7515	;	35,0060	;	13/07/10
758	;	26,7515	;	39,7282	;	14/07/10
759	;	26,5653	;	39,7601	;	15/07/10
760	;	26,3008	;	42,0945	;	16/07/10
763	;	26,4085	;	43,9152	;	19/07/10
764	;	27,0944	;	52,7196	;	20/07/10
765	;	26,9474	;	57,7448	;	21/07/10
766	;	27,4178	;	59,2565	;	22/07/10
767	;	27,2316	;	60,2698	;	23/07/10
770	;	27,3394	;	55,6804	;	26/07/10
771	;	27,4178	;	52,0248	;	27/07/10
772	;	27,2414	;	54,1217	;	28/07/10
773	;	27,1826	;	56,8458	;	29/07/10
774	;	27,2904	;	58,0447	;	30/07/10
777	;	28,0701	;	66,3779	;	02/08/10
778	;	28,7018	;	68,5036	;	03/08/10
779	;	28,9584	;	68,1208	;	04/08/10
780	;	29,0473	;	70,0035	;	05/08/10
781	;	28,7117	;	66,8205	;	06/08/10
784	;	28,4550	;	62,3825	;	09/08/10
785	;	28,0406	;	57,5897	;	10/08/10
786	;	27,1424	;	47,2511	;	11/08/10
787	;	27,1720	;	42,6265	;	12/08/10
788	;	27,3003	;	42,8733	;	13/08/10
791	;	27,2510	;	48,4635	;	16/08/10
792	;	27,9319	;	50,8080	;	17/08/10
793	;	27,3200	;	44,6974	;	18/08/10
794	;	26,4318	;	43,2255	;	19/08/10
795	;	26,4318	;	38,1916	;	20/08/10
798	;	26,3133	;	34,8930	;	23/08/10
799	;	25,8000	;	34,0944	;	24/08/10
800	;	25,7409	;	40,6977	;	25/08/10
801	;	25,3658	;	40,2162	;	26/08/10
802	;	26,2146	;	50,1592	;	27/08/10
805	;	25,1190	;	45,8293	;	30/08/10
806	;	25,7211	;	50,4114	;	31/08/10
807	;	26,6784	;	58,8956	;	01/09/10
808	;	27,2410	;	61,8531	;	02/09/10
809	;	28,4255	;	61,0589	;	03/09/10
812	;	28,7117	;	59,0325	;	06/09/10
814	;	27,4681	;	55,4826	;	08/09/10
815	;	27,2410	;	59,5370	;	09/09/10
816	;	27,1621	;	62,2084	;	10/09/10
819	;	27,9319	;	59,8389	;	13/09/10
820	;	26,5008	;	54,5936	;	14/09/10
821	;	26,1060	;	52,7563	;	15/09/10
822	;	26,0172	;	54,3781	;	16/09/10
823	;	26,0962	;	50,2102	;	17/09/10
826	;	26,7476	;	53,7505	;	20/09/10
827	;	26,0073	;	52,5811	;	21/09/10
828	;	25,6421	;	51,3080	;	22/09/10
829	;	26,4515	;	53,2275	;	23/09/10
830	;	25,9580	;	48,8860	;	24/09/10
833	;	26,1553	;	48,2495	;	27/09/10
834	;	26,3528	;	49,3421	;	28/09/10
835	;	27,1424	;	50,0395	;	29/09/10
836	;	26,9351	;	49,1630	;	30/09/10
837	;	27,1424	;	44,9639	;	01/10/10
840	;	27,0239	;	55,3418	;	04/10/10
841	;	26,6291	;	55,4202	;	05/10/10
842	;	25,5237	;	46,6521	;	06/10/10
843	;	24,9710	;	49,2620	;	07/10/10
844	;	25,6619	;	49,8731	;	08/10/10
847	;	25,5138	;	53,8078	;	11/10/10
849	;	25,3756	;	55,5344	;	13/10/10
850	;	26,0962	;	54,8251	;	14/10/10
851	;	25,9481	;	57,6503	;	15/10/10
854	;	26,0567	;	56,8692	;	18/10/10
855	;	24,9512	;	54,1750	;	19/10/10
856	;	24,6650	;	51,4120	;	20/10/10
857	;	23,8458	;	47,7175	;	21/10/10
858	;	23,8951	;	45,5660	;	22/10/10
861	;	24,2504	;	43,3246	;	25/10/10
862	;	25,5138	;	50,7717	;	26/10/10
863	;	25,8494	;	53,1363	;	27/10/10
864	;	25,9185	;	51,1433	;	28/10/10
865	;	25,5138	;	49,5481	;	29/10/10
868	;	26,1455	;	48,3752	;	01/11/10
870	;	26,7905	;	46,0990	;	03/11/10
871	;	27,2866	;	44,5862	;	04/11/10
872	;	27,0385	;	43,8200	;	05/11/10
875	;	27,3163	;	44,7595	;	08/11/10
876	;	26,9095	;	51,8070	;	09/11/10
877	;	26,9194	;	47,3124	;	10/11/10
878	;	26,5126	;	54,4434	;	11/11/10
879	;	25,6494	;	50,6755	;	12/11/10
883	;	25,2029	;	51,2137	;	16/11/10
884	;	25,2525	;	40,8490	;	17/11/10
885	;	25,6990	;	41,9608	;	18/11/10
886	;	25,5005	;	46,6385	;	19/11/10
889	;	24,8655	;	44,6687	;	22/11/10
890	;	24,4587	;	41,5091	;	23/11/10
891	;	25,0441	;	41,2642	;	24/11/10
892	;	24,6571	;	38,8710	;	25/11/10
893	;	24,4091	;	38,7211	;	26/11/10
896	;	24,5083	;	35,8776	;	29/11/10
897	;	24,3992	;	37,5029	;	30/11/10
898	;	25,0640	;	48,3458	;	01/12/10
899	;	25,2029	;	45,4133	;	02/12/10
900	;	25,5005	;	48,9088	;	03/12/10
903	;	25,6593	;	48,3311	;	06/12/10
904	;	25,1533	;	49,4459	;	07/12/10
905	;	24,8060	;	48,3049	;	08/12/10
906	;	25,2029	;	47,5132	;	09/12/10
907	;	25,5005	;	50,0375	;	10/12/10
910	;	25,7089	;	50,1120	;	13/12/10
911	;	25,6295	;	50,5834	;	14/12/10
912	;	25,1731	;	49,7155	;	15/12/10
913	;	25,1533	;	53,3214	;	16/12/10
914	;	25,7387	;	58,0500	;	17/12/10
917	;	25,3716	;	54,3040	;	20/12/10
918	;	25,5700	;	49,4609	;	21/12/10
919	;	25,7200	;	49,5490	;	22/12/10
920	;	25,7500	;	46,4453	;	23/12/10
924	;	26,0500	;	48,0737	;	27/12/10
925	;	26,6600	;	54,9366	;	28/12/10
926	;	26,9700	;	57,3436	;	29/12/10
927	;	27,2900	;	56,4885	;	30/12/10
931	;	27,0000	;	55,5715	;	03/01/11
932	;	26,9000	;	59,0549	;	04/01/11
933	;	27,2200	;	56,1090	;	05/01/11
934	;	27,1100	;	64,3482	;	06/01/11
935	;	26,7300	;	56,3896	;	07/01/11
938	;	26,9800	;	52,9927	;	10/01/11
939	;	27,1500	;	55,4939	;	11/01/11
940	;	27,9000	;	59,8622	;	12/01/11
941	;	27,3100	;	54,3859	;	13/01/11
942	;	27,5500	;	55,9745	;	14/01/11
945	;	27,4500	;	59,2620	;	17/01/11
946	;	27,7200	;	56,0725	;	18/01/11
947	;	27,3000	;	54,2228	;	19/01/11
948	;	27,2700	;	57,2686	;	20/01/11
949	;	27,0500	;	58,1348	;	21/01/11
952	;	27,0000	;	58,7794	;	24/01/11
954	;	26,8300	;	59,6742	;	26/01/11
955	;	26,8700	;	54,2574	;	27/01/11
956	;	26,6700	;	56,6488	;	28/01/11
959	;	27,0900	;	58,9927	;	31/01/11
960	;	27,6400	;	63,3333	;	01/02/11
961	;	27,8000	;	56,0837	;	02/02/11
962	;	28,0300	;	61,7316	;	03/02/11
963	;	27,6200	;	58,4809	;	04/02/11
966	;	27,2200	;	54,2775	;	07/02/11
967	;	26,9600	;	54,1761	;	08/02/11
968	;	26,1800	;	50,1458	;	09/02/11
969	;	26,2700	;	44,5746	;	10/02/11
970	;	26,4000	;	41,9030	;	11/02/11
973	;	26,7500	;	40,3153	;	14/02/11
974	;	26,9700	;	37,6242	;	15/02/11
975	;	27,3100	;	40,6697	;	16/02/11
976	;	27,2500	;	42,4294	;	17/02/11
977	;	27,3700	;	39,2734	;	18/02/11
980	;	27,4000	;	33,0584	;	21/02/11
981	;	27,7700	;	35,7011	;	22/02/11
982	;	28,7100	;	43,1446	;	23/02/11
983	;	28,3700	;	43,1446	;	24/02/11
984	;	28,6000	;	44,1462	;	25/02/11
987	;	28,5800	;	44,0615	;	28/02/11
988	;	28,2900	;	48,6501	;	01/03/11
989	;	28,9000	;	62,4427	;	02/03/11
990	;	28,9600	;	66,1479	;	03/03/11
991	;	29,0800	;	65,6089	;	04/03/11
996	;	28,5500	;	63,7851	;	09/03/11
997	;	28,1200	;	56,6363	;	10/03/11
998	;	28,1700	;	53,3603	;	11/03/11
