-165	;	23,8851	;	-462,0000	;	-484,8430	;	03/01/08
-164	;	23,1766	;	-472,8000	;	-482,4344	;	04/01/08
-161	;	22,0546	;	-565,4000	;	-499,0275	;	07/01/08
-160	;	22,8370	;	-569,1000	;	-513,0420	;	08/01/08
-159	;	23,5397	;	-509,4000	;	-512,3136	;	09/01/08
-158	;	23,0289	;	-497,6000	;	-509,3709	;	10/01/08
-157	;	22,4592	;	-528,2000	;	-513,1367	;	11/01/08
-154	;	23,7375	;	-444,1000	;	-499,3294	;	14/01/08
-153	;	23,3271	;	-405,9000	;	-480,6435	;	15/01/08
-152	;	23,4570	;	-361,0000	;	-456,7148	;	16/01/08
-151	;	22,3204	;	-412,3000	;	-447,8318	;	17/01/08
-150	;	23,8556	;	-325,4000	;	-423,3454	;	18/01/08
-147	;	21,9070	;	-409,1000	;	-420,4963	;	21/01/08
-146	;	22,4385	;	-427,5000	;	-421,8970	;	22/01/08
-145	;	20,9918	;	-552,6000	;	-448,0376	;	23/01/08
-144	;	22,4385	;	-528,8000	;	-464,1901	;	24/01/08
-140	;	22,8813	;	-468,9000	;	-465,1321	;	28/01/08
-139	;	23,8112	;	-342,4000	;	-440,5857	;	29/01/08
-138	;	24,3575	;	-195,8000	;	-391,6286	;	30/01/08
-137	;	24,3575	;	-78,7000	;	-329,0429	;	31/01/08
-136	;	25,9666	;	142,3000	;	-234,7743	;	01/02/08
-131	;	26,2471	;	336,2000	;	-120,5794	;	06/02/08
-130	;	27,3985	;	576,2000	;	18,7765	;	07/02/08
-129	;	27,1475	;	737,6000	;	162,5412	;	08/02/08
-126	;	27,2509	;	863,9000	;	302,8130	;	11/02/08
-125	;	27,6052	;	981,3000	;	438,5104	;	12/02/08
-124	;	27,6790	;	1068,0000	;	564,4083	;	13/02/08
-123	;	27,2804	;	1091,9000	;	669,9066	;	14/02/08
-122	;	27,5756	;	1121,7000	;	760,2653	;	15/02/08
-119	;	27,4723	;	1124,1000	;	833,0322	;	18/02/08
-118	;	27,5461	;	1119,0000	;	890,2258	;	19/02/08
-117	;	28,9484	;	1214,1000	;	955,0006	;	20/02/08
-116	;	30,5518	;	1402,7000	;	1044,5405	;	21/02/08
-115	;	30,9149	;	1563,5000	;	1148,3324	;	22/02/08
-112	;	31,1481	;	1690,3000	;	1256,7259	;	25/02/08
-111	;	30,9562	;	1755,1000	;	1356,4007	;	26/02/08
-110	;	30,0262	;	1711,6000	;	1427,4406	;	27/02/08
-109	;	29,7250	;	1634,0000	;	1468,7525	;	28/02/08
-108	;	28,9338	;	1491,4000	;	1473,2820	;	29/02/08
-105	;	30,4100	;	1480,5000	;	1474,7256	;	03/03/08
-104	;	30,7495	;	1482,2000	;	1476,2205	;	04/03/08
-103	;	30,5577	;	1451,3000	;	1471,2364	;	05/03/08
-102	;	30,1768	;	1380,2000	;	1453,0291	;	06/03/08
-101	;	29,6128	;	1263,8000	;	1415,1833	;	07/03/08
-98	;	28,1218	;	1039,2000	;	1339,9866	;	10/03/08
-97	;	29,6424	;	972,7000	;	1266,5293	;	11/03/08
-96	;	30,2624	;	959,0000	;	1205,0234	;	12/03/08
-95	;	30,5871	;	963,2000	;	1156,6587	;	13/03/08
-94	;	31,0005	;	988,5000	;	1123,0270	;	14/03/08
-91	;	29,7605	;	898,2000	;	1078,0616	;	17/03/08
-90	;	30,9384	;	911,2000	;	1044,6893	;	18/03/08
-89	;	30,1117	;	845,0000	;	1004,7514	;	19/03/08
-88	;	29,5538	;	739,0000	;	951,6011	;	20/03/08
-84	;	29,0815	;	609,8000	;	883,2409	;	24/03/08
-83	;	30,2181	;	592,3000	;	825,0527	;	25/03/08
-82	;	29,9524	;	550,6000	;	770,1622	;	26/03/08
-81	;	29,7688	;	497,0000	;	715,5298	;	27/03/08
-80	;	29,7420	;	447,3000	;	661,8838	;	28/03/08
-77	;	29,3248	;	369,9000	;	603,4870	;	31/03/08
-76	;	30,4722	;	396,6000	;	562,1096	;	01/04/08
-75	;	30,5288	;	417,5000	;	533,1877	;	02/04/08
-74	;	31,2471	;	486,4000	;	523,8302	;	03/04/08
-73	;	32,1559	;	607,4000	;	540,5442	;	04/04/08
-70	;	31,9026	;	675,1000	;	567,4554	;	07/04/08
-69	;	32,4241	;	762,1000	;	606,3843	;	08/04/08
-68	;	31,8639	;	776,8000	;	640,4674	;	09/04/08
-67	;	31,9444	;	785,9000	;	669,5539	;	10/04/08
-66	;	31,2916	;	732,0000	;	682,0431	;	11/04/08
-63	;	30,7820	;	640,7000	;	673,7745	;	14/04/08
-62	;	31,5092	;	619,9000	;	662,9996	;	15/04/08
-61	;	33,5268	;	757,6000	;	681,9197	;	16/04/08
-60	;	32,4688	;	772,3000	;	699,9958	;	17/04/08
-59	;	32,1263	;	747,8000	;	709,5566	;	18/04/08
-55	;	33,0799	;	796,1000	;	726,8653	;	22/04/08
-54	;	33,1959	;	834,1000	;	748,3122	;	23/04/08
-53	;	33,3779	;	868,9000	;	772,4298	;	24/04/08
-52	;	33,9591	;	932,7000	;	804,4838	;	25/04/08
-49	;	34,3912	;	1006,6000	;	844,9070	;	28/04/08
-48	;	32,8861	;	932,9000	;	862,5056	;	29/04/08
-47	;	36,2805	;	1135,3000	;	917,0645	;	30/04/08
-45	;	35,9407	;	1253,8000	;	984,4116	;	02/05/08
-42	;	36,0302	;	1339,5000	;	1055,4293	;	05/05/08
-41	;	36,9913	;	1468,1000	;	1137,9634	;	06/05/08
-40	;	36,9019	;	1544,9000	;	1219,3507	;	07/05/08
-39	;	37,5277	;	1637,5000	;	1302,9806	;	08/05/08
-38	;	38,3994	;	1760,8000	;	1394,5445	;	09/05/08
-35	;	39,0475	;	1889,1000	;	1493,4556	;	12/05/08
-34	;	38,8912	;	1955,7000	;	1585,9045	;	13/05/08
-33	;	38,8955	;	1985,9000	;	1665,9036	;	14/05/08
-32	;	40,0086	;	2075,7000	;	1747,8629	;	15/05/08
-31	;	41,6626	;	2254,3000	;	1849,1503	;	16/05/08
-28	;	42,2884	;	2418,5000	;	1963,0202	;	19/05/08
-27	;	41,2335	;	2435,4000	;	2057,4962	;	20/05/08
-26	;	39,6957	;	2298,3000	;	2105,6570	;	21/05/08
-24	;	39,6509	;	2161,1000	;	2116,7456	;	23/05/08
-21	;	39,8968	;	2048,6000	;	2103,1165	;	26/05/08
-20	;	39,1147	;	1874,7000	;	2057,4332	;	27/05/08
-19	;	40,0086	;	1788,3000	;	2003,6066	;	28/05/08
-18	;	39,1100	;	1628,6000	;	1928,6053	;	29/05/08
-17	;	39,1147	;	1485,3000	;	1839,9442	;	30/05/08
-14	;	38,8912	;	1338,2000	;	1739,5954	;	02/06/08
-13	;	38,4441	;	1172,1000	;	1626,0963	;	03/06/08
-12	;	36,9465	;	909,1000	;	1482,6970	;	04/06/08
-11	;	38,4217	;	810,4000	;	1348,2376	;	05/06/08
-10	;	38,7794	;	752,4000	;	1229,0701	;	06/06/08
-7	;	38,4887	;	675,2000	;	1118,2961	;	09/06/08
-6	;	37,7735	;	549,9000	;	1004,6169	;	10/06/08
-5	;	37,2817	;	406,3000	;	884,9535	;	11/06/08
-4	;	37,5500	;	310,6000	;	770,0828	;	12/06/08
-3	;	37,2505	;	208,2000	;	657,7062	;	13/06/08
0	;	36,9690	;	103,1000	;	546,7850	;	16/06/08
1	;	38,8464	;	169,4000	;	471,3080	;	17/06/08
2	;	37,7735	;	133,8000	;	403,8064	;	18/06/08
3	;	38,1312	;	132,9000	;	349,6251	;	19/06/08
4	;	36,1061	;	-30,9000	;	273,5201	;	20/06/08
7	;	35,0153	;	-245,9000	;	169,6361	;	23/06/08
8	;	34,4253	;	-458,6000	;	43,9889	;	24/06/08
9	;	36,2536	;	-474,1000	;	-59,6289	;	25/06/08
10	;	35,3595	;	-552,2000	;	-158,1431	;	26/06/08
11	;	35,6278	;	-585,7000	;	-243,6545	;	27/06/08
14	;	35,3149	;	-630,3000	;	-320,9836	;	30/06/08
15	;	33,7056	;	-786,4000	;	-414,0669	;	01/07/08
16	;	32,1410	;	-1024,5000	;	-536,1535	;	02/07/08
17	;	30,4870	;	-1331,4000	;	-695,2028	;	03/07/08
18	;	29,9506	;	-1599,5000	;	-876,0622	;	04/07/08
21	;	31,2916	;	-1684,3000	;	-1037,7098	;	07/07/08
22	;	31,1397	;	-1743,7000	;	-1178,9078	;	08/07/08
24	;	32,8607	;	-1633,1000	;	-1269,7462	;	10/07/08
25	;	33,0307	;	-1514,2000	;	-1318,6370	;	11/07/08
28	;	33,0799	;	-1399,9000	;	-1334,8896	;	14/07/08
29	;	32,8831	;	-1310,0000	;	-1329,9117	;	15/07/08
30	;	33,5715	;	-1169,8000	;	-1297,8894	;	16/07/08
31	;	32,0918	;	-1164,7000	;	-1271,2515	;	17/07/08
32	;	31,7298	;	-1176,3000	;	-1252,2612	;	18/07/08
35	;	32,7221	;	-1092,8000	;	-1220,3690	;	21/07/08
36	;	31,5823	;	-1105,9000	;	-1197,4752	;	22/07/08
37	;	31,1710	;	-1136,4000	;	-1185,2602	;	23/07/08
38	;	29,0789	;	-1314,2000	;	-1211,0482	;	24/07/08
39	;	27,9614	;	-1527,7000	;	-1274,3786	;	25/07/08
42	;	28,1402	;	-1663,3000	;	-1352,1629	;	28/07/08
43	;	29,1907	;	-1666,8000	;	-1415,0903	;	29/07/08
44	;	31,6493	;	-1454,3000	;	-1422,9322	;	30/07/08
45	;	30,8447	;	-1335,5000	;	-1405,4458	;	31/07/08
46	;	29,1683	;	-1360,9000	;	-1396,5366	;	01/08/08
49	;	27,2237	;	-1520,5000	;	-1421,3293	;	04/08/08
50	;	27,4919	;	-1606,8000	;	-1458,4234	;	05/08/08
51	;	27,3579	;	-1666,8000	;	-1500,0987	;	06/08/08
52	;	27,3355	;	-1696,6000	;	-1539,3990	;	07/08/08
53	;	26,8616	;	-1738,4000	;	-1579,1992	;	08/08/08
56	;	25,7709	;	-1838,4000	;	-1631,0394	;	11/08/08
57	;	24,9888	;	-1958,1000	;	-1696,4515	;	12/08/08
58	;	25,1719	;	-2015,1000	;	-1760,1812	;	13/08/08
59	;	25,0333	;	-2047,7000	;	-1817,6850	;	14/08/08
60	;	24,0946	;	-2124,9000	;	-1879,1280	;	15/08/08
63	;	23,5582	;	-2203,9000	;	-1944,0824	;	18/08/08
64	;	23,5314	;	-2242,8000	;	-2003,8259	;	19/08/08
65	;	25,0787	;	-2124,3000	;	-2027,9207	;	20/08/08
66	;	25,9316	;	-1939,2000	;	-2010,1766	;	21/08/08
67	;	25,5439	;	-1803,0000	;	-1968,7413	;	22/08/08
70	;	25,0878	;	-1712,2000	;	-1917,4330	;	25/08/08
71	;	24,7000	;	-1652,4000	;	-1864,4264	;	26/08/08
72	;	25,3158	;	-1537,6000	;	-1799,0611	;	27/08/08
73	;	25,7674	;	-1394,2000	;	-1718,0889	;	28/08/08
74	;	26,0913	;	-1240,1000	;	-1622,4911	;	29/08/08
77	;	25,9545	;	-1116,1000	;	-1521,2129	;	01/09/08
78	;	24,3123	;	-1137,2000	;	-1444,4103	;	02/09/08
79	;	23,3452	;	-1218,0000	;	-1399,1282	;	03/09/08
80	;	22,0087	;	-1374,1000	;	-1394,1226	;	04/09/08
81	;	21,8948	;	-1489,7000	;	-1413,2381	;	05/09/08
84	;	21,5754	;	-1588,9000	;	-1448,3705	;	08/09/08
85	;	19,7053	;	-1797,6000	;	-1518,2164	;	09/09/08
86	;	20,1159	;	-1907,9000	;	-1596,1531	;	10/09/08
87	;	20,3484	;	-1954,0000	;	-1667,7225	;	11/09/08
88	;	20,9825	;	-1917,3000	;	-1717,6380	;	12/09/08
91	;	19,4818	;	-1986,5000	;	-1771,4104	;	15/09/08
92	;	19,2081	;	-2039,8000	;	-1825,0883	;	16/09/08
93	;	17,3288	;	-2208,3000	;	-1901,7306	;	17/09/08
94	;	18,1545	;	-2249,2000	;	-1971,2245	;	18/09/08
95	;	21,4387	;	-1993,7000	;	-1975,7196	;	19/09/08
98	;	21,3930	;	-1774,4000	;	-1935,4557	;	22/09/08
99	;	20,1386	;	-1682,4000	;	-1884,8446	;	23/09/08
100	;	19,7783	;	-1620,0000	;	-1831,8757	;	24/09/08
101	;	21,0281	;	-1452,9000	;	-1756,0806	;	25/09/08
102	;	20,8320	;	-1321,1000	;	-1669,0845	;	26/09/08
105	;	17,7576	;	-1448,1000	;	-1624,8876	;	29/09/08
106	;	18,4783	;	-1473,5000	;	-1594,6101	;	30/09/08
107	;	18,0266	;	-1512,7000	;	-1578,2281	;	01/10/08
108	;	16,3755	;	-1657,8000	;	-1594,1425	;	02/10/08
109	;	15,6457	;	-1810,9000	;	-1637,4940	;	03/10/08
112	;	13,9123	;	-2048,5000	;	-1719,6952	;	06/10/08
113	;	13,1734	;	-2270,2000	;	-1829,7962	;	07/10/08
114	;	12,0877	;	-2504,7000	;	-1964,7770	;	08/10/08
115	;	12,1790	;	-2652,6000	;	-2102,3416	;	09/10/08
116	;	12,3158	;	-2727,3000	;	-2227,3333	;	10/10/08
119	;	13,9123	;	-2627,4000	;	-2307,3466	;	13/10/08
120	;	14,3228	;	-2486,5000	;	-2343,1773	;	14/10/08
121	;	12,2428	;	-2513,6000	;	-2377,2618	;	15/10/08
122	;	12,4298	;	-2491,3000	;	-2400,0694	;	16/10/08
123	;	12,5440	;	-2436,4000	;	-2407,3355	;	17/10/08
126	;	13,6842	;	-2274,6000	;	-2380,7884	;	20/10/08
127	;	13,5109	;	-2135,7000	;	-2331,7707	;	21/10/08
128	;	11,7685	;	-2141,6000	;	-2293,7366	;	22/10/08
129	;	11,5495	;	-2139,3000	;	-2262,8493	;	23/10/08
130	;	10,9018	;	-2164,8000	;	-2243,2394	;	24/10/08
133	;	10,3772	;	-2202,0000	;	-2234,9915	;	27/10/08
134	;	12,0742	;	-2070,7000	;	-2202,1332	;	28/10/08
135	;	12,7720	;	-1888,5000	;	-2139,4066	;	29/10/08
136	;	13,6842	;	-1651,4000	;	-2041,8053	;	30/10/08
137	;	12,7720	;	-1519,7000	;	-1937,3842	;	31/10/08
140	;	12,6215	;	-1411,1000	;	-1832,1274	;	03/11/08
141	;	13,0912	;	-1272,5000	;	-1720,2019	;	04/11/08
142	;	11,9372	;	-1241,4000	;	-1624,4415	;	05/11/08
143	;	11,1754	;	-1263,7000	;	-1552,2932	;	06/11/08
144	;	10,9520	;	-1284,6000	;	-1498,7546	;	07/11/08
147	;	11,0523	;	-1278,3000	;	-1454,6637	;	10/11/08
148	;	11,0614	;	-1258,1000	;	-1415,3510	;	11/11/08
149	;	10,0352	;	-1309,8000	;	-1394,2408	;	12/11/08
150	;	10,4319	;	-1303,7000	;	-1376,1326	;	13/11/08
151	;	9,9439	;	-1323,0000	;	-1365,5061	;	14/11/08
154	;	9,8709	;	-1328,9000	;	-1358,1849	;	17/11/08
155	;	9,7387	;	-1329,0000	;	-1352,3479	;	18/11/08
156	;	9,1821	;	-1358,3000	;	-1353,5383	;	19/11/08
158	;	8,7351	;	-1401,5000	;	-1363,1306	;	21/11/08
161	;	9,9668	;	-1321,0000	;	-1354,7045	;	24/11/08
162	;	10,2404	;	-1221,1000	;	-1327,9836	;	25/11/08
163	;	10,7148	;	-1091,0000	;	-1280,5869	;	26/11/08
164	;	10,6280	;	-983,6000	;	-1221,1895	;	27/11/08
165	;	10,6600	;	-885,7000	;	-1154,0916	;	28/11/08
168	;	10,3088	;	-827,0000	;	-1088,6733	;	01/12/08
169	;	10,1629	;	-783,2000	;	-1027,5786	;	02/12/08
170	;	10,2404	;	-733,7000	;	-968,8029	;	03/12/08
171	;	10,3088	;	-681,1000	;	-911,2623	;	04/12/08
172	;	10,1263	;	-646,7000	;	-858,3498	;	05/12/08
175	;	11,6863	;	-487,9000	;	-784,2598	;	08/12/08
176	;	11,9509	;	-336,8000	;	-694,7678	;	09/12/08
177	;	12,4526	;	-174,6000	;	-590,7342	;	10/12/08
178	;	12,4983	;	-41,9000	;	-480,9674	;	11/12/08
179	;	12,5393	;	65,9000	;	-371,5939	;	12/12/08
182	;	12,2245	;	124,4000	;	-272,3951	;	15/12/08
183	;	12,9910	;	230,0000	;	-171,9161	;	16/12/08
184	;	13,0001	;	310,8000	;	-75,3729	;	17/12/08
185	;	13,0456	;	374,2000	;	14,5417	;	18/12/08
186	;	13,0229	;	417,9000	;	95,2134	;	19/12/08
189	;	12,3067	;	390,2000	;	154,2107	;	22/12/08
190	;	11,4720	;	297,4000	;	182,8486	;	23/12/08
193	;	11,5860	;	230,4000	;	192,3589	;	26/12/08
196	;	12,2885	;	231,3000	;	200,1471	;	29/12/08
197	;	12,4655	;	243,5000	;	208,8177	;	30/12/08
200	;	13,4948	;	332,4000	;	233,5342	;	02/01/09
203	;	14,3832	;	469,1000	;	280,6474	;	05/01/09
204	;	14,6512	;	592,3000	;	342,9779	;	06/01/09
205	;	14,1246	;	640,1000	;	402,4023	;	07/01/09
206	;	14,7076	;	716,7000	;	465,2618	;	08/01/09
207	;	14,4349	;	746,9000	;	521,5894	;	09/01/09
210	;	13,8427	;	714,8000	;	560,2315	;	12/01/09
211	;	13,7863	;	676,9000	;	583,5652	;	13/01/09
212	;	13,1800	;	591,1000	;	585,0722	;	14/01/09
213	;	13,6547	;	555,0000	;	579,0578	;	15/01/09
214	;	14,0730	;	553,8000	;	574,0062	;	16/01/09
217	;	13,9838	;	539,4000	;	567,0850	;	19/01/09
218	;	13,3022	;	467,7000	;	547,2080	;	20/01/09
219	;	13,8192	;	447,3000	;	527,2264	;	21/01/09
220	;	13,8756	;	430,8000	;	507,9411	;	22/01/09
221	;	13,3022	;	367,2000	;	479,7929	;	23/01/09
224	;	12,9167	;	282,4000	;	440,3143	;	26/01/09
225	;	12,9684	;	216,9000	;	395,6314	;	27/01/09
226	;	13,6688	;	219,0000	;	360,3051	;	28/01/09
227	;	13,7253	;	222,6000	;	332,7641	;	29/01/09
228	;	13,5653	;	210,1000	;	308,2313	;	30/01/09
231	;	13,2129	;	169,8000	;	280,5450	;	02/02/09
232	;	13,3068	;	143,9000	;	253,2160	;	03/02/09
233	;	14,0072	;	177,8000	;	238,1328	;	04/02/09
234	;	14,5195	;	243,2000	;	239,1462	;	05/02/09
235	;	15,0460	;	333,7000	;	258,0570	;	06/02/09
238	;	14,3597	;	346,0000	;	275,6456	;	09/02/09
239	;	13,8662	;	312,3000	;	282,9765	;	10/02/09
240	;	13,4760	;	251,3000	;	276,6412	;	11/02/09
241	;	13,2552	;	182,9000	;	257,8930	;	12/02/09
242	;	13,6782	;	161,1000	;	238,5344	;	13/02/09
245	;	13,5090	;	128,6000	;	216,5475	;	16/02/09
246	;	12,9026	;	53,3000	;	183,8980	;	17/02/09
247	;	13,0671	;	6,8000	;	148,4784	;	18/02/09
248	;	13,0484	;	-31,1000	;	112,5627	;	19/02/09
249	;	12,6911	;	-89,0000	;	72,2502	;	20/02/09
254	;	12,3198	;	-163,0000	;	25,2002	;	25/02/09
255	;	12,3105	;	-219,9000	;	-23,8198	;	26/02/09
256	;	12,1881	;	-271,7000	;	-73,3958	;	27/02/09
259	;	11,5160	;	-362,8000	;	-131,2766	;	02/03/09
260	;	11,5629	;	-426,3000	;	-190,2813	;	03/03/09
261	;	12,5030	;	-396,2000	;	-231,4650	;	04/03/09
262	;	11,7322	;	-429,6000	;	-271,0920	;	05/03/09
263	;	11,6539	;	-457,1000	;	-308,2936	;	06/03/09
266	;	11,1599	;	-512,9000	;	-349,2149	;	09/03/09
267	;	11,8553	;	-495,2000	;	-378,4119	;	10/03/09
268	;	11,7978	;	-480,3000	;	-398,7895	;	11/03/09
269	;	11,7595	;	-466,3000	;	-412,2916	;	12/03/09
270	;	11,7498	;	-450,8000	;	-419,9933	;	13/03/09
273	;	11,3182	;	-467,9000	;	-429,5746	;	16/03/09
274	;	11,1743	;	-487,4000	;	-441,1397	;	17/03/09
275	;	11,2702	;	-489,5000	;	-450,8118	;	18/03/09
276	;	11,9897	;	-428,1000	;	-446,2694	;	19/03/09
277	;	12,3541	;	-346,1000	;	-426,2355	;	20/03/09
280	;	13,1119	;	-217,5000	;	-384,4884	;	23/03/09
281	;	12,9489	;	-127,2000	;	-333,0307	;	24/03/09
282	;	13,3325	;	-24,5000	;	-271,3246	;	25/03/09
283	;	14,2581	;	130,1000	;	-191,0397	;	26/03/09
284	;	14,3635	;	258,2000	;	-101,1918	;	27/03/09
287	;	13,5004	;	286,8000	;	-23,5934	;	30/03/09
288	;	14,1477	;	357,5000	;	52,6253	;	31/03/09
289	;	14,3827	;	427,6000	;	127,6202	;	01/04/09
290	;	15,2748	;	548,8000	;	211,8562	;	02/04/09
291	;	15,2556	;	636,0000	;	296,6850	;	03/04/09
294	;	15,0590	;	681,4000	;	373,6280	;	06/04/09
295	;	14,8143	;	689,7000	;	436,8424	;	07/04/09
296	;	14,9631	;	700,1000	;	489,4939	;	08/04/09
297	;	15,2028	;	719,4000	;	535,4751	;	09/04/09
298	;	15,2028	;	726,4000	;	573,6601	;	10/04/09
301	;	15,1069	;	715,9000	;	602,1081	;	13/04/09
302	;	14,7712	;	672,8000	;	616,2465	;	14/04/09
303	;	15,0110	;	650,4000	;	623,0772	;	15/04/09
304	;	15,9702	;	702,1000	;	638,8818	;	16/04/09
305	;	16,6464	;	788,5000	;	668,8054	;	17/04/09
308	;	15,8359	;	782,5000	;	691,5443	;	20/04/09
310	;	16,0709	;	787,6000	;	710,7554	;	22/04/09
311	;	16,2819	;	799,5000	;	728,5043	;	23/04/09
312	;	16,1907	;	792,5000	;	741,3034	;	24/04/09
315	;	15,2892	;	706,0000	;	734,2427	;	27/04/09
316	;	15,0351	;	610,0000	;	709,3942	;	28/04/09
317	;	15,2748	;	546,9000	;	676,8954	;	29/04/09
318	;	15,4426	;	504,6000	;	642,4363	;	30/04/09
322	;	16,3970	;	541,8000	;	622,3090	;	04/05/09
323	;	16,3586	;	561,8000	;	610,2072	;	05/05/09
324	;	16,5984	;	590,1000	;	606,1858	;	06/05/09
325	;	16,2771	;	579,9000	;	600,9286	;	07/05/09
326	;	16,7854	;	605,9000	;	601,9229	;	08/05/09
329	;	17,2170	;	653,8000	;	612,2983	;	11/05/09
330	;	16,6655	;	639,9000	;	617,8186	;	12/05/09
331	;	16,0229	;	570,5000	;	608,3549	;	13/05/09
332	;	15,3947	;	459,4000	;	578,5639	;	14/05/09
333	;	15,3228	;	361,4000	;	535,1311	;	15/05/09
336	;	16,2099	;	351,3000	;	498,3649	;	18/05/09
337	;	16,8813	;	392,9000	;	477,2719	;	19/05/09
338	;	17,1308	;	441,0000	;	470,0175	;	20/05/09
339	;	16,6320	;	433,9000	;	462,7940	;	21/05/09
340	;	16,6177	;	422,2000	;	454,6752	;	22/05/09
343	;	16,9581	;	435,4000	;	450,8202	;	25/05/09
344	;	17,1500	;	456,1000	;	451,8762	;	26/05/09
345	;	17,1836	;	469,8000	;	455,4610	;	27/05/09
346	;	17,8166	;	525,6000	;	469,4888	;	28/05/09
347	;	18,9436	;	653,3000	;	506,2510	;	29/05/09
350	;	19,5478	;	794,1000	;	563,8208	;	01/06/09
351	;	19,7494	;	911,4000	;	633,3366	;	02/06/09
352	;	18,8716	;	922,9000	;	691,2493	;	03/06/09
353	;	19,0395	;	934,8000	;	739,9594	;	04/06/09
354	;	19,3513	;	958,4000	;	783,6475	;	05/06/09
357	;	19,8789	;	1008,0000	;	828,5180	;	08/06/09
358	;	19,6151	;	1014,3000	;	865,6744	;	09/06/09
359	;	19,6725	;	1012,3000	;	894,9995	;	10/06/09
361	;	19,9988	;	1025,2000	;	921,0396	;	12/06/09
364	;	19,3033	;	968,2000	;	930,4717	;	15/06/09
365	;	18,6271	;	858,5000	;	916,0774	;	16/06/09
366	;	18,5983	;	760,5000	;	884,9619	;	17/06/09
367	;	18,6318	;	677,7000	;	843,5095	;	18/06/09
368	;	18,7709	;	616,3000	;	798,0676	;	19/06/09
371	;	17,9173	;	493,0000	;	737,0541	;	22/06/09
372	;	18,2962	;	421,0000	;	673,8433	;	23/06/09
373	;	18,6080	;	384,7000	;	616,0146	;	24/06/09
374	;	19,6631	;	436,0000	;	580,0117	;	25/06/09
375	;	19,8309	;	484,7000	;	560,9494	;	26/06/09
378	;	20,5742	;	576,6000	;	564,0795	;	29/06/09
379	;	19,9556	;	592,6000	;	569,7836	;	30/06/09
380	;	20,4783	;	640,1000	;	583,8469	;	01/07/09
381	;	19,8069	;	616,5000	;	590,3775	;	02/07/09
382	;	19,5336	;	569,2000	;	586,1420	;	03/07/09
385	;	19,6582	;	535,6000	;	576,0336	;	06/07/09
386	;	19,0683	;	456,1000	;	552,0469	;	07/07/09
387	;	18,7758	;	365,3000	;	514,6975	;	08/07/09
388	;	18,7758	;	290,0000	;	469,7580	;	09/07/09
389	;	18,0276	;	168,0000	;	409,4064	;	10/07/09
392	;	17,0300	;	-9,1000	;	325,7051	;	13/07/09
393	;	16,9581	;	-153,5000	;	229,8641	;	14/07/09
394	;	17,7639	;	-200,6000	;	143,7713	;	15/07/09
395	;	18,2243	;	-198,5000	;	75,3170	;	16/07/09
396	;	18,4640	;	-175,5000	;	25,1536	;	17/07/09
399	;	18,9579	;	-116,0000	;	-3,0771	;	20/07/09
400	;	19,6486	;	-13,0000	;	-5,0617	;	21/07/09
401	;	19,9076	;	88,5000	;	13,6506	;	22/07/09
402	;	20,6221	;	224,0000	;	55,7205	;	23/07/09
403	;	20,0850	;	284,8000	;	101,5364	;	24/07/09
406	;	20,0659	;	327,6000	;	146,7491	;	27/07/09
407	;	20,6221	;	401,8000	;	197,7593	;	28/07/09
408	;	20,3344	;	432,5000	;	244,7074	;	29/07/09
409	;	21,0682	;	510,1000	;	297,7859	;	30/07/09
410	;	21,2360	;	578,5000	;	353,9287	;	31/07/09
413	;	21,8451	;	674,0000	;	417,9430	;	03/08/09
414	;	21,6239	;	723,5000	;	479,0544	;	04/08/09
415	;	21,6722	;	758,0000	;	534,8435	;	05/08/09
416	;	21,7925	;	785,9000	;	585,0548	;	06/08/09
417	;	22,3127	;	840,3000	;	636,1038	;	07/08/09
420	;	22,6161	;	897,6000	;	688,4030	;	10/08/09
421	;	22,5969	;	930,7000	;	736,8624	;	11/08/09
422	;	23,3626	;	1007,1000	;	790,9099	;	12/08/09
423	;	24,1283	;	1116,6000	;	856,0479	;	13/08/09
424	;	23,4108	;	1132,4000	;	911,3183	;	14/08/09
427	;	22,5776	;	1065,4000	;	942,1346	;	17/08/09
428	;	22,2019	;	970,8000	;	947,8677	;	18/08/09
429	;	22,0092	;	870,3000	;	932,3542	;	19/08/09
430	;	22,5631	;	825,8000	;	911,0434	;	20/08/09
431	;	23,2614	;	837,2000	;	896,2747	;	21/08/09
434	;	22,8088	;	800,5000	;	877,1198	;	24/08/09
435	;	22,4668	;	735,3000	;	848,7558	;	25/08/09
436	;	22,1875	;	653,6000	;	809,7246	;	26/08/09
437	;	22,1539	;	579,5000	;	763,6797	;	27/08/09
438	;	21,9226	;	496,3000	;	710,2038	;	28/08/09
441	;	21,3351	;	378,7000	;	643,9030	;	31/08/09
442	;	21,0221	;	257,2000	;	566,5624	;	01/09/09
443	;	20,7089	;	134,1000	;	480,0699	;	02/09/09
444	;	20,8390	;	46,5000	;	393,3559	;	03/09/09
445	;	21,1906	;	5,4000	;	315,7647	;	04/09/09
449	;	22,0719	;	43,4000	;	261,2918	;	08/09/09
450	;	21,7925	;	50,4000	;	219,1134	;	09/09/09
451	;	21,7685	;	53,4000	;	185,9707	;	10/09/09
452	;	21,5758	;	39,8000	;	156,7366	;	11/09/09
455	;	21,6433	;	34,0000	;	132,1893	;	14/09/09
456	;	21,7878	;	40,7000	;	113,8914	;	15/09/09
457	;	22,6305	;	112,7000	;	113,6531	;	16/09/09
458	;	22,5198	;	158,9000	;	122,7025	;	17/09/09
459	;	22,6354	;	202,6000	;	138,6820	;	18/09/09
462	;	22,6642	;	236,8000	;	158,3056	;	21/09/09
463	;	22,9339	;	282,4000	;	183,1245	;	22/09/09
464	;	22,5872	;	287,2000	;	203,9396	;	23/09/09
465	;	22,4475	;	276,6000	;	218,4717	;	24/09/09
466	;	22,5872	;	276,3000	;	230,0374	;	25/09/09
469	;	22,7125	;	282,9000	;	240,6099	;	28/09/09
470	;	22,5969	;	275,6000	;	247,6079	;	29/09/09
471	;	22,4957	;	258,6000	;	249,8063	;	30/09/09
472	;	22,0768	;	209,0000	;	241,6450	;	01/10/09
473	;	22,2983	;	185,4000	;	230,3960	;	02/10/09
476	;	22,6354	;	191,7000	;	222,6568	;	05/10/09
477	;	22,5391	;	186,8000	;	215,4854	;	06/10/09
478	;	22,8762	;	207,7000	;	213,9283	;	07/10/09
479	;	23,5505	;	275,5000	;	226,2426	;	08/10/09
480	;	23,9308	;	355,9000	;	252,1741	;	09/10/09
483	;	23,9308	;	414,8000	;	284,6993	;	12/10/09
484	;	24,2054	;	478,1000	;	323,3794	;	13/10/09
485	;	25,4287	;	619,8000	;	382,6635	;	14/10/09
486	;	25,6213	;	739,1000	;	453,9508	;	15/10/09
487	;	25,2361	;	793,5000	;	521,8606	;	16/10/09
490	;	26,1029	;	896,2000	;	596,7285	;	19/10/09
491	;	25,1157	;	887,7000	;	654,9228	;	20/10/09
492	;	25,1446	;	873,2000	;	698,5782	;	21/10/09
493	;	25,0386	;	843,5000	;	727,5626	;	22/10/09
494	;	24,5667	;	772,9000	;	736,6301	;	23/10/09
497	;	24,6100	;	712,3000	;	731,7641	;	26/10/09
498	;	23,5263	;	570,2000	;	699,4513	;	27/10/09
499	;	22,0092	;	331,3000	;	625,8210	;	28/10/09
500	;	22,6642	;	192,6000	;	539,1768	;	29/10/09
501	;	22,1539	;	41,1000	;	439,5614	;	30/10/09
505	;	22,1104	;	-81,6000	;	335,3291	;	03/11/09
506	;	22,3463	;	-158,0000	;	236,6633	;	04/11/09
507	;	22,5872	;	-196,8000	;	149,9706	;	05/11/09
508	;	23,0207	;	-190,4000	;	81,8965	;	06/11/09
511	;	23,7816	;	-122,5000	;	41,0172	;	09/11/09
512	;	24,0078	;	-49,9000	;	22,8338	;	10/11/09
513	;	24,0321	;	9,5000	;	20,1670	;	11/11/09
514	;	23,1170	;	-17,0000	;	12,7336	;	12/11/09
515	;	23,5986	;	0,8000	;	10,3469	;	13/11/09
518	;	24,1765	;	60,8000	;	20,4375	;	16/11/09
519	;	24,1765	;	107,2000	;	37,7900	;	17/11/09
520	;	24,0657	;	133,4000	;	56,9120	;	18/11/09
521	;	23,8008	;	131,4000	;	71,8096	;	19/11/09
522	;	23,8008	;	128,2000	;	83,0877	;	20/11/09
525	;	23,7430	;	119,7000	;	90,4102	;	23/11/09
526	;	24,2150	;	149,3000	;	102,1882	;	24/11/09
527	;	24,8026	;	217,7000	;	125,2906	;	25/11/09
528	;	24,3210	;	230,3000	;	146,2925	;	26/11/09
529	;	24,2969	;	235,7000	;	164,1740	;	27/11/09
532	;	24,6581	;	266,1000	;	184,5592	;	30/11/09
533	;	24,8316	;	300,7000	;	207,7874	;	01/12/09
534	;	24,8748	;	327,8000	;	231,7899	;	02/12/09
535	;	24,7545	;	335,7000	;	252,5719	;	03/12/09
536	;	24,6341	;	328,5000	;	267,7575	;	04/12/09
539	;	25,0290	;	350,6000	;	284,3260	;	07/12/09
540	;	24,2246	;	299,7000	;	287,4008	;	08/12/09
541	;	23,8393	;	225,7000	;	275,0606	;	09/12/09
542	;	23,9165	;	171,4000	;	254,3285	;	10/12/09
543	;	24,3306	;	159,8000	;	235,4228	;	11/12/09
546	;	24,2728	;	144,3000	;	217,1982	;	14/12/09
547	;	24,2535	;	129,0000	;	199,5586	;	15/12/09
548	;	23,7816	;	77,9000	;	175,2269	;	16/12/09
549	;	23,5505	;	18,5000	;	143,8815	;	17/12/09
550	;	23,0447	;	-68,6000	;	101,3852	;	18/12/09
553	;	22,4908	;	-180,2000	;	45,0682	;	21/12/09
554	;	23,1410	;	-213,7000	;	-6,6854	;	22/12/09
555	;	23,2663	;	-227,5000	;	-50,8483	;	23/12/09
560	;	23,5023	;	-216,9000	;	-84,0586	;	28/12/09
561	;	23,9646	;	-169,2000	;	-101,0869	;	29/12/09
562	;	24,1033	;	-118,8000	;	-104,6295	;	30/12/09
567	;	24,8890	;	-15,4000	;	-86,7836	;	04/01/10
568	;	24,9622	;	71,7000	;	-55,0869	;	05/01/10
569	;	24,9379	;	137,2000	;	-16,6295	;	06/01/10
570	;	25,1721	;	205,6000	;	27,8164	;	07/01/10
571	;	24,8158	;	228,4000	;	67,9331	;	08/01/10
574	;	24,8842	;	249,1000	;	104,1665	;	11/01/10
575	;	24,2057	;	208,4000	;	125,0132	;	12/01/10
576	;	24,2546	;	178,0000	;	135,6106	;	13/01/10
577	;	24,3912	;	163,0000	;	141,0885	;	14/01/10
578	;	24,5475	;	161,9000	;	145,2508	;	15/01/10
581	;	24,4498	;	151,4000	;	146,4806	;	18/01/10
582	;	24,6939	;	160,9000	;	149,3645	;	19/01/10
583	;	23,7617	;	92,1000	;	137,9116	;	20/01/10
584	;	22,5953	;	-55,9000	;	99,1493	;	21/01/10
585	;	22,6930	;	-163,3000	;	46,6594	;	22/01/10
589	;	22,7125	;	-244,1000	;	-11,4925	;	26/01/10
590	;	23,1809	;	-267,2000	;	-62,6340	;	27/01/10
591	;	23,7421	;	-237,5000	;	-97,6072	;	28/01/10
592	;	24,2057	;	-174,6000	;	-113,0058	;	29/01/10
595	;	24,6011	;	-91,8000	;	-108,7646	;	01/02/10
596	;	24,6889	;	-18,8000	;	-90,7717	;	02/02/10
597	;	24,4986	;	23,4000	;	-67,9374	;	03/02/10
598	;	23,5470	;	-19,7000	;	-58,2899	;	04/02/10
599	;	23,2785	;	-74,7000	;	-61,5719	;	05/02/10
602	;	22,9370	;	-144,1000	;	-78,0775	;	08/02/10
603	;	23,1078	;	-183,3000	;	-99,1220	;	09/02/10
604	;	22,9370	;	-225,5000	;	-124,3976	;	10/02/10
605	;	22,9127	;	-258,0000	;	-151,1181	;	11/02/10
606	;	22,5221	;	-311,6000	;	-183,2145	;	12/02/10
611	;	23,5763	;	-266,0000	;	-199,7716	;	17/02/10
612	;	24,0594	;	-188,7000	;	-197,5573	;	18/02/10
613	;	24,1570	;	-118,2000	;	-181,6858	;	19/02/10
616	;	24,0106	;	-73,3000	;	-160,0086	;	22/02/10
617	;	23,5957	;	-70,4000	;	-142,0869	;	23/02/10
618	;	23,0834	;	-108,2000	;	-135,3095	;	24/02/10
619	;	24,2790	;	-41,2000	;	-116,4876	;	25/02/10
620	;	25,0452	;	72,9000	;	-78,6101	;	26/02/10
623	;	25,3771	;	188,0000	;	-25,2881	;	01/03/10
624	;	25,3771	;	276,0000	;	34,9695	;	02/03/10
625	;	25,1331	;	322,4000	;	92,4556	;	03/03/10
626	;	25,6210	;	393,9000	;	152,7445	;	04/03/10
627	;	26,4702	;	513,3000	;	224,8556	;	05/03/10
630	;	26,6849	;	618,0000	;	303,4845	;	08/03/10
631	;	27,6219	;	767,8000	;	396,3476	;	09/03/10
632	;	27,8171	;	891,9000	;	495,4581	;	10/03/10
633	;	27,6219	;	963,5000	;	589,0665	;	11/03/10
634	;	27,1340	;	969,7000	;	665,1932	;	12/03/10
637	;	27,1485	;	964,6000	;	725,0746	;	15/03/10
638	;	27,7683	;	999,1000	;	779,8797	;	16/03/10
639	;	27,6171	;	1002,7000	;	824,4438	;	17/03/10
640	;	27,3779	;	975,0000	;	854,5550	;	18/03/10
641	;	27,0364	;	914,9000	;	866,6240	;	19/03/10
644	;	26,7435	;	834,1000	;	860,1192	;	22/03/10
645	;	27,3047	;	806,0000	;	849,2954	;	23/03/10
646	;	27,5732	;	796,2000	;	838,6763	;	24/03/10
647	;	27,5701	;	779,2000	;	826,7810	;	25/03/10
648	;	27,7952	;	775,0000	;	816,4248	;	26/03/10
651	;	29,3855	;	889,8000	;	831,0998	;	29/03/10
652	;	29,5079	;	979,3000	;	860,7398	;	30/03/10
653	;	29,8113	;	1062,5000	;	901,0918	;	31/03/10
654	;	30,7802	;	1192,8000	;	959,4334	;	01/04/10
658	;	30,8585	;	1287,6000	;	1025,0667	;	05/04/10
659	;	29,8259	;	1264,8000	;	1073,0134	;	06/04/10
660	;	29,3366	;	1193,4000	;	1097,0907	;	07/04/10
661	;	29,9629	;	1173,9000	;	1112,4526	;	08/04/10
662	;	29,9483	;	1144,1000	;	1118,7821	;	09/04/10
665	;	29,6302	;	1082,3000	;	1111,4857	;	12/04/10
666	;	30,2566	;	1071,5000	;	1103,4886	;	13/04/10
667	;	30,0951	;	1038,0000	;	1090,3909	;	14/04/10
668	;	29,4003	;	944,5000	;	1061,2127	;	15/04/10
669	;	29,4051	;	860,9000	;	1021,1502	;	16/04/10
672	;	28,6614	;	726,2000	;	962,1602	;	19/04/10
673	;	28,5537	;	603,8000	;	890,4882	;	20/04/10
675	;	28,6760	;	510,8000	;	814,5506	;	22/04/10
676	;	28,5928	;	425,5000	;	736,7405	;	23/04/10
679	;	28,5048	;	346,8000	;	658,7524	;	26/04/10
680	;	27,5015	;	201,1000	;	567,2219	;	27/04/10
681	;	27,6973	;	100,3000	;	473,8375	;	28/04/10
682	;	28,3971	;	76,0000	;	394,2700	;	29/04/10
683	;	27,4575	;	-18,9000	;	311,6360	;	30/04/10
686	;	26,9828	;	-130,8000	;	223,1488	;	03/05/10
687	;	26,2293	;	-277,1000	;	123,0990	;	04/05/10
688	;	25,9455	;	-411,3000	;	16,2192	;	05/05/10
689	;	25,1772	;	-573,0000	;	-101,6246	;	06/05/10
690	;	24,6193	;	-737,7000	;	-228,8397	;	07/05/10
693	;	26,0335	;	-745,5000	;	-332,1718	;	10/05/10
694	;	25,7888	;	-762,6000	;	-418,2574	;	11/05/10
695	;	25,9455	;	-754,9000	;	-485,5859	;	12/05/10
696	;	25,1037	;	-807,4000	;	-549,9487	;	13/05/10
697	;	24,5410	;	-884,2000	;	-616,7990	;	14/05/10
700	;	23,5672	;	-1012,0000	;	-695,8392	;	17/05/10
701	;	22,5738	;	-1179,8000	;	-792,6314	;	18/05/10
702	;	22,0208	;	-1342,0000	;	-902,5051	;	19/05/10
703	;	21,1155	;	-1526,0000	;	-1027,2041	;	20/05/10
704	;	22,2165	;	-1564,9000	;	-1134,7433	;	21/05/10
707	;	22,1236	;	-1584,9000	;	-1224,7746	;	24/05/10
708	;	21,3700	;	-1642,7000	;	-1308,3597	;	25/05/10
709	;	21,5315	;	-1656,4000	;	-1377,9678	;	26/05/10
710	;	22,4025	;	-1578,8000	;	-1418,1342	;	27/05/10
711	;	22,1676	;	-1518,7000	;	-1438,2474	;	28/05/10
714	;	22,4612	;	-1430,9000	;	-1436,7779	;	31/05/10
715	;	22,0697	;	-1377,0000	;	-1424,8223	;	01/06/10
716	;	22,3878	;	-1293,7000	;	-1398,5978	;	02/06/10
718	;	21,4825	;	-1285,9000	;	-1376,0582	;	04/06/10
721	;	20,5087	;	-1342,8000	;	-1369,4066	;	07/06/10
722	;	20,9051	;	-1340,5000	;	-1363,6253	;	08/06/10
723	;	20,9883	;	-1316,8000	;	-1354,2602	;	09/06/10
724	;	22,2165	;	-1185,3000	;	-1320,4682	;	10/06/10
725	;	22,5151	;	-1044,9000	;	-1265,3546	;	11/06/10
728	;	22,7549	;	-903,8000	;	-1193,0437	;	14/06/10
729	;	23,1218	;	-753,7000	;	-1105,1750	;	15/06/10
730	;	23,0485	;	-633,4000	;	-1010,8200	;	16/06/10
731	;	22,8674	;	-546,3000	;	-917,9160	;	17/06/10
732	;	22,8234	;	-475,4000	;	-829,4128	;	18/06/10
735	;	23,0387	;	-397,3000	;	-742,9902	;	21/06/10
736	;	23,2442	;	-315,1000	;	-657,4122	;	22/06/10
737	;	24,1348	;	-176,1000	;	-561,1498	;	23/06/10
738	;	24,5997	;	-28,1000	;	-454,5398	;	24/06/10
739	;	24,9863	;	119,0000	;	-339,8318	;	25/06/10
742	;	25,2261	;	252,1000	;	-221,4454	;	28/06/10
743	;	24,3208	;	281,2000	;	-120,9163	;	29/06/10
744	;	23,5427	;	238,8000	;	-48,9730	;	30/06/10
745	;	24,1397	;	250,4000	;	10,9016	;	01/07/10
746	;	24,3844	;	276,2000	;	63,9613	;	02/07/10
749	;	24,3452	;	290,1000	;	109,1890	;	05/07/10
750	;	25,0059	;	350,5000	;	157,4512	;	06/07/10
751	;	25,5441	;	436,7000	;	213,3010	;	07/07/10
752	;	25,8965	;	527,3000	;	276,1008	;	08/07/10
756	;	25,4560	;	601,4000	;	391,7525	;	12/07/10
757	;	24,6633	;	538,4000	;	421,0820	;	13/07/10
758	;	23,9048	;	422,4000	;	421,3456	;	14/07/10
759	;	23,6357	;	305,2000	;	398,1165	;	15/07/10
760	;	23,1414	;	170,5000	;	352,5932	;	16/07/10
763	;	23,8363	;	118,5000	;	305,7746	;	19/07/10
764	;	24,7025	;	145,4000	;	273,6997	;	20/07/10
765	;	25,3533	;	216,8000	;	262,3198	;	21/07/10
766	;	25,6909	;	297,2000	;	269,2958	;	22/07/10
767	;	26,0580	;	386,1000	;	292,6566	;	23/07/10
770	;	26,0629	;	451,7000	;	324,4653	;	26/07/10
771	;	26,3271	;	519,0000	;	363,3722	;	27/07/10
772	;	25,9259	;	533,9000	;	397,4778	;	28/07/10
773	;	25,3973	;	497,3000	;	417,4422	;	29/07/10
774	;	24,2131	;	368,5000	;	407,6538	;	30/07/10
777	;	24,4187	;	279,7000	;	382,0630	;	02/08/10
778	;	24,5703	;	219,1000	;	349,4704	;	03/08/10
779	;	25,3729	;	233,2000	;	326,2163	;	04/08/10
780	;	25,1087	;	220,4000	;	305,0530	;	05/08/10
781	;	24,7123	;	176,3000	;	279,3024	;	06/08/10
784	;	24,5312	;	125,3000	;	248,5019	;	09/08/10
785	;	24,2230	;	59,3000	;	210,6615	;	10/08/10
786	;	23,5623	;	-45,8000	;	159,3692	;	11/08/10
787	;	23,9880	;	-93,6000	;	108,7754	;	12/08/10
788	;	23,4645	;	-171,7000	;	52,6803	;	13/08/10
791	;	23,3910	;	-236,9000	;	-5,2358	;	16/08/10
792	;	23,6308	;	-266,1000	;	-57,4086	;	17/08/10
793	;	23,4301	;	-302,0000	;	-106,3269	;	18/08/10
794	;	23,0289	;	-358,6000	;	-156,7815	;	19/08/10
795	;	22,6081	;	-432,5000	;	-211,9252	;	20/08/10
798	;	22,7010	;	-478,0000	;	-265,1402	;	23/08/10
799	;	22,7010	;	-508,2000	;	-313,7522	;	24/08/10
800	;	22,2117	;	-565,1000	;	-364,0218	;	25/08/10
801	;	21,4874	;	-661,1000	;	-423,4374	;	26/08/10
802	;	22,0404	;	-684,6000	;	-475,6699	;	27/08/10
805	;	21,5315	;	-735,8000	;	-527,6959	;	30/08/10
806	;	21,5461	;	-766,4000	;	-575,4367	;	31/08/10
807	;	22,1921	;	-730,1000	;	-606,3694	;	01/09/10
808	;	21,9475	;	-712,8000	;	-627,6555	;	02/09/10
809	;	21,7761	;	-704,9000	;	-643,1044	;	03/09/10
812	;	21,8251	;	-686,7000	;	-651,8235	;	06/09/10
814	;	22,0991	;	-642,8000	;	-650,0188	;	08/09/10
815	;	22,1480	;	-597,2000	;	-639,4550	;	09/09/10
816	;	21,8349	;	-579,6000	;	-627,4840	;	10/09/10
819	;	22,0257	;	-544,0000	;	-610,7872	;	13/09/10
820	;	21,6293	;	-541,5000	;	-596,9298	;	14/09/10
821	;	21,4580	;	-547,1000	;	-586,9638	;	15/09/10
822	;	21,7027	;	-525,7000	;	-574,7110	;	16/09/10
823	;	21,3847	;	-528,3000	;	-565,4288	;	17/09/10
826	;	21,8251	;	-489,2000	;	-550,1830	;	20/09/10
827	;	22,1921	;	-423,7000	;	-524,8864	;	21/09/10
828	;	22,2117	;	-366,0000	;	-493,1091	;	22/09/10
829	;	22,0942	;	-326,0000	;	-459,6873	;	23/09/10
830	;	21,7027	;	-322,2000	;	-432,1898	;	24/09/10
833	;	22,0208	;	-290,1000	;	-403,7718	;	27/09/10
834	;	22,6081	;	-214,8000	;	-365,9774	;	28/09/10
835	;	22,0697	;	-196,4000	;	-332,0619	;	29/09/10
836	;	22,2165	;	-168,0000	;	-299,2495	;	30/09/10
837	;	22,1089	;	-152,4000	;	-269,8796	;	01/10/10
840	;	21,9229	;	-153,3000	;	-246,5637	;	04/10/10
841	;	22,1187	;	-136,6000	;	-224,5710	;	05/10/10
842	;	21,6293	;	-161,0000	;	-211,8568	;	06/10/10
843	;	21,0715	;	-222,8000	;	-214,0454	;	07/10/10
844	;	21,1056	;	-266,0000	;	-224,4363	;	08/10/10
847	;	20,9274	;	-311,0000	;	-241,7490	;	11/10/10
849	;	20,7195	;	-359,3000	;	-265,2592	;	13/10/10
850	;	20,8581	;	-382,0000	;	-288,6074	;	14/10/10
851	;	21,3729	;	-354,3000	;	-301,7459	;	15/10/10
854	;	21,0660	;	-353,1000	;	-312,0167	;	18/10/10
855	;	20,5710	;	-387,6000	;	-327,1334	;	19/10/10
856	;	19,8286	;	-469,4000	;	-355,5867	;	20/10/10
857	;	19,7890	;	-531,3000	;	-390,7294	;	21/10/10
858	;	20,3830	;	-526,4000	;	-417,8635	;	22/10/10
861	;	19,9276	;	-552,9000	;	-444,8708	;	25/10/10
862	;	19,8583	;	-572,9000	;	-470,4766	;	26/10/10
863	;	19,8484	;	-582,8000	;	-492,9413	;	27/10/10
864	;	20,7492	;	-512,0000	;	-496,7530	;	28/10/10
865	;	21,0165	;	-429,4000	;	-483,2824	;	29/10/10
868	;	21,2739	;	-339,2000	;	-454,4659	;	01/11/10
870	;	21,2442	;	-267,1000	;	-416,9927	;	03/11/10
871	;	22,1055	;	-138,8000	;	-361,3542	;	04/11/10
872	;	22,0560	;	-40,7000	;	-297,2234	;	05/11/10
875	;	22,7093	;	88,7000	;	-220,0387	;	08/11/10
876	;	22,2342	;	151,2000	;	-145,7910	;	09/11/10
877	;	22,5311	;	222,1000	;	-72,2128	;	10/11/10
878	;	22,3232	;	258,5000	;	-6,0702	;	11/11/10
879	;	21,9471	;	254,1000	;	45,9638	;	12/11/10
883	;	21,1749	;	178,4000	;	104,7448	;	16/11/10
884	;	21,1254	;	118,0000	;	107,3958	;	17/11/10
885	;	21,4026	;	91,4000	;	104,1966	;	18/11/10
886	;	21,3828	;	68,0000	;	96,9573	;	19/11/10
889	;	20,4820	;	-23,0000	;	72,9658	;	22/11/10
890	;	19,6504	;	-160,3000	;	26,3126	;	23/11/10
891	;	20,0167	;	-236,8000	;	-26,3099	;	24/11/10
892	;	19,7791	;	-313,1000	;	-83,6679	;	25/11/10
893	;	19,1554	;	-419,0000	;	-150,7343	;	26/11/10
896	;	19,0762	;	-503,6000	;	-221,3074	;	29/11/10
897	;	18,5120	;	-609,1000	;	-298,8659	;	30/11/10
898	;	18,7693	;	-664,3000	;	-371,9527	;	01/12/10
899	;	18,7099	;	-704,7000	;	-438,5022	;	02/12/10
900	;	18,5912	;	-737,8000	;	-498,3618	;	03/12/10
903	;	19,2544	;	-702,4000	;	-539,1694	;	06/12/10
904	;	19,2049	;	-670,6000	;	-565,4555	;	07/12/10
905	;	18,7099	;	-677,6000	;	-587,8844	;	08/12/10
906	;	18,6605	;	-679,3000	;	-606,1675	;	09/12/10
907	;	18,9772	;	-647,6000	;	-614,4540	;	10/12/10
910	;	19,7098	;	-557,0000	;	-602,9632	;	13/12/10
911	;	19,3732	;	-506,5000	;	-583,6706	;	14/12/10
912	;	18,9376	;	-495,9000	;	-566,1165	;	15/12/10
913	;	18,8980	;	-485,1000	;	-549,9132	;	16/12/10
914	;	18,9475	;	-467,2000	;	-533,3706	;	17/12/10
917	;	18,7099	;	-466,8000	;	-520,0565	;	20/12/10
918	;	19,2940	;	-414,6000	;	-498,9652	;	21/12/10
919	;	18,9079	;	-399,7000	;	-479,1122	;	22/12/10
920	;	18,7792	;	-393,7000	;	-462,0298	;	23/12/10
924	;	18,5120	;	-405,9000	;	-450,8038	;	27/12/10
925	;	18,1259	;	-441,7000	;	-448,9830	;	28/12/10
926	;	18,6308	;	-424,4000	;	-444,0664	;	29/12/10
927	;	19,1600	;	-363,8000	;	-428,0131	;	30/12/10
931	;	19,1800	;	-310,6000	;	-404,5305	;	03/01/11
932	;	19,9400	;	-204,7000	;	-364,5644	;	04/01/11
933	;	20,4000	;	-82,7000	;	-308,1915	;	05/01/11
934	;	20,2500	;	1,9000	;	-246,1732	;	06/01/11
935	;	20,6000	;	96,0000	;	-177,7386	;	07/01/11
938	;	20,3000	;	144,7000	;	-113,2509	;	10/01/11
939	;	20,6900	;	212,3000	;	-48,1407	;	11/01/11
940	;	20,9000	;	279,6000	;	17,4074	;	12/01/11
941	;	20,2900	;	280,5000	;	70,0259	;	13/01/11
942	;	20,3500	;	282,8000	;	112,5807	;	14/01/11
945	;	20,1900	;	268,7000	;	143,8046	;	17/01/11
946	;	19,9300	;	233,7000	;	161,7837	;	18/01/11
947	;	19,4600	;	166,2000	;	162,6670	;	19/01/11
948	;	19,8000	;	138,5000	;	157,8336	;	20/01/11
949	;	19,7500	;	111,3000	;	148,5269	;	21/01/11
952	;	19,5000	;	68,7000	;	132,5615	;	24/01/11
954	;	18,9100	;	-12,5000	;	103,5492	;	26/01/11
955	;	18,9000	;	-76,7000	;	67,4994	;	27/01/11
956	;	18,7000	;	-142,2000	;	25,5595	;	28/01/11
959	;	19,4300	;	-133,6000	;	-6,2724	;	31/01/11
960	;	20,1400	;	-68,7000	;	-18,7579	;	01/02/11
961	;	19,3000	;	-84,1000	;	-31,8263	;	02/02/11
962	;	19,4700	;	-81,7000	;	-41,8010	;	03/02/11
963	;	18,9500	;	-120,3000	;	-57,5008	;	04/02/11
966	;	19,0300	;	-142,8000	;	-74,5606	;	07/02/11
967	;	19,2500	;	-141,2000	;	-87,8885	;	08/02/11
968	;	18,7800	;	-175,8000	;	-105,4708	;	09/02/11
969	;	19,1000	;	-175,4000	;	-119,4566	;	10/02/11
970	;	19,0500	;	-177,2000	;	-131,0053	;	11/02/11
973	;	18,9400	;	-185,3000	;	-141,8642	;	14/02/11
974	;	18,8000	;	-200,7000	;	-153,6314	;	15/02/11
975	;	19,6400	;	-143,5000	;	-151,6051	;	16/02/11
976	;	20,3000	;	-44,3000	;	-130,1441	;	17/02/11
977	;	21,0300	;	92,1000	;	-85,6953	;	18/02/11
980	;	20,4200	;	149,3000	;	-38,6962	;	21/02/11
981	;	20,0800	;	165,3000	;	2,1030	;	22/02/11
982	;	19,0400	;	93,0000	;	20,2824	;	23/02/11
983	;	18,6500	;	4,1000	;	17,0459	;	24/02/11
984	;	18,6000	;	-69,6000	;	-0,2833	;	25/02/11
987	;	19,0000	;	-94,6000	;	-19,1466	;	28/02/11
988	;	18,3000	;	-169,0000	;	-49,1173	;	01/03/11
989	;	18,9500	;	-173,5000	;	-73,9938	;	02/03/11
990	;	20,0500	;	-87,3000	;	-76,6550	;	03/03/11
991	;	20,8000	;	41,1000	;	-53,1040	;	04/03/11
996	;	20,6500	;	129,3000	;	-16,6232	;	09/03/11
997	;	20,1400	;	156,2000	;	17,9414	;	10/03/11
998	;	21,0800	;	250,4000	;	64,4331	;	11/03/11
