-165	;	38,3554	;	1446,8000	;	1319,5013	;	03/01/08
-164	;	36,4735	;	1240,9000	;	1303,7810	;	04/01/08
-161	;	35,4025	;	979,9000	;	1239,0048	;	07/01/08
-160	;	37,3473	;	919,5000	;	1175,1038	;	08/01/08
-159	;	38,0508	;	917,8000	;	1123,6430	;	09/01/08
-158	;	37,6835	;	876,7000	;	1074,2544	;	10/01/08
-157	;	36,5453	;	743,7000	;	1008,1435	;	11/01/08
-154	;	36,4689	;	625,0000	;	931,5148	;	14/01/08
-153	;	34,8631	;	396,7000	;	824,5518	;	15/01/08
-152	;	33,5501	;	108,6000	;	681,3614	;	16/01/08
-151	;	31,8636	;	-252,9000	;	494,5091	;	17/01/08
-150	;	32,2908	;	-499,2000	;	295,7673	;	18/01/08
-147	;	29,8937	;	-877,8000	;	61,0538	;	21/01/08
-146	;	32,8124	;	-931,5000	;	-137,4570	;	22/01/08
-145	;	32,2504	;	-1007,8000	;	-311,5256	;	23/01/08
-144	;	34,5125	;	-875,7000	;	-424,3605	;	24/01/08
-140	;	36,3699	;	-614,0000	;	-462,2884	;	28/01/08
-139	;	36,3382	;	-404,4000	;	-450,7107	;	29/01/08
-138	;	37,1613	;	-170,0000	;	-394,5686	;	30/01/08
-137	;	36,1585	;	-64,4000	;	-328,5349	;	31/01/08
-136	;	36,7432	;	65,7000	;	-249,6879	;	01/02/08
-131	;	35,4387	;	62,9000	;	-187,1703	;	06/02/08
-130	;	36,5408	;	147,8000	;	-120,1762	;	07/02/08
-129	;	36,7881	;	232,4000	;	-49,6610	;	08/02/08
-126	;	37,4042	;	345,2000	;	29,3112	;	11/02/08
-125	;	37,4806	;	435,7000	;	110,5890	;	12/02/08
-124	;	38,0293	;	545,5000	;	197,5712	;	13/02/08
-123	;	37,5663	;	588,3000	;	275,7170	;	14/02/08
-122	;	37,2377	;	588,9000	;	338,3536	;	15/02/08
-119	;	38,2047	;	659,8000	;	402,6429	;	18/02/08
-118	;	38,3621	;	720,4000	;	466,1943	;	19/02/08
-117	;	38,4522	;	766,9000	;	526,3354	;	20/02/08
-116	;	37,7821	;	741,1000	;	569,2883	;	21/02/08
-115	;	37,9125	;	722,9000	;	600,0106	;	22/02/08
-112	;	37,8900	;	698,5000	;	619,7085	;	25/02/08
-111	;	37,9574	;	676,8000	;	631,1268	;	26/02/08
-110	;	38,5419	;	698,7000	;	644,6414	;	27/02/08
-109	;	38,7445	;	724,1000	;	660,5331	;	28/02/08
-108	;	36,6307	;	567,1000	;	641,8465	;	29/02/08
-105	;	36,3834	;	417,9000	;	597,0572	;	03/03/08
-104	;	35,3714	;	215,5000	;	520,7458	;	04/03/08
-103	;	36,2484	;	124,4000	;	441,4766	;	05/03/08
-102	;	35,5334	;	-5,4000	;	352,1013	;	06/03/08
-101	;	35,1511	;	-137,5000	;	254,1810	;	07/03/08
-98	;	34,4945	;	-291,8000	;	144,9848	;	10/03/08
-97	;	35,8481	;	-301,4000	;	55,7078	;	11/03/08
-96	;	35,6727	;	-319,5000	;	-19,3338	;	12/03/08
-95	;	35,2050	;	-367,4000	;	-88,9470	;	13/03/08
-94	;	34,5125	;	-455,9000	;	-162,3376	;	14/03/08
-91	;	33,2038	;	-624,5000	;	-254,7701	;	17/03/08
-90	;	33,7076	;	-709,3000	;	-345,6761	;	18/03/08
-89	;	31,2114	;	-966,7000	;	-469,8809	;	19/03/08
-88	;	31,2114	;	-1157,5000	;	-607,4047	;	20/03/08
-84	;	31,4813	;	-1272,2000	;	-740,3638	;	24/03/08
-83	;	33,1452	;	-1214,9000	;	-835,2710	;	25/03/08
-82	;	33,6848	;	-1113,0000	;	-890,8168	;	26/03/08
-81	;	32,8798	;	-1084,8000	;	-929,6134	;	27/03/08
-80	;	32,6551	;	-1068,2000	;	-957,3307	;	28/03/08
-77	;	33,2758	;	-993,5000	;	-964,5646	;	31/03/08
-76	;	34,0716	;	-860,2000	;	-943,6917	;	01/04/08
-75	;	34,9758	;	-673,8000	;	-889,7134	;	02/04/08
-74	;	35,3940	;	-486,7000	;	-809,1107	;	03/04/08
-73	;	35,5288	;	-323,8000	;	-712,0486	;	04/04/08
-70	;	35,3937	;	-203,3000	;	-610,2989	;	07/04/08
-69	;	36,0655	;	-52,9000	;	-498,8191	;	08/04/08
-68	;	36,0879	;	67,3000	;	-385,5953	;	09/04/08
-67	;	36,2188	;	171,1000	;	-274,2562	;	10/04/08
-66	;	35,4162	;	186,5000	;	-182,1050	;	11/04/08
-63	;	37,4089	;	355,4000	;	-74,6040	;	14/04/08
-62	;	37,8462	;	518,6000	;	44,0368	;	15/04/08
-61	;	37,6028	;	621,1000	;	159,4494	;	16/04/08
-60	;	38,3694	;	755,5000	;	278,6595	;	17/04/08
-59	;	38,4594	;	859,4000	;	394,8076	;	18/04/08
-55	;	38,8653	;	963,3000	;	508,5061	;	22/04/08
-54	;	38,3332	;	991,3000	;	605,0649	;	23/04/08
-53	;	37,5127	;	936,5000	;	671,3519	;	24/04/08
-52	;	38,0087	;	922,5000	;	721,5815	;	25/04/08
-49	;	38,4053	;	932,6000	;	763,7852	;	28/04/08
-48	;	36,8814	;	808,4000	;	772,7082	;	29/04/08
-47	;	38,0536	;	795,3000	;	777,2266	;	30/04/08
-45	;	38,7751	;	833,6000	;	788,5013	;	02/05/08
-42	;	39,5417	;	915,2000	;	813,8410	;	05/05/08
-41	;	40,5786	;	1051,5000	;	861,3728	;	06/05/08
-40	;	40,4432	;	1135,4000	;	916,1782	;	07/05/08
-39	;	40,5786	;	1199,1000	;	972,7626	;	08/05/08
-38	;	41,1827	;	1283,5000	;	1034,9101	;	09/05/08
-35	;	41,2550	;	1340,8000	;	1096,0881	;	12/05/08
-34	;	42,3371	;	1456,8000	;	1168,2305	;	13/05/08
-33	;	41,7508	;	1484,2000	;	1231,4244	;	14/05/08
-32	;	42,4813	;	1547,0000	;	1294,5395	;	15/05/08
-31	;	43,4191	;	1653,4000	;	1366,3116	;	16/05/08
-28	;	45,0874	;	1851,0000	;	1463,2493	;	19/05/08
-27	;	46,5842	;	2104,2000	;	1591,4394	;	20/05/08
-26	;	47,3506	;	2339,8000	;	1741,1115	;	21/05/08
-24	;	45,5924	;	2357,4000	;	1864,3692	;	23/05/08
-21	;	46,5029	;	2417,0000	;	1974,8954	;	26/05/08
-20	;	44,9970	;	2315,9000	;	2043,0963	;	27/05/08
-19	;	45,9800	;	2288,8000	;	2092,2370	;	28/05/08
-18	;	44,4921	;	2122,8000	;	2098,3496	;	29/05/08
-17	;	44,1855	;	1944,0000	;	2067,4797	;	30/05/08
-14	;	44,8980	;	1838,6000	;	2021,7038	;	02/06/08
-13	;	42,7877	;	1566,8000	;	1930,7230	;	03/06/08
-12	;	40,8311	;	1179,8000	;	1780,5384	;	04/06/08
-11	;	42,8871	;	1027,2000	;	1629,8707	;	05/06/08
-10	;	42,9142	;	898,1000	;	1483,5166	;	06/06/08
-7	;	42,8147	;	778,8000	;	1342,5733	;	09/06/08
-6	;	41,4804	;	570,0000	;	1188,0586	;	10/06/08
-5	;	40,9394	;	356,7000	;	1021,7869	;	11/06/08
-4	;	40,7408	;	169,7000	;	851,3695	;	12/06/08
-3	;	41,3904	;	73,1000	;	695,7156	;	13/06/08
0	;	41,3000	;	-10,6000	;	554,4525	;	16/06/08
1	;	41,7058	;	-43,7000	;	434,8220	;	17/06/08
2	;	40,9394	;	-130,3000	;	321,7976	;	18/06/08
3	;	39,5866	;	-304,6000	;	196,5181	;	19/06/08
4	;	38,8923	;	-493,0000	;	58,6145	;	20/06/08
7	;	39,5778	;	-580,4000	;	-69,1884	;	23/06/08
8	;	39,4695	;	-650,9000	;	-185,5307	;	24/06/08
9	;	40,5335	;	-613,8000	;	-271,1846	;	25/06/08
10	;	40,4885	;	-581,3000	;	-333,2077	;	26/06/08
11	;	40,8491	;	-520,5000	;	-370,6662	;	27/06/08
14	;	41,6699	;	-401,4000	;	-376,8130	;	30/06/08
15	;	41,5615	;	-312,2000	;	-363,8904	;	01/07/08
16	;	39,6589	;	-390,5000	;	-369,2123	;	02/07/08
17	;	38,3694	;	-550,3000	;	-405,4298	;	03/07/08
18	;	38,9554	;	-622,5000	;	-448,8438	;	04/07/08
21	;	37,8102	;	-763,3000	;	-511,7350	;	07/07/08
22	;	36,6199	;	-959,9000	;	-601,3680	;	08/07/08
24	;	36,1149	;	-1143,2000	;	-709,7344	;	10/07/08
25	;	36,6109	;	-1234,2000	;	-814,6275	;	11/07/08
28	;	36,8634	;	-1271,4000	;	-905,9820	;	14/07/08
29	;	36,5658	;	-1309,8000	;	-986,7456	;	15/07/08
30	;	35,8626	;	-1381,0000	;	-1065,5965	;	16/07/08
31	;	34,0861	;	-1562,9000	;	-1165,0572	;	17/07/08
32	;	34,4467	;	-1658,8000	;	-1263,8058	;	18/07/08
35	;	34,9517	;	-1674,7000	;	-1345,9846	;	21/07/08
36	;	33,7523	;	-1763,8000	;	-1429,5477	;	22/07/08
37	;	32,5531	;	-1909,1000	;	-1525,4582	;	23/07/08
38	;	31,1102	;	-2116,3000	;	-1643,6266	;	24/07/08
39	;	31,1102	;	-2254,6000	;	-1765,8213	;	25/07/08
42	;	31,4258	;	-2312,0000	;	-1875,0570	;	28/07/08
43	;	31,3808	;	-2334,3000	;	-1966,9056	;	29/07/08
44	;	32,9137	;	-2202,8000	;	-2014,0845	;	30/07/08
45	;	32,3729	;	-2117,8000	;	-2034,8276	;	31/07/08
46	;	31,1192	;	-2127,1000	;	-2053,2821	;	01/08/08
49	;	29,6584	;	-2226,7000	;	-2087,9657	;	04/08/08
50	;	29,0363	;	-2329,0000	;	-2136,1726	;	05/08/08
51	;	30,0281	;	-2303,5000	;	-2169,6381	;	06/08/08
52	;	30,5331	;	-2217,0000	;	-2179,1105	;	07/08/08
53	;	30,2537	;	-2146,2000	;	-2172,5284	;	08/08/08
56	;	29,4870	;	-2127,4000	;	-2163,5027	;	11/08/08
57	;	29,8207	;	-2061,9000	;	-2143,1822	;	12/08/08
58	;	30,4339	;	-1938,1000	;	-2102,1658	;	13/08/08
59	;	30,1542	;	-1841,4000	;	-2050,0126	;	14/08/08
60	;	29,4601	;	-1800,0000	;	-2000,0101	;	15/08/08
63	;	28,5672	;	-1818,3000	;	-1963,6681	;	18/08/08
64	;	29,4241	;	-1743,6000	;	-1919,6545	;	19/08/08
65	;	30,8486	;	-1551,5000	;	-1846,0236	;	20/08/08
66	;	31,9127	;	-1298,5000	;	-1736,5189	;	21/08/08
67	;	31,8227	;	-1092,6000	;	-1607,7351	;	22/08/08
70	;	30,4880	;	-1025,3000	;	-1491,2481	;	25/08/08
71	;	30,8309	;	-933,5000	;	-1379,6985	;	26/08/08
72	;	31,7415	;	-778,3000	;	-1259,4188	;	27/08/08
73	;	31,8768	;	-637,1000	;	-1134,9550	;	28/08/08
74	;	31,4710	;	-551,5000	;	-1018,2640	;	29/08/08
77	;	30,8486	;	-527,9000	;	-920,1912	;	01/09/08
78	;	30,0372	;	-568,1000	;	-849,7730	;	02/09/08
79	;	29,3969	;	-644,2000	;	-808,6584	;	03/09/08
80	;	28,3600	;	-779,2000	;	-802,7667	;	04/09/08
81	;	28,7297	;	-846,6000	;	-811,5334	;	05/09/08
84	;	27,2868	;	-1004,8000	;	-850,1867	;	08/09/08
85	;	25,5645	;	-1254,7000	;	-931,0894	;	09/09/08
86	;	25,8622	;	-1412,5000	;	-1027,3715	;	10/09/08
87	;	28,3148	;	-1324,4000	;	-1086,7772	;	11/09/08
88	;	29,7577	;	-1125,1000	;	-1094,4418	;	12/09/08
91	;	26,8721	;	-1186,4000	;	-1112,8334	;	15/09/08
92	;	28,2247	;	-1113,0000	;	-1112,8667	;	16/09/08
93	;	26,8721	;	-1150,7000	;	-1120,4334	;	17/09/08
94	;	29,0363	;	-994,5000	;	-1095,2467	;	18/09/08
95	;	31,5430	;	-660,8000	;	-1008,3574	;	19/09/08
98	;	31,4710	;	-397,5000	;	-886,1859	;	22/09/08
99	;	29,9832	;	-305,4000	;	-770,0287	;	23/09/08
100	;	31,1013	;	-140,6000	;	-644,1430	;	24/09/08
101	;	32,5079	;	102,4000	;	-494,8344	;	25/09/08
102	;	31,9487	;	246,9000	;	-346,4875	;	26/09/08
105	;	29,5324	;	164,5000	;	-244,2900	;	29/09/08
106	;	31,6513	;	267,2000	;	-141,9920	;	30/09/08
107	;	31,4710	;	330,2000	;	-47,5536	;	01/10/08
108	;	28,9009	;	170,7000	;	-3,9029	;	02/10/08
109	;	27,9541	;	-31,7000	;	-9,4623	;	03/10/08
112	;	27,0523	;	-261,8000	;	-59,9298	;	06/10/08
113	;	25,5195	;	-561,4000	;	-160,2238	;	07/10/08
114	;	24,0768	;	-904,9000	;	-309,1590	;	08/10/08
115	;	23,3371	;	-1222,7000	;	-491,8672	;	09/10/08
116	;	21,6419	;	-1593,0000	;	-712,0938	;	10/10/08
119	;	24,2568	;	-1656,4000	;	-900,9550	;	13/10/08
120	;	24,6177	;	-1658,3000	;	-1052,4240	;	14/10/08
121	;	21,6419	;	-1878,3000	;	-1217,5992	;	15/10/08
122	;	20,0188	;	-2158,8000	;	-1405,8394	;	16/10/08
123	;	20,7312	;	-2297,1000	;	-1584,0915	;	17/10/08
126	;	22,8953	;	-2206,7000	;	-1708,6132	;	20/10/08
127	;	22,5438	;	-2138,7000	;	-1794,6306	;	21/10/08
128	;	20,9207	;	-2190,6000	;	-1873,8245	;	22/10/08
129	;	20,4697	;	-2242,3000	;	-1947,5196	;	23/10/08
130	;	18,3956	;	-2422,7000	;	-2042,5557	;	24/10/08
133	;	16,3307	;	-2701,1000	;	-2174,2646	;	27/10/08
134	;	18,0801	;	-2748,9000	;	-2289,1917	;	28/10/08
135	;	19,2974	;	-2657,9000	;	-2362,9334	;	29/10/08
136	;	20,6049	;	-2452,0000	;	-2380,7467	;	30/10/08
137	;	21,0197	;	-2229,7000	;	-2350,5374	;	31/10/08
140	;	20,8666	;	-2042,3000	;	-2288,8899	;	03/11/08
141	;	22,6337	;	-1731,2000	;	-2177,3519	;	04/11/08
142	;	21,8673	;	-1528,9000	;	-2047,6615	;	05/11/08
143	;	20,6500	;	-1450,1000	;	-1928,1492	;	06/11/08
144	;	20,9746	;	-1346,0000	;	-1811,7194	;	07/11/08
147	;	21,5968	;	-1199,4000	;	-1689,2555	;	10/11/08
148	;	21,5608	;	-1073,7000	;	-1566,1444	;	11/11/08
149	;	18,5940	;	-1199,7000	;	-1492,8555	;	12/11/08
150	;	19,0268	;	-1250,2000	;	-1444,3244	;	13/11/08
151	;	18,7205	;	-1300,0000	;	-1415,4595	;	14/11/08
154	;	18,4408	;	-1346,5000	;	-1401,6676	;	17/11/08
155	;	17,3587	;	-1453,9000	;	-1412,1141	;	18/11/08
156	;	16,6823	;	-1575,5000	;	-1444,7913	;	19/11/08
158	;	15,2306	;	-1768,6000	;	-1509,5530	;	21/11/08
161	;	17,3406	;	-1731,4000	;	-1553,9224	;	24/11/08
162	;	17,4579	;	-1673,2000	;	-1577,7779	;	25/11/08
163	;	18,5039	;	-1525,1000	;	-1567,2423	;	26/11/08
164	;	17,9899	;	-1432,7000	;	-1540,3338	;	27/11/08
165	;	18,0888	;	-1336,1000	;	-1499,4870	;	28/11/08
168	;	16,5921	;	-1364,5000	;	-1472,4896	;	01/12/08
169	;	16,5019	;	-1378,5000	;	-1453,6917	;	02/12/08
170	;	17,4129	;	-1301,0000	;	-1423,1534	;	03/12/08
171	;	16,7726	;	-1276,6000	;	-1393,8427	;	04/12/08
172	;	16,3758	;	-1274,5000	;	-1369,9742	;	05/12/08
175	;	18,2242	;	-1110,9000	;	-1318,1594	;	08/12/08
176	;	18,1342	;	-977,3000	;	-1249,9875	;	09/12/08
177	;	19,7844	;	-729,8000	;	-1145,9500	;	10/12/08
178	;	20,1360	;	-499,6000	;	-1016,6800	;	11/12/08
179	;	20,3795	;	-294,1000	;	-872,1640	;	12/12/08
182	;	20,6500	;	-108,2000	;	-719,3712	;	15/12/08
183	;	21,4615	;	103,5000	;	-554,7970	;	16/12/08
184	;	21,9576	;	307,8000	;	-382,2776	;	17/12/08
185	;	21,1911	;	403,2000	;	-225,1821	;	18/12/08
186	;	21,0558	;	462,5000	;	-87,6457	;	19/12/08
189	;	19,9646	;	416,6000	;	13,2034	;	22/12/08
190	;	19,8385	;	365,9000	;	83,7427	;	23/12/08
193	;	20,5598	;	379,5000	;	142,8942	;	26/12/08
196	;	21,0459	;	424,7000	;	199,2554	;	29/12/08
197	;	21,3449	;	479,1000	;	255,2243	;	30/12/08
200	;	22,9335	;	643,0000	;	332,7794	;	02/01/09
203	;	23,4568	;	805,8000	;	427,3835	;	05/01/09
204	;	23,7840	;	950,3000	;	531,9668	;	06/01/09
205	;	22,8494	;	978,1000	;	621,1934	;	07/01/09
206	;	23,8308	;	1067,0000	;	710,3547	;	08/01/09
207	;	23,7373	;	1117,1000	;	791,7038	;	09/01/09
210	;	22,1952	;	1020,6000	;	837,4830	;	12/01/09
211	;	22,3824	;	948,3000	;	859,6464	;	13/01/09
212	;	21,7747	;	832,3000	;	854,1771	;	14/01/09
213	;	22,5223	;	791,6000	;	841,6617	;	15/01/09
214	;	22,6905	;	764,1000	;	826,1494	;	16/01/09
217	;	22,2700	;	700,3000	;	800,9795	;	19/01/09
218	;	21,5504	;	585,0000	;	757,7836	;	20/01/09
219	;	22,6718	;	577,4000	;	721,7069	;	21/01/09
220	;	22,0925	;	518,7000	;	681,1055	;	22/01/09
221	;	22,0459	;	463,1000	;	637,5044	;	23/01/09
224	;	22,2419	;	429,8000	;	595,9635	;	26/01/09
225	;	22,3353	;	406,3000	;	558,0308	;	27/01/09
226	;	23,5503	;	480,2000	;	542,4646	;	28/01/09
227	;	23,3913	;	519,9000	;	537,9517	;	29/01/09
228	;	23,3913	;	545,1000	;	539,3814	;	30/01/09
231	;	23,0736	;	533,3000	;	538,1651	;	02/02/09
232	;	23,9054	;	584,3000	;	547,3921	;	03/02/09
233	;	24,0178	;	626,6000	;	563,2337	;	04/02/09
234	;	24,2980	;	674,9000	;	585,5670	;	05/02/09
235	;	25,3260	;	787,1000	;	625,8736	;	06/02/09
238	;	25,5970	;	887,7000	;	678,2389	;	09/02/09
239	;	25,0457	;	912,4000	;	725,0711	;	10/02/09
240	;	25,1109	;	926,5000	;	765,3569	;	11/02/09
241	;	24,9520	;	914,3000	;	795,1455	;	12/02/09
242	;	25,7933	;	961,5000	;	828,4164	;	13/02/09
245	;	26,0923	;	1011,4000	;	865,0131	;	16/02/09
246	;	24,6718	;	925,6000	;	877,1305	;	17/02/09
247	;	24,1952	;	809,8000	;	863,6644	;	18/02/09
248	;	24,5784	;	740,4000	;	839,0115	;	19/02/09
249	;	24,0923	;	638,8000	;	798,9692	;	20/02/09
254	;	24,5314	;	587,0000	;	756,5754	;	25/02/09
255	;	24,7839	;	559,8000	;	717,2203	;	26/02/09
256	;	24,6718	;	523,2000	;	678,4162	;	27/02/09
259	;	23,3822	;	385,7000	;	619,8730	;	02/03/09
260	;	23,1764	;	257,2000	;	547,3384	;	03/03/09
261	;	24,6437	;	270,6000	;	491,9907	;	04/03/09
262	;	24,2980	;	250,5000	;	443,6926	;	05/03/09
263	;	23,9896	;	207,3000	;	396,4141	;	06/03/09
266	;	24,0178	;	173,3000	;	351,7913	;	09/03/09
267	;	25,2979	;	246,8000	;	330,7930	;	10/03/09
268	;	25,4286	;	312,0000	;	327,0344	;	11/03/09
269	;	25,7464	;	384,9000	;	338,6075	;	12/03/09
270	;	25,8868	;	448,9000	;	360,6660	;	13/03/09
273	;	25,4100	;	455,8000	;	379,6928	;	16/03/09
274	;	26,1485	;	515,0000	;	406,7542	;	17/03/09
275	;	26,4474	;	579,3000	;	441,2634	;	18/03/09
276	;	27,3352	;	693,9000	;	491,7907	;	19/03/09
277	;	27,1952	;	764,6000	;	546,3526	;	20/03/09
280	;	28,8397	;	942,5000	;	625,5821	;	23/03/09
281	;	28,3632	;	1033,1000	;	707,0857	;	24/03/09
282	;	28,4380	;	1098,3000	;	785,3286	;	25/03/09
283	;	28,3818	;	1132,4000	;	854,7429	;	26/03/09
284	;	27,6624	;	1088,8000	;	901,5543	;	27/03/09
287	;	26,8958	;	981,1000	;	917,4634	;	30/03/09
288	;	26,6810	;	868,3000	;	907,6307	;	31/03/09
289	;	27,4754	;	833,5000	;	892,8046	;	01/04/09
290	;	28,5035	;	878,8000	;	890,0037	;	02/04/09
291	;	28,4101	;	896,8000	;	891,3630	;	03/04/09
294	;	28,3071	;	892,5000	;	891,5904	;	06/04/09
295	;	28,0079	;	855,0000	;	884,2723	;	07/04/09
296	;	27,9240	;	809,2000	;	869,2578	;	08/04/09
297	;	29,1627	;	862,9000	;	867,9862	;	09/04/09
298	;	29,1627	;	895,2000	;	873,4290	;	10/04/09
301	;	29,1155	;	906,5000	;	880,0432	;	13/04/09
302	;	28,8412	;	883,1000	;	880,6546	;	14/04/09
303	;	28,3495	;	815,5000	;	867,6237	;	15/04/09
304	;	28,3684	;	754,8000	;	845,0590	;	16/04/09
305	;	27,9145	;	662,4000	;	808,5272	;	17/04/09
308	;	27,2338	;	528,1000	;	752,4418	;	20/04/09
310	;	27,0539	;	402,5000	;	682,4534	;	22/04/09
311	;	27,6782	;	349,3000	;	615,8227	;	23/04/09
312	;	27,7159	;	306,7000	;	553,9982	;	24/04/09
315	;	27,1296	;	223,0000	;	487,7986	;	27/04/09
316	;	27,2621	;	165,5000	;	423,3389	;	28/04/09
317	;	28,1226	;	187,2000	;	376,1111	;	29/04/09
318	;	27,9334	;	187,0000	;	338,2889	;	30/04/09
322	;	29,9097	;	342,3000	;	339,0911	;	04/05/09
323	;	30,3353	;	494,1000	;	370,0929	;	05/05/09
324	;	30,7799	;	642,9000	;	424,6543	;	06/05/09
325	;	30,2408	;	709,1000	;	481,5434	;	07/05/09
326	;	31,2052	;	829,8000	;	551,1947	;	08/05/09
329	;	31,0823	;	905,1000	;	621,9758	;	11/05/09
330	;	30,5905	;	914,6000	;	680,5006	;	12/05/09
331	;	29,7680	;	846,0000	;	713,6005	;	13/05/09
332	;	30,0137	;	802,2000	;	731,3204	;	14/05/09
333	;	29,5978	;	725,6000	;	730,1763	;	15/05/09
336	;	30,9311	;	763,6000	;	736,8610	;	18/05/09
337	;	30,9405	;	785,4000	;	746,5688	;	19/05/09
338	;	31,3470	;	826,0000	;	762,4550	;	20/05/09
339	;	30,7324	;	799,4000	;	769,8440	;	21/05/09
340	;	31,0823	;	797,3000	;	775,3352	;	22/05/09
343	;	31,1580	;	792,6000	;	778,7882	;	25/05/09
344	;	31,9051	;	839,5000	;	790,9306	;	26/05/09
345	;	31,9051	;	866,7000	;	806,0845	;	27/05/09
346	;	32,7657	;	946,8000	;	834,2276	;	28/05/09
347	;	32,5764	;	983,6000	;	864,1021	;	29/05/09
350	;	33,3236	;	1060,8000	;	903,4417	;	01/06/09
351	;	32,6712	;	1057,2000	;	934,1934	;	02/06/09
352	;	31,3470	;	936,7000	;	934,6947	;	03/06/09
353	;	32,2361	;	902,6000	;	928,2758	;	04/06/09
354	;	32,1320	;	857,3000	;	914,0806	;	05/06/09
357	;	32,0374	;	804,4000	;	892,1445	;	08/06/09
358	;	31,6876	;	726,0000	;	858,9156	;	09/06/09
359	;	32,0374	;	684,2000	;	823,9725	;	10/06/09
361	;	32,1036	;	648,8000	;	788,9380	;	12/06/09
364	;	31,4889	;	564,7000	;	744,0904	;	15/06/09
365	;	30,7799	;	435,8000	;	682,4323	;	16/06/09
366	;	30,3069	;	292,1000	;	604,3658	;	17/06/09
367	;	30,0327	;	154,3000	;	514,3526	;	18/06/09
368	;	30,2124	;	59,0000	;	423,2821	;	19/06/09
371	;	29,1818	;	-98,6000	;	318,9057	;	22/06/09
372	;	29,6924	;	-180,2000	;	219,0846	;	23/06/09
373	;	29,3141	;	-272,3000	;	120,8077	;	24/06/09
374	;	30,4961	;	-247,1000	;	47,2262	;	25/06/09
375	;	30,4961	;	-224,5000	;	-7,1190	;	26/06/09
378	;	31,2527	;	-143,9000	;	-34,4752	;	29/06/09
379	;	30,6853	;	-124,3000	;	-52,4402	;	30/06/09
380	;	30,0705	;	-156,6000	;	-73,2722	;	01/07/09
381	;	29,5409	;	-222,4000	;	-103,0978	;	02/07/09
382	;	29,3235	;	-288,7000	;	-140,2182	;	03/07/09
385	;	28,6837	;	-388,5000	;	-189,8746	;	06/07/09
386	;	28,0248	;	-514,8000	;	-254,8597	;	07/07/09
387	;	27,7959	;	-626,1000	;	-329,1078	;	08/07/09
388	;	27,7959	;	-706,2000	;	-404,5262	;	09/07/09
389	;	28,3305	;	-718,2000	;	-467,2610	;	10/07/09
392	;	28,4451	;	-710,3000	;	-515,8688	;	13/07/09
393	;	28,2540	;	-711,3000	;	-554,9550	;	14/07/09
394	;	29,3713	;	-614,8000	;	-566,9240	;	15/07/09
395	;	29,5525	;	-517,8000	;	-557,0992	;	16/07/09
396	;	30,0778	;	-393,9000	;	-524,4594	;	17/07/09
399	;	30,4598	;	-261,9000	;	-471,9475	;	20/07/09
400	;	30,3834	;	-161,6000	;	-409,8780	;	21/07/09
401	;	30,2591	;	-91,1000	;	-346,1224	;	22/07/09
402	;	30,9372	;	19,2000	;	-273,0579	;	23/07/09
403	;	31,0327	;	113,1000	;	-195,8263	;	24/07/09
406	;	30,9849	;	181,6000	;	-120,3410	;	27/07/09
407	;	30,3166	;	179,8000	;	-60,3128	;	28/07/09
408	;	29,5049	;	111,6000	;	-25,9302	;	29/07/09
409	;	29,8105	;	81,3000	;	-4,4842	;	30/07/09
410	;	30,0492	;	75,7000	;	11,5526	;	31/07/09
413	;	31,0422	;	149,6000	;	39,1621	;	03/08/09
414	;	30,6699	;	176,1000	;	66,5497	;	04/08/09
415	;	30,8608	;	210,1000	;	95,2598	;	05/08/09
416	;	30,4598	;	202,4000	;	116,6878	;	06/08/09
417	;	30,5552	;	201,7000	;	133,6902	;	07/08/09
420	;	30,6508	;	206,4000	;	148,2322	;	10/08/09
421	;	29,8105	;	140,7000	;	146,7258	;	11/08/09
422	;	30,4501	;	138,7000	;	145,1206	;	12/08/09
423	;	31,0230	;	181,2000	;	152,3365	;	13/08/09
424	;	30,8893	;	201,8000	;	162,2292	;	14/08/09
427	;	30,5552	;	189,0000	;	167,5834	;	17/08/09
428	;	30,8608	;	201,2000	;	174,3067	;	18/08/09
429	;	31,3191	;	245,0000	;	188,4454	;	19/08/09
430	;	31,5578	;	295,5000	;	209,8563	;	20/08/09
431	;	32,1117	;	376,0000	;	243,0850	;	21/08/09
434	;	31,8920	;	417,2000	;	277,9080	;	24/08/09
435	;	31,7298	;	431,8000	;	308,6864	;	25/08/09
436	;	31,6725	;	433,7000	;	333,6891	;	26/08/09
437	;	31,3765	;	406,6000	;	348,2713	;	27/08/09
438	;	31,0805	;	357,2000	;	350,0570	;	28/08/09
441	;	29,9632	;	225,3000	;	325,1056	;	31/08/09
442	;	30,1733	;	136,1000	;	287,3045	;	01/09/09
443	;	30,6985	;	106,5000	;	251,1436	;	02/09/09
444	;	30,7367	;	85,2000	;	217,9549	;	03/09/09
445	;	31,0422	;	92,0000	;	192,7639	;	04/09/09
449	;	31,3955	;	124,4000	;	179,0911	;	08/09/09
450	;	31,5101	;	157,5000	;	174,7729	;	09/09/09
451	;	31,8348	;	207,5000	;	181,3183	;	10/09/09
452	;	31,6437	;	229,1000	;	190,8746	;	11/09/09
455	;	31,7392	;	251,1000	;	202,9197	;	14/09/09
456	;	31,8920	;	277,6000	;	217,8558	;	15/09/09
457	;	32,7992	;	367,6000	;	247,8046	;	16/09/09
458	;	32,7514	;	430,1000	;	284,2637	;	17/09/09
459	;	33,0855	;	500,8000	;	327,5710	;	18/09/09
462	;	33,0379	;	546,7000	;	371,3968	;	21/09/09
463	;	33,2576	;	593,9000	;	415,8974	;	22/09/09
464	;	32,7132	;	580,8000	;	448,8779	;	23/09/09
465	;	32,2741	;	528,8000	;	464,8623	;	24/09/09
466	;	32,5700	;	505,6000	;	473,0098	;	25/09/09
469	;	33,3147	;	541,1000	;	486,6278	;	28/09/09
470	;	33,2001	;	553,7000	;	500,0422	;	29/09/09
471	;	33,4198	;	574,8000	;	514,9938	;	30/09/09
472	;	32,6995	;	527,2000	;	517,4350	;	01/10/09
473	;	32,8052	;	492,4000	;	512,4280	;	02/10/09
476	;	33,0835	;	481,7000	;	506,2824	;	05/10/09
477	;	33,1220	;	470,9000	;	499,2059	;	06/10/09
478	;	33,2855	;	470,2000	;	493,4047	;	07/10/09
479	;	34,0440	;	524,7000	;	499,6638	;	08/10/09
480	;	34,2265	;	576,0000	;	514,9310	;	09/10/09
483	;	34,2265	;	609,6000	;	533,8648	;	12/10/09
484	;	34,3994	;	642,8000	;	555,6518	;	13/10/09
485	;	34,7164	;	686,7000	;	581,8614	;	14/10/09
486	;	35,1484	;	747,8000	;	615,0491	;	15/10/09
487	;	34,9563	;	771,9000	;	646,4193	;	16/10/09
490	;	35,8783	;	855,4000	;	688,2154	;	19/10/09
491	;	35,0523	;	845,2000	;	719,6123	;	20/10/09
492	;	35,2444	;	843,0000	;	744,2898	;	21/10/09
493	;	35,5325	;	854,6000	;	766,3518	;	22/10/09
494	;	35,0523	;	815,6000	;	776,2014	;	23/10/09
497	;	35,2444	;	791,1000	;	779,1811	;	26/10/09
498	;	34,5241	;	705,4000	;	764,4249	;	27/10/09
499	;	32,8820	;	499,2000	;	711,3799	;	28/10/09
500	;	34,6298	;	471,5000	;	663,4039	;	29/10/09
501	;	33,6503	;	366,2000	;	603,9631	;	30/10/09
505	;	34,1401	;	318,7000	;	546,9105	;	03/11/09
506	;	34,2840	;	289,3000	;	495,3884	;	04/11/09
507	;	34,9563	;	316,6000	;	459,6307	;	05/11/09
508	;	34,6202	;	307,6000	;	429,2246	;	06/11/09
511	;	35,6094	;	375,9000	;	418,5597	;	09/11/09
512	;	35,9263	;	450,4000	;	424,9278	;	10/11/09
513	;	36,1088	;	518,2000	;	443,5822	;	11/11/09
514	;	35,3885	;	508,0000	;	456,4658	;	12/11/09
515	;	35,6575	;	515,6000	;	468,2926	;	13/11/09
518	;	35,8974	;	534,9000	;	481,6141	;	16/11/09
519	;	36,8769	;	622,0000	;	509,6913	;	17/11/09
520	;	36,6850	;	667,9000	;	541,3330	;	18/11/09
521	;	36,9730	;	719,2000	;	576,9064	;	19/11/09
522	;	36,9730	;	751,2000	;	611,7651	;	20/11/09
525	;	37,3092	;	794,6000	;	648,3321	;	23/11/09
526	;	37,5972	;	842,5000	;	687,1657	;	24/11/09
527	;	37,8854	;	893,4000	;	728,4126	;	25/11/09
528	;	36,9251	;	846,4000	;	752,0101	;	26/11/09
529	;	37,3572	;	834,5000	;	768,5081	;	27/11/09
532	;	37,2612	;	808,0000	;	776,4065	;	30/11/09
533	;	38,2119	;	853,9000	;	791,9052	;	01/12/09
534	;	37,8469	;	850,9000	;	803,7042	;	02/12/09
535	;	37,7413	;	830,5000	;	809,0634	;	03/12/09
536	;	36,8769	;	736,1000	;	794,4707	;	04/12/09
539	;	36,8769	;	653,7000	;	766,3166	;	07/12/09
540	;	36,0991	;	519,7000	;	716,9933	;	08/12/09
541	;	36,0991	;	408,8000	;	655,3546	;	09/12/09
542	;	36,2623	;	330,2000	;	590,3237	;	10/12/09
543	;	36,3008	;	268,0000	;	525,8590	;	11/12/09
546	;	36,3969	;	223,8000	;	465,4472	;	14/12/09
547	;	36,4930	;	194,3000	;	411,2178	;	15/12/09
548	;	36,3584	;	158,3000	;	360,6342	;	16/12/09
549	;	35,4078	;	52,4000	;	298,9874	;	17/12/09
550	;	35,1292	;	-53,4000	;	228,5099	;	18/12/09
553	;	33,9897	;	-226,6000	;	137,4879	;	21/12/09
554	;	35,0905	;	-271,9000	;	55,6103	;	22/12/09
555	;	35,4381	;	-276,6000	;	-10,8318	;	23/12/09
560	;	35,4865	;	-273,2000	;	-63,3054	;	28/12/09
561	;	35,5348	;	-263,6000	;	-103,3643	;	29/12/09
562	;	35,4286	;	-261,5000	;	-134,9914	;	30/12/09
567	;	36,0369	;	-208,4000	;	-149,6731	;	04/01/10
568	;	35,7279	;	-189,0000	;	-157,5385	;	05/01/10
569	;	36,2107	;	-133,1000	;	-152,6508	;	06/01/10
570	;	35,8727	;	-114,8000	;	-145,0806	;	07/01/10
571	;	35,6795	;	-114,6000	;	-138,9845	;	08/01/10
574	;	35,5638	;	-122,3000	;	-135,6476	;	11/01/10
575	;	35,1099	;	-163,2000	;	-141,1581	;	12/01/10
576	;	35,0519	;	-198,0000	;	-152,5265	;	13/01/10
577	;	34,4436	;	-271,5000	;	-176,3212	;	14/01/10
578	;	34,5209	;	-319,9000	;	-205,0370	;	15/01/10
581	;	35,2933	;	-292,5000	;	-222,5296	;	18/01/10
582	;	35,1292	;	-280,8000	;	-234,1837	;	19/01/10
583	;	34,2312	;	-340,0000	;	-255,3470	;	20/01/10
584	;	33,1497	;	-468,9000	;	-298,0576	;	21/01/10
585	;	33,5552	;	-532,2000	;	-344,8861	;	22/01/10
589	;	32,7345	;	-641,2000	;	-404,1489	;	26/01/10
590	;	32,9373	;	-703,1000	;	-463,9391	;	27/01/10
591	;	33,4201	;	-705,1000	;	-512,1713	;	28/01/10
592	;	32,9951	;	-732,5000	;	-556,2370	;	29/01/10
595	;	33,1207	;	-735,6000	;	-592,1096	;	01/02/10
596	;	32,9276	;	-745,1000	;	-622,7077	;	02/02/10
597	;	32,8697	;	-748,6000	;	-647,8862	;	03/02/10
598	;	31,1894	;	-876,9000	;	-693,6890	;	04/02/10
599	;	30,4362	;	-1027,5000	;	-760,4512	;	05/02/10
602	;	30,6488	;	-1116,8000	;	-831,7210	;	08/02/10
603	;	31,1315	;	-1135,6000	;	-892,4968	;	09/02/10
604	;	31,5178	;	-1106,6000	;	-935,3174	;	10/02/10
605	;	32,2130	;	-1015,8000	;	-951,4139	;	11/02/10
606	;	32,6378	;	-899,1000	;	-940,9511	;	12/02/10
611	;	33,0724	;	-762,8000	;	-905,3209	;	17/02/10
612	;	33,4973	;	-613,4000	;	-846,9367	;	18/02/10
613	;	33,1690	;	-515,5000	;	-780,6494	;	19/02/10
616	;	33,4587	;	-409,8000	;	-706,4795	;	22/02/10
617	;	33,0146	;	-357,8000	;	-636,7436	;	23/02/10
618	;	32,7731	;	-332,2000	;	-575,8349	;	24/02/10
619	;	33,1979	;	-274,5000	;	-515,5679	;	25/02/10
620	;	33,4201	;	-208,4000	;	-454,1343	;	26/02/10
623	;	33,7291	;	-129,7000	;	-389,2474	;	01/03/10
624	;	33,9125	;	-51,8000	;	-321,7579	;	02/03/10
625	;	33,9416	;	12,1000	;	-254,9863	;	03/03/10
626	;	33,9897	;	65,9000	;	-190,8090	;	04/03/10
627	;	34,5787	;	154,3000	;	-121,7872	;	05/03/10
630	;	34,4726	;	213,3000	;	-54,7698	;	08/03/10
631	;	35,2451	;	318,8000	;	19,9442	;	09/03/10
632	;	35,7279	;	436,3000	;	103,2154	;	10/03/10
633	;	35,7761	;	527,2000	;	188,0123	;	11/03/10
634	;	35,7858	;	593,1000	;	269,0298	;	12/03/10
637	;	35,5058	;	615,7000	;	338,3638	;	15/03/10
638	;	35,9308	;	660,3000	;	402,7510	;	16/03/10
639	;	35,8727	;	683,1000	;	458,8208	;	17/03/10
640	;	35,7472	;	683,2000	;	503,6966	;	18/03/10
641	;	34,9844	;	614,6000	;	525,8773	;	19/03/10
644	;	34,9939	;	554,6000	;	531,6218	;	22/03/10
645	;	34,5885	;	468,9000	;	519,0774	;	23/03/10
646	;	34,8491	;	417,2000	;	498,7019	;	24/03/10
647	;	33,9897	;	303,4000	;	459,6415	;	25/03/10
648	;	33,3139	;	156,9000	;	399,0932	;	26/03/10
651	;	33,7000	;	71,1000	;	333,4946	;	29/03/10
652	;	33,6036	;	-4,7000	;	265,8557	;	30/03/10
653	;	34,1733	;	-18,5000	;	208,9846	;	31/03/10
654	;	34,5209	;	-1,4000	;	166,9077	;	01/04/10
658	;	34,7719	;	32,0000	;	139,9262	;	05/04/10
659	;	34,8395	;	63,2000	;	124,5810	;	06/04/10
660	;	34,5692	;	65,4000	;	112,7448	;	07/04/10
661	;	34,5787	;	67,1000	;	103,6158	;	08/04/10
662	;	34,0187	;	23,0000	;	87,4926	;	09/04/10
665	;	33,2077	;	-76,5000	;	54,6941	;	12/04/10
666	;	33,0146	;	-169,0000	;	9,9553	;	13/04/10
667	;	33,0724	;	-235,0000	;	-39,0358	;	14/04/10
668	;	32,4447	;	-334,1000	;	-98,0486	;	15/04/10
669	;	31,8170	;	-458,0000	;	-170,0389	;	16/04/10
672	;	32,3965	;	-503,6000	;	-236,7511	;	19/04/10
673	;	33,1207	;	-475,8000	;	-284,5609	;	20/04/10
675	;	32,6861	;	-483,3000	;	-324,3087	;	22/04/10
676	;	33,0752	;	-452,6000	;	-349,9670	;	23/04/10
679	;	32,4039	;	-476,9000	;	-375,3536	;	26/04/10
680	;	31,2270	;	-584,4000	;	-417,1629	;	27/04/10
681	;	31,5090	;	-639,5000	;	-461,6303	;	28/04/10
682	;	32,1220	;	-626,4000	;	-494,5842	;	29/04/10
683	;	31,9078	;	-626,2000	;	-520,9074	;	30/04/10
686	;	30,6432	;	-719,8000	;	-560,6859	;	03/05/10
687	;	29,6121	;	-867,2000	;	-621,9887	;	04/05/10
688	;	29,3882	;	-990,6000	;	-695,7110	;	05/05/10
689	;	28,9992	;	-1107,1000	;	-777,9888	;	06/05/10
690	;	28,9408	;	-1190,4000	;	-860,4710	;	07/05/10
693	;	29,3300	;	-1211,0000	;	-930,5768	;	10/05/10
694	;	28,8143	;	-1254,5000	;	-995,3614	;	11/05/10
695	;	29,0868	;	-1252,5000	;	-1046,7891	;	12/05/10
696	;	29,1840	;	-1229,0000	;	-1083,2313	;	13/05/10
697	;	29,2716	;	-1189,6000	;	-1104,5050	;	14/05/10
700	;	29,0381	;	-1163,8000	;	-1116,3640	;	17/05/10
701	;	28,4253	;	-1179,2000	;	-1128,9312	;	18/05/10
702	;	27,7736	;	-1229,8000	;	-1149,1050	;	19/05/10
703	;	26,6839	;	-1342,3000	;	-1187,7440	;	20/05/10
704	;	26,8298	;	-1403,6000	;	-1230,9152	;	21/05/10
707	;	26,6044	;	-1453,6000	;	-1275,4522	;	24/05/10
708	;	26,0165	;	-1523,0000	;	-1324,9618	;	25/05/10
709	;	26,5065	;	-1521,0000	;	-1364,1694	;	26/05/10
710	;	27,2512	;	-1442,7000	;	-1379,8755	;	27/05/10
711	;	27,6334	;	-1334,5000	;	-1370,8004	;	28/05/10
714	;	29,0052	;	-1125,0000	;	-1321,6403	;	31/05/10
715	;	28,0744	;	-1022,4000	;	-1261,7922	;	01/06/10
716	;	28,5153	;	-895,1000	;	-1188,4538	;	02/06/10
718	;	28,6622	;	-773,5000	;	-1105,4630	;	04/06/10
721	;	28,9268	;	-648,3000	;	-1014,0304	;	07/06/10
722	;	29,0641	;	-531,8000	;	-917,5843	;	08/06/10
723	;	28,9562	;	-443,1000	;	-822,6874	;	09/06/10
724	;	29,2992	;	-341,2000	;	-726,3899	;	10/06/10
725	;	29,0249	;	-279,4000	;	-636,9919	;	11/06/10
728	;	28,4663	;	-272,3000	;	-564,0535	;	14/06/10
729	;	28,4172	;	-267,6000	;	-504,7628	;	15/06/10
730	;	29,0542	;	-210,0000	;	-445,8102	;	16/06/10
731	;	28,9268	;	-172,7000	;	-391,1882	;	17/06/10
732	;	28,8975	;	-143,8000	;	-341,7106	;	18/06/10
735	;	28,8093	;	-126,6000	;	-298,6885	;	21/06/10
736	;	28,5252	;	-134,4000	;	-265,8308	;	22/06/10
737	;	27,9274	;	-186,6000	;	-249,9846	;	23/06/10
738	;	26,9377	;	-304,3000	;	-260,8477	;	24/06/10
739	;	27,3493	;	-360,2000	;	-280,7182	;	25/06/10
742	;	26,8690	;	-438,2000	;	-312,2146	;	28/06/10
743	;	26,2909	;	-540,5000	;	-357,8717	;	29/06/10
744	;	26,3203	;	-612,1000	;	-408,7174	;	30/06/10
745	;	25,9186	;	-693,3000	;	-465,6339	;	01/07/10
746	;	26,2321	;	-724,0000	;	-517,3071	;	02/07/10
749	;	26,0067	;	-757,8000	;	-565,4057	;	05/07/10
750	;	26,5065	;	-735,7000	;	-599,4646	;	06/07/10
751	;	26,8494	;	-682,7000	;	-616,1117	;	07/07/10
752	;	27,0258	;	-619,3000	;	-616,7494	;	08/07/10
756	;	26,6829	;	-539,2000	;	-592,5756	;	12/07/10
757	;	26,7515	;	-509,2000	;	-575,9005	;	13/07/10
758	;	26,7515	;	-479,9000	;	-556,7004	;	14/07/10
759	;	26,5653	;	-466,3000	;	-538,6203	;	15/07/10
760	;	26,3008	;	-471,4000	;	-525,1762	;	16/07/10
763	;	26,4085	;	-461,5000	;	-512,4410	;	19/07/10
764	;	27,0944	;	-393,7000	;	-488,6928	;	20/07/10
765	;	26,9474	;	-347,8000	;	-460,5142	;	21/07/10
766	;	27,4178	;	-270,4000	;	-422,4914	;	22/07/10
767	;	27,2316	;	-221,6000	;	-382,3131	;	23/07/10
770	;	27,3394	;	-172,1000	;	-340,2705	;	26/07/10
771	;	27,4178	;	-125,2000	;	-297,2564	;	27/07/10
772	;	27,2414	;	-101,0000	;	-258,0051	;	28/07/10
773	;	27,1826	;	-85,6000	;	-223,5241	;	29/07/10
774	;	27,2904	;	-64,0000	;	-191,6193	;	30/07/10
777	;	28,0701	;	15,9000	;	-150,1154	;	02/08/10
778	;	28,7018	;	128,7000	;	-94,3523	;	03/08/10
779	;	28,9584	;	236,0000	;	-28,2818	;	04/08/10
780	;	29,0473	;	324,5000	;	42,2746	;	05/08/10
781	;	28,7117	;	363,3000	;	106,4797	;	06/08/10
784	;	28,4550	;	369,2000	;	159,0238	;	09/08/10
785	;	28,0406	;	336,5000	;	194,5190	;	10/08/10
786	;	27,1424	;	235,4000	;	202,6952	;	11/08/10
787	;	27,1720	;	155,9000	;	193,3362	;	12/08/10
788	;	27,3003	;	102,0000	;	175,0690	;	13/08/10
791	;	27,2510	;	54,7000	;	150,9952	;	16/08/10
792	;	27,9319	;	71,3000	;	135,0562	;	17/08/10
793	;	27,3200	;	34,8000	;	115,0050	;	18/08/10
794	;	26,4318	;	-65,1000	;	78,9840	;	19/08/10
795	;	26,4318	;	-142,6000	;	34,6672	;	20/08/10
798	;	26,3133	;	-211,2000	;	-14,5062	;	23/08/10
799	;	25,8000	;	-303,5000	;	-72,3050	;	24/08/10
800	;	25,7409	;	-377,1000	;	-133,2640	;	25/08/10
801	;	25,3658	;	-460,3000	;	-198,6712	;	26/08/10
802	;	26,2146	;	-452,6000	;	-249,4570	;	27/08/10
805	;	25,1190	;	-528,8000	;	-305,3256	;	30/08/10
806	;	25,7211	;	-534,4000	;	-351,1405	;	31/08/10
807	;	26,6784	;	-456,3000	;	-372,1724	;	01/09/10
808	;	27,2410	;	-345,1000	;	-366,7579	;	02/09/10
809	;	28,4255	;	-159,5000	;	-325,3063	;	03/09/10
812	;	28,7117	;	10,5000	;	-258,1450	;	06/09/10
814	;	27,4681	;	44,4000	;	-197,6360	;	08/09/10
815	;	27,2410	;	52,3000	;	-147,6488	;	09/09/10
816	;	27,1621	;	51,7000	;	-107,7790	;	10/09/10
819	;	27,9319	;	112,0000	;	-63,8232	;	13/09/10
820	;	26,5008	;	43,7000	;	-42,3186	;	14/09/10
821	;	26,1060	;	-41,7000	;	-42,1949	;	15/09/10
822	;	26,0172	;	-115,3000	;	-56,8159	;	16/09/10
823	;	26,0962	;	-165,3000	;	-78,5127	;	17/09/10
826	;	26,7476	;	-150,6000	;	-92,9302	;	20/09/10
827	;	26,0073	;	-196,4000	;	-113,6242	;	21/09/10
828	;	25,6421	;	-259,2000	;	-142,7394	;	22/09/10
829	;	26,4515	;	-240,9000	;	-162,3715	;	23/09/10
830	;	25,9580	;	-263,2000	;	-182,5372	;	24/09/10
833	;	26,1553	;	-261,9000	;	-198,4098	;	27/09/10
834	;	26,3528	;	-242,1000	;	-207,1478	;	28/09/10
835	;	27,1424	;	-160,9000	;	-197,8982	;	29/09/10
836	;	26,9351	;	-111,9000	;	-180,6986	;	30/09/10
837	;	27,1424	;	-55,7000	;	-155,6989	;	01/10/10
840	;	27,0239	;	-20,5000	;	-128,6591	;	04/10/10
841	;	26,6291	;	-24,2000	;	-107,7673	;	05/10/10
842	;	25,5237	;	-115,0000	;	-109,2138	;	06/10/10
843	;	24,9710	;	-229,0000	;	-133,1710	;	07/10/10
844	;	25,6619	;	-260,5000	;	-158,6368	;	08/10/10
847	;	25,5138	;	-294,0000	;	-185,7094	;	11/10/10
849	;	25,3756	;	-328,0000	;	-214,1675	;	13/10/10
850	;	26,0962	;	-293,4000	;	-230,0140	;	14/10/10
851	;	25,9481	;	-274,8000	;	-238,9712	;	15/10/10
854	;	26,0567	;	-248,4000	;	-240,8570	;	18/10/10
855	;	24,9512	;	-313,1000	;	-255,3056	;	19/10/10
856	;	24,6650	;	-383,0000	;	-280,8445	;	20/10/10
857	;	23,8458	;	-498,8000	;	-324,4356	;	21/10/10
858	;	23,8951	;	-579,9000	;	-375,5285	;	22/10/10
861	;	24,2504	;	-608,5000	;	-422,1228	;	25/10/10
862	;	25,5138	;	-523,2000	;	-442,3382	;	26/10/10
863	;	25,8494	;	-423,6000	;	-438,5906	;	27/10/10
864	;	25,9185	;	-335,2000	;	-417,9125	;	28/10/10
865	;	25,5138	;	-294,5000	;	-393,2300	;	29/10/10
868	;	26,1455	;	-208,8000	;	-356,3440	;	01/11/10
870	;	26,7905	;	-87,8000	;	-302,6352	;	03/11/10
871	;	27,2866	;	47,6000	;	-232,5882	;	04/11/10
872	;	27,0385	;	133,3000	;	-159,4106	;	05/11/10
875	;	27,3163	;	221,1000	;	-83,3085	;	08/11/10
876	;	26,9095	;	254,9000	;	-15,6668	;	09/11/10
877	;	26,9194	;	279,3000	;	43,3266	;	10/11/10
878	;	26,5126	;	262,8000	;	87,2213	;	11/11/10
879	;	25,6494	;	178,0000	;	105,3770	;	12/11/10
883	;	25,2029	;	73,9000	;	99,0816	;	16/11/10
884	;	25,2525	;	-4,5000	;	78,3653	;	17/11/10
885	;	25,6990	;	-30,3000	;	56,6322	;	18/11/10
886	;	25,5005	;	-66,0000	;	32,1058	;	19/11/10
889	;	24,8655	;	-143,9000	;	-3,0954	;	22/11/10
890	;	24,4587	;	-235,7000	;	-49,6163	;	23/11/10
891	;	25,0441	;	-258,3000	;	-91,3530	;	24/11/10
892	;	24,6571	;	-303,9000	;	-133,8624	;	25/11/10
893	;	24,4091	;	-356,0000	;	-178,2899	;	26/11/10
896	;	24,5083	;	-384,8000	;	-219,5919	;	29/11/10
897	;	24,3992	;	-411,7000	;	-258,0135	;	30/11/10
898	;	25,0640	;	-375,0000	;	-281,4108	;	01/12/10
899	;	25,2029	;	-331,0000	;	-291,3286	;	02/12/10
900	;	25,5005	;	-268,9000	;	-286,8429	;	03/12/10
903	;	25,6593	;	-204,5000	;	-270,3743	;	06/12/10
904	;	25,1533	;	-192,2000	;	-254,7394	;	07/12/10
905	;	24,8060	;	-208,1000	;	-245,4115	;	08/12/10
906	;	25,2029	;	-186,5000	;	-233,6292	;	09/12/10
907	;	25,5005	;	-143,6000	;	-215,6234	;	10/12/10
910	;	25,7089	;	-91,8000	;	-190,8587	;	13/12/10
911	;	25,6295	;	-56,5000	;	-163,9870	;	14/12/10
912	;	25,1731	;	-64,6000	;	-144,1096	;	15/12/10
913	;	25,1533	;	-71,8000	;	-129,6477	;	16/12/10
914	;	25,7387	;	-29,9000	;	-109,6982	;	17/12/10
917	;	25,3716	;	-26,0000	;	-92,9586	;	20/12/10
918	;	25,5700	;	-6,9000	;	-75,7469	;	21/12/10
919	;	25,7200	;	20,2000	;	-56,5575	;	22/12/10
920	;	25,7500	;	43,5000	;	-36,5460	;	23/12/10
924	;	26,0500	;	85,2000	;	-12,1968	;	27/12/10
925	;	26,6600	;	165,6000	;	23,3626	;	28/12/10
926	;	26,9700	;	251,4000	;	68,9701	;	29/12/10
927	;	27,2900	;	341,3000	;	123,4361	;	30/12/10
931	;	27,0000	;	384,7000	;	175,6889	;	03/01/11
932	;	26,9000	;	406,3000	;	221,8111	;	04/01/11
933	;	27,2200	;	444,2000	;	266,2889	;	05/01/11
934	;	27,1100	;	460,0000	;	305,0311	;	06/01/11
935	;	26,7300	;	436,9000	;	331,4049	;	07/01/11
938	;	26,9800	;	433,7000	;	351,8639	;	10/01/11
939	;	27,1500	;	439,9000	;	369,4711	;	11/01/11
940	;	27,9000	;	499,5000	;	395,4769	;	12/01/11
941	;	27,3100	;	493,5000	;	415,0815	;	13/01/11
942	;	27,5500	;	502,3000	;	432,5252	;	14/01/11
945	;	27,4500	;	495,5000	;	445,1202	;	17/01/11
946	;	27,7200	;	506,0000	;	457,2962	;	18/01/11
947	;	27,3000	;	475,0000	;	460,8370	;	19/01/11
948	;	27,2700	;	442,9000	;	457,2496	;	20/01/11
949	;	27,0500	;	395,2000	;	444,8397	;	21/01/11
952	;	27,0000	;	349,3000	;	425,7318	;	24/01/11
954	;	26,8300	;	295,8000	;	399,7454	;	26/01/11
955	;	26,8700	;	253,7000	;	370,5363	;	27/01/11
956	;	26,6700	;	201,9000	;	336,8090	;	28/01/11
959	;	27,0900	;	192,5000	;	307,9472	;	31/01/11
960	;	27,6400	;	226,8000	;	291,7178	;	01/02/11
961	;	27,8000	;	263,9000	;	286,1542	;	02/02/11
962	;	28,0300	;	308,3000	;	290,5834	;	03/02/11
963	;	27,6200	;	306,8000	;	293,8267	;	04/02/11
966	;	27,2200	;	270,2000	;	289,1014	;	07/02/11
967	;	26,9600	;	217,8000	;	274,8411	;	08/02/11
968	;	26,1800	;	112,0000	;	242,2729	;	09/02/11
969	;	26,2700	;	35,0000	;	200,8183	;	10/02/11
970	;	26,4000	;	-15,4000	;	157,5746	;	11/02/11
973	;	26,7500	;	-26,8000	;	120,6997	;	14/02/11
974	;	26,9700	;	-17,8000	;	92,9998	;	15/02/11
975	;	27,3100	;	16,5000	;	77,6998	;	16/02/11
976	;	27,2500	;	38,5000	;	69,8598	;	17/02/11
977	;	27,3700	;	64,9000	;	68,8678	;	18/02/11
980	;	27,4000	;	87,2000	;	72,5342	;	21/02/11
981	;	27,7700	;	133,2000	;	84,6674	;	22/02/11
982	;	28,7100	;	242,7000	;	116,2739	;	23/02/11
983	;	28,3700	;	298,5000	;	152,7191	;	24/02/11
984	;	28,6000	;	357,2000	;	193,6153	;	25/02/11
987	;	28,5800	;	397,6000	;	234,4122	;	28/02/11
988	;	28,2900	;	401,5000	;	267,8298	;	01/03/11
989	;	28,9000	;	448,6000	;	303,9838	;	02/03/11
990	;	28,9600	;	485,3000	;	340,2470	;	03/03/11
991	;	29,0800	;	518,1000	;	375,8176	;	04/03/11
996	;	28,5500	;	495,6000	;	399,7741	;	09/03/11
997	;	28,1200	;	438,0000	;	407,4193	;	10/03/11
998	;	28,1700	;	391,9000	;	404,3154	;	11/03/11
