-164	;	23,7073	;	239,7000	;	377,9242	;	03/01/08
-163	;	23,4327	;	135,9000	;	329,5194	;	04/01/08
-160	;	23,9903	;	97,5000	;	283,1155	;	07/01/08
-159	;	24,4828	;	105,6000	;	247,6124	;	08/01/08
-158	;	24,9189	;	145,5000	;	227,1899	;	09/01/08
-157	;	25,6378	;	232,5000	;	228,2519	;	10/01/08
-156	;	24,3293	;	193,6000	;	221,3215	;	11/01/08
-153	;	24,2327	;	153,2000	;	207,6972	;	14/01/08
-152	;	23,6752	;	75,4000	;	181,2378	;	15/01/08
-151	;	23,6670	;	12,9000	;	147,5702	;	16/01/08
-150	;	23,4163	;	-56,3000	;	106,7962	;	17/01/08
-149	;	23,0614	;	-138,1000	;	57,8170	;	18/01/08
-146	;	21,8821	;	-294,8000	;	-12,7064	;	21/01/08
-145	;	23,1823	;	-310,4000	;	-72,2451	;	22/01/08
-144	;	22,1323	;	-402,8000	;	-138,3561	;	23/01/08
-143	;	23,7881	;	-338,6000	;	-178,4049	;	24/01/08
-139	;	23,5053	;	-307,0000	;	-204,1239	;	28/01/08
-138	;	23,9903	;	-240,0000	;	-211,2991	;	29/01/08
-137	;	24,5555	;	-139,7000	;	-196,9793	;	30/01/08
-136	;	23,6267	;	-133,6000	;	-184,3034	;	31/01/08
-135	;	23,4246	;	-143,5000	;	-176,1427	;	01/02/08
-130	;	22,8996	;	-191,5000	;	-179,2142	;	06/02/08
-129	;	22,6170	;	-249,5000	;	-193,2714	;	07/02/08
-128	;	22,6170	;	-292,1000	;	-213,0371	;	08/02/08
-125	;	22,8189	;	-306,0000	;	-231,6297	;	11/02/08
-124	;	23,2229	;	-281,2000	;	-241,5438	;	12/02/08
-123	;	23,2309	;	-257,9000	;	-244,8150	;	13/02/08
-122	;	22,8189	;	-269,5000	;	-249,7520	;	14/02/08
-121	;	23,0614	;	-256,2000	;	-251,0416	;	15/02/08
-118	;	23,9094	;	-175,3000	;	-235,8933	;	18/02/08
-117	;	24,2730	;	-80,9000	;	-204,8946	;	19/02/08
-116	;	24,9515	;	48,1000	;	-154,2957	;	20/02/08
-115	;	25,6057	;	200,9000	;	-83,2566	;	21/02/08
-114	;	25,1611	;	282,8000	;	-10,0453	;	22/02/08
-111	;	24,2327	;	269,7000	;	45,9038	;	25/02/08
-110	;	23,0235	;	159,9000	;	68,7030	;	26/02/08
-109	;	22,8615	;	59,1000	;	66,7824	;	27/02/08
-108	;	22,7399	;	-30,2000	;	47,3859	;	28/02/08
-107	;	22,8778	;	-88,8000	;	20,1487	;	29/02/08
-104	;	22,4973	;	-164,1000	;	-16,7010	;	03/03/08
-103	;	22,0115	;	-260,0000	;	-65,3608	;	04/03/08
-102	;	22,4487	;	-297,3000	;	-111,7486	;	05/03/08
-101	;	22,0115	;	-358,0000	;	-160,9989	;	06/03/08
-100	;	21,6880	;	-427,3000	;	-214,2591	;	07/03/08
-97	;	21,4452	;	-496,1000	;	-270,6273	;	10/03/08
-96	;	21,5182	;	-538,5000	;	-324,2018	;	11/03/08
-95	;	20,8547	;	-618,5000	;	-383,0614	;	12/03/08
-94	;	20,8787	;	-672,3000	;	-440,9091	;	13/03/08
-93	;	21,4452	;	-661,6000	;	-485,0473	;	14/03/08
-90	;	20,3930	;	-729,6000	;	-533,9578	;	17/03/08
-89	;	20,8386	;	-739,0000	;	-574,9662	;	18/03/08
-88	;	20,4337	;	-770,2000	;	-614,0130	;	19/03/08
-87	;	20,1464	;	-808,8000	;	-652,9704	;	20/03/08
-83	;	20,7571	;	-781,1000	;	-678,5963	;	24/03/08
-82	;	21,1640	;	-718,1000	;	-686,4970	;	25/03/08
-81	;	20,7571	;	-693,0000	;	-687,7976	;	26/03/08
-80	;	20,0244	;	-723,8000	;	-694,9981	;	27/03/08
-79	;	19,0637	;	-816,4000	;	-719,2785	;	28/03/08
-76	;	18,8114	;	-899,8000	;	-755,3828	;	31/03/08
-75	;	20,0737	;	-854,2000	;	-775,1462	;	01/04/08
-74	;	20,5536	;	-770,4000	;	-774,1970	;	02/04/08
-73	;	20,2684	;	-718,7000	;	-763,0976	;	03/04/08
-72	;	20,0737	;	-685,6000	;	-747,5981	;	04/04/08
-69	;	20,3092	;	-633,1000	;	-724,6985	;	07/04/08
-68	;	20,4318	;	-574,9000	;	-694,7388	;	08/04/08
-67	;	19,8210	;	-571,5000	;	-670,0910	;	09/04/08
-66	;	19,1777	;	-613,6000	;	-658,7928	;	10/04/08
-65	;	19,0474	;	-650,0000	;	-657,0342	;	11/04/08
-62	;	18,4128	;	-721,7000	;	-669,9674	;	14/04/08
-61	;	18,5348	;	-760,0000	;	-687,9739	;	15/04/08
-60	;	19,8210	;	-678,7000	;	-686,1191	;	16/04/08
-59	;	20,6350	;	-542,4000	;	-657,3753	;	17/04/08
-58	;	20,6755	;	-426,2000	;	-611,1402	;	18/04/08
-54	;	20,4318	;	-349,7000	;	-558,8522	;	22/04/08
-53	;	19,9839	;	-321,5000	;	-511,3818	;	23/04/08
-52	;	20,6105	;	-245,8000	;	-458,2654	;	24/04/08
-51	;	21,6523	;	-100,6000	;	-386,7323	;	25/04/08
-48	;	21,7748	;	24,2000	;	-304,5458	;	28/04/08
-47	;	21,4571	;	96,3000	;	-224,3766	;	29/04/08
-46	;	23,5246	;	316,7000	;	-116,1613	;	30/04/08
-44	;	24,7702	;	585,1000	;	24,0910	;	02/05/08
-41	;	24,4202	;	760,8000	;	171,4328	;	05/05/08
-40	;	23,5246	;	818,3000	;	300,8062	;	06/05/08
-39	;	22,7838	;	794,9000	;	399,6250	;	07/05/08
-38	;	23,4026	;	816,9000	;	483,0800	;	08/05/08
-37	;	23,2394	;	811,8000	;	548,8240	;	09/05/08
-34	;	23,5978	;	827,2000	;	604,4992	;	12/05/08
-33	;	23,1176	;	791,5000	;	641,8994	;	13/05/08
-32	;	23,5441	;	788,5000	;	671,2195	;	14/05/08
-31	;	24,2006	;	829,5000	;	702,8756	;	15/05/08
-30	;	24,5288	;	878,4000	;	737,9805	;	16/05/08
-27	;	24,7338	;	923,1000	;	775,0044	;	19/05/08
-26	;	24,6929	;	944,3000	;	808,8635	;	20/05/08
-25	;	23,9135	;	888,0000	;	824,6908	;	21/05/08
-23	;	23,2406	;	780,1000	;	815,7726	;	23/05/08
-20	;	23,2572	;	688,0000	;	790,2181	;	26/05/08
-19	;	23,8725	;	657,1000	;	763,5945	;	27/05/08
-18	;	25,3081	;	739,9000	;	758,8556	;	28/05/08
-17	;	25,4397	;	806,9000	;	768,4645	;	29/05/08
-16	;	26,6946	;	950,2000	;	804,8116	;	30/05/08
-13	;	25,9810	;	994,8000	;	842,8093	;	02/06/08
-12	;	25,0209	;	941,8000	;	862,6074	;	03/06/08
-11	;	24,7829	;	870,5000	;	864,1859	;	04/06/08
-10	;	26,0874	;	908,8000	;	873,1087	;	05/06/08
-9	;	25,3734	;	871,5000	;	872,7870	;	06/06/08
-6	;	24,9801	;	801,0000	;	858,4296	;	09/06/08
-5	;	24,8569	;	726,8000	;	832,1037	;	10/06/08
-4	;	24,3648	;	621,1000	;	789,9030	;	11/06/08
-3	;	24,2909	;	525,3000	;	736,9824	;	12/06/08
-2	;	23,6264	;	391,3000	;	667,8459	;	13/06/08
1	;	24,1185	;	321,1000	;	598,4967	;	16/06/08
2	;	24,4057	;	285,3000	;	535,8574	;	17/06/08
3	;	23,3802	;	172,2000	;	463,1259	;	18/06/08
4	;	23,3802	;	81,7000	;	386,8407	;	19/06/08
5	;	22,4861	;	-61,5000	;	297,1726	;	20/06/08
8	;	22,1825	;	-197,2000	;	198,2981	;	23/06/08
9	;	22,2424	;	-296,5000	;	99,3385	;	24/06/08
10	;	23,3807	;	-280,2000	;	23,4308	;	25/06/08
11	;	22,4814	;	-335,9000	;	-48,4354	;	26/06/08
12	;	22,0529	;	-409,9000	;	-120,7283	;	27/06/08
15	;	21,5664	;	-502,0000	;	-196,9826	;	30/06/08
16	;	20,3293	;	-667,2000	;	-291,0261	;	01/07/08
17	;	19,7931	;	-831,8000	;	-399,1809	;	02/07/08
18	;	19,4796	;	-976,3000	;	-514,6047	;	03/07/08
19	;	19,6281	;	-1066,5000	;	-624,9838	;	04/07/08
22	;	19,0263	;	-1173,1000	;	-734,6070	;	07/07/08
23	;	19,9992	;	-1165,6000	;	-820,8056	;	08/07/08
25	;	19,9581	;	-1149,7000	;	-886,5845	;	10/07/08
26	;	19,6281	;	-1150,5000	;	-939,3676	;	11/07/08
29	;	19,9168	;	-1115,0000	;	-974,4941	;	14/07/08
30	;	20,1228	;	-1058,0000	;	-991,1953	;	15/07/08
31	;	20,9144	;	-938,2000	;	-980,5962	;	16/07/08
32	;	20,2961	;	-882,9000	;	-961,0570	;	17/07/08
33	;	20,5764	;	-807,2000	;	-930,2856	;	18/07/08
36	;	20,6344	;	-734,0000	;	-891,0285	;	21/07/08
37	;	19,7931	;	-735,4000	;	-859,9028	;	22/07/08
38	;	20,4530	;	-675,5000	;	-823,0222	;	23/07/08
39	;	20,3951	;	-625,5000	;	-783,5178	;	24/07/08
40	;	19,9992	;	-610,7000	;	-748,9542	;	25/07/08
43	;	19,0263	;	-669,9000	;	-733,1434	;	28/07/08
44	;	20,1228	;	-621,1000	;	-710,7347	;	29/07/08
45	;	20,8486	;	-517,9000	;	-672,1678	;	30/07/08
46	;	20,7004	;	-443,0000	;	-626,3342	;	31/07/08
47	;	19,6362	;	-464,1000	;	-593,8874	;	01/08/08
50	;	18,6220	;	-556,3000	;	-586,3699	;	04/08/08
51	;	18,9686	;	-594,5000	;	-587,9959	;	05/08/08
52	;	19,9168	;	-542,0000	;	-578,7967	;	06/08/08
53	;	19,6281	;	-517,8000	;	-566,5974	;	07/08/08
54	;	19,2984	;	-519,2000	;	-557,1179	;	08/08/08
57	;	18,6139	;	-569,0000	;	-559,4943	;	11/08/08
58	;	17,9788	;	-652,2000	;	-578,0354	;	12/08/08
59	;	17,4838	;	-749,5000	;	-612,3283	;	13/08/08
60	;	17,9788	;	-777,6000	;	-645,3826	;	14/08/08
61	;	18,3827	;	-758,6000	;	-668,0261	;	15/08/08
64	;	18,4984	;	-725,8000	;	-679,5809	;	18/08/08
65	;	18,4071	;	-699,1000	;	-683,4847	;	19/08/08
66	;	18,7803	;	-640,5000	;	-674,8878	;	20/08/08
67	;	19,3190	;	-544,2000	;	-648,7502	;	21/08/08
68	;	19,4933	;	-448,7000	;	-608,7402	;	22/08/08
71	;	18,8879	;	-417,1000	;	-570,4122	;	25/08/08
72	;	18,4071	;	-425,9000	;	-541,5098	;	26/08/08
73	;	19,4022	;	-348,6000	;	-502,9278	;	27/08/08
74	;	20,0652	;	-231,2000	;	-448,5822	;	28/08/08
75	;	19,7252	;	-163,7000	;	-391,6058	;	29/08/08
78	;	19,1780	;	-152,5000	;	-343,7846	;	01/09/08
79	;	19,3522	;	-128,1000	;	-300,6477	;	02/09/08
80	;	19,1532	;	-123,4000	;	-265,1982	;	03/09/08
81	;	18,5727	;	-164,7000	;	-245,0986	;	04/09/08
82	;	18,6558	;	-188,6000	;	-233,7989	;	05/09/08
85	;	18,1999	;	-241,5000	;	-235,3391	;	08/09/08
86	;	17,8186	;	-310,7000	;	-250,4113	;	09/09/08
87	;	18,4405	;	-311,7000	;	-262,6690	;	10/09/08
88	;	18,7388	;	-285,1000	;	-267,1552	;	11/09/08
89	;	18,6144	;	-270,9000	;	-267,9042	;	12/09/08
92	;	16,9643	;	-388,3000	;	-291,9834	;	15/09/08
93	;	18,1004	;	-385,2000	;	-310,6267	;	16/09/08
94	;	16,4999	;	-506,1000	;	-349,7214	;	17/09/08
95	;	17,4124	;	-522,3000	;	-384,2371	;	18/09/08
96	;	19,0539	;	-398,1000	;	-387,0097	;	19/09/08
99	;	18,2412	;	-361,1000	;	-381,8278	;	22/09/08
100	;	18,4819	;	-308,8000	;	-367,2222	;	23/09/08
101	;	18,5401	;	-259,6000	;	-345,6978	;	24/09/08
102	;	19,0409	;	-178,1000	;	-312,1782	;	25/09/08
103	;	18,9993	;	-115,6000	;	-272,8626	;	26/09/08
106	;	17,0952	;	-217,2000	;	-261,7301	;	29/09/08
107	;	18,9993	;	-142,4000	;	-237,8641	;	30/09/08
108	;	18,7904	;	-98,9000	;	-210,0713	;	01/10/08
109	;	16,9533	;	-210,2000	;	-210,0970	;	02/10/08
110	;	15,8675	;	-381,7000	;	-244,4176	;	03/10/08
113	;	14,7233	;	-603,0000	;	-316,1341	;	06/10/08
114	;	13,8632	;	-838,1000	;	-420,5273	;	07/10/08
115	;	13,2786	;	-1059,3000	;	-548,2818	;	08/10/08
116	;	12,2348	;	-1303,9000	;	-699,4054	;	09/10/08
117	;	11,6918	;	-1524,0000	;	-864,3243	;	10/10/08
120	;	14,1139	;	-1485,9000	;	-988,6394	;	13/10/08
121	;	15,0240	;	-1366,5000	;	-1064,2115	;	14/10/08
122	;	13,4538	;	-1382,6000	;	-1127,8892	;	15/10/08
123	;	12,8193	;	-1430,0000	;	-1188,3114	;	16/10/08
124	;	12,6021	;	-1468,2000	;	-1244,2891	;	17/10/08
127	;	13,8632	;	-1380,8000	;	-1271,5913	;	20/10/08
128	;	13,6961	;	-1310,0000	;	-1279,2730	;	21/10/08
129	;	11,5916	;	-1407,4000	;	-1304,8984	;	22/10/08
130	;	10,9318	;	-1520,4000	;	-1347,9987	;	23/10/08
131	;	10,6477	;	-1614,2000	;	-1401,2390	;	24/10/08
134	;	9,7712	;	-1739,2000	;	-1468,8312	;	27/10/08
135	;	11,0655	;	-1714,1000	;	-1517,8850	;	28/10/08
136	;	11,6918	;	-1624,9000	;	-1539,2880	;	29/10/08
137	;	12,2428	;	-1492,6000	;	-1529,9504	;	30/10/08
138	;	12,3350	;	-1364,6000	;	-1496,8803	;	31/10/08
141	;	11,9590	;	-1278,7000	;	-1453,2442	;	03/11/08
142	;	13,8296	;	-1047,6000	;	-1372,1154	;	04/11/08
143	;	13,4039	;	-888,6000	;	-1275,4123	;	05/11/08
144	;	12,5270	;	-823,8000	;	-1185,0898	;	06/11/08
145	;	12,7776	;	-743,7000	;	-1096,8118	;	07/11/08
148	;	12,0342	;	-731,8000	;	-1023,8094	;	10/11/08
149	;	11,8923	;	-725,4000	;	-964,1275	;	11/11/08
150	;	11,0154	;	-782,1000	;	-927,7220	;	12/11/08
151	;	11,7752	;	-757,0000	;	-893,5776	;	13/11/08
152	;	11,7535	;	-730,4000	;	-860,9421	;	14/11/08
155	;	11,8884	;	-690,5000	;	-826,8537	;	17/11/08
156	;	11,2981	;	-698,5000	;	-801,1830	;	18/11/08
157	;	11,2308	;	-702,1000	;	-781,3664	;	19/11/08
159	;	9,6204	;	-825,4000	;	-790,1731	;	21/11/08
162	;	10,5392	;	-839,4000	;	-800,0185	;	24/11/08
163	;	10,8597	;	-815,2000	;	-803,0548	;	25/11/08
164	;	11,8800	;	-705,5000	;	-783,5438	;	26/11/08
165	;	11,9306	;	-607,5000	;	-748,3350	;	27/11/08
166	;	12,0568	;	-513,7000	;	-701,4080	;	28/11/08
169	;	12,0568	;	-434,4000	;	-648,0064	;	01/12/08
170	;	12,0149	;	-370,6000	;	-592,5251	;	02/12/08
171	;	12,0568	;	-313,1000	;	-536,6401	;	03/12/08
172	;	12,3099	;	-244,3000	;	-478,1721	;	04/12/08
173	;	13,2794	;	-110,3000	;	-404,5977	;	05/12/08
176	;	14,4770	;	91,6000	;	-305,3582	;	08/12/08
177	;	14,2915	;	233,9000	;	-197,5066	;	09/12/08
178	;	13,7434	;	299,0000	;	-98,2053	;	10/12/08
179	;	13,1531	;	299,4000	;	-18,6842	;	11/12/08
180	;	13,1952	;	299,7000	;	44,9926	;	12/12/08
183	;	12,5629	;	246,0000	;	85,1941	;	15/12/08
184	;	13,1952	;	251,7000	;	118,4953	;	16/12/08
185	;	12,8581	;	226,4000	;	140,0762	;	17/12/08
186	;	12,9424	;	210,7000	;	154,2010	;	18/12/08
187	;	12,8157	;	185,8000	;	160,5208	;	19/12/08
190	;	12,6892	;	154,1000	;	159,2366	;	22/12/08
191	;	11,9310	;	67,1000	;	140,8093	;	23/12/08
194	;	11,9310	;	-1,9000	;	112,2674	;	26/12/08
197	;	11,9310	;	-55,9000	;	78,6339	;	29/12/08
198	;	12,5104	;	-51,3000	;	52,6471	;	30/12/08
201	;	12,7829	;	-25,4000	;	37,0377	;	02/01/09
204	;	13,0219	;	14,2000	;	32,4702	;	05/01/09
205	;	13,7376	;	102,2000	;	46,4162	;	06/01/09
206	;	13,4308	;	145,5000	;	66,2330	;	07/01/09
207	;	13,1240	;	153,3000	;	83,6464	;	08/01/09
208	;	13,5331	;	190,3000	;	104,9771	;	09/01/09
211	;	13,4222	;	208,2000	;	125,6217	;	12/01/09
212	;	12,8938	;	177,7000	;	136,0374	;	13/01/09
213	;	12,0246	;	82,5000	;	125,3299	;	14/01/09
214	;	12,7829	;	67,5000	;	113,7639	;	15/01/09
215	;	12,2716	;	14,2000	;	93,8511	;	16/01/09
218	;	12,3060	;	-25,0000	;	70,0809	;	19/01/09
219	;	11,4622	;	-122,8000	;	31,5047	;	20/01/09
220	;	11,7178	;	-177,6000	;	-10,3162	;	21/01/09
221	;	11,5474	;	-232,1000	;	-54,6730	;	22/01/09
222	;	11,3343	;	-289,2000	;	-101,5784	;	23/01/09
225	;	12,0246	;	-275,6000	;	-136,3827	;	26/01/09
226	;	12,2291	;	-245,4000	;	-158,1862	;	27/01/09
227	;	12,5362	;	-194,4000	;	-165,4290	;	28/01/09
228	;	12,0587	;	-190,4000	;	-170,4232	;	29/01/09
229	;	12,1013	;	-181,7000	;	-172,6786	;	30/01/09
232	;	11,7265	;	-202,7000	;	-178,6829	;	02/02/09
233	;	12,0844	;	-188,3000	;	-180,6063	;	03/02/09
234	;	11,8969	;	-189,8000	;	-182,4450	;	04/02/09
235	;	12,2716	;	-158,9000	;	-177,7360	;	05/02/09
236	;	12,4253	;	-120,6000	;	-166,3088	;	06/02/09
239	;	12,1864	;	-108,3000	;	-154,7070	;	09/02/09
240	;	12,0502	;	-108,3000	;	-145,4256	;	10/02/09
241	;	12,2122	;	-94,2000	;	-135,1805	;	11/02/09
242	;	11,8883	;	-107,8000	;	-129,7044	;	12/02/09
243	;	12,1271	;	-98,3000	;	-123,4235	;	13/02/09
246	;	12,0502	;	-95,9000	;	-117,9188	;	16/02/09
247	;	11,6326	;	-126,2000	;	-119,5750	;	17/02/09
248	;	11,5133	;	-158,1000	;	-127,2800	;	18/02/09
249	;	11,7605	;	-161,5000	;	-134,1240	;	19/02/09
250	;	11,8862	;	-152,3000	;	-137,7592	;	20/02/09
255	;	12,1129	;	-125,3000	;	-135,2674	;	25/02/09
256	;	12,2088	;	-95,0000	;	-127,2139	;	26/02/09
257	;	12,0693	;	-81,3000	;	-118,0311	;	27/02/09
260	;	11,4158	;	-121,8000	;	-118,7849	;	02/03/09
261	;	11,5726	;	-139,6000	;	-122,9479	;	03/03/09
262	;	12,0693	;	-112,4000	;	-120,8383	;	04/03/09
263	;	11,5986	;	-127,3000	;	-122,1306	;	05/03/09
264	;	11,8252	;	-119,5000	;	-121,6045	;	06/03/09
267	;	11,7207	;	-120,4000	;	-121,3636	;	09/03/09
268	;	12,2262	;	-79,3000	;	-112,9509	;	10/03/09
269	;	12,3131	;	-39,3000	;	-98,2207	;	11/03/09
270	;	12,4616	;	4,3000	;	-77,7166	;	12/03/09
271	;	12,7141	;	58,6000	;	-50,4533	;	13/03/09
274	;	12,6793	;	97,6000	;	-20,8426	;	16/03/09
275	;	13,0539	;	157,0000	;	14,7259	;	17/03/09
276	;	13,5158	;	238,6000	;	59,5007	;	18/03/09
277	;	13,7684	;	320,0000	;	111,6006	;	19/03/09
278	;	13,5072	;	359,2000	;	161,1205	;	20/03/09
281	;	14,4657	;	462,3000	;	221,3564	;	23/03/09
282	;	14,0734	;	506,5000	;	278,3851	;	24/03/09
283	;	14,0909	;	536,8000	;	330,0681	;	25/03/09
284	;	14,5577	;	591,7000	;	382,3945	;	26/03/09
285	;	14,9717	;	661,0000	;	438,1156	;	27/03/09
288	;	14,7074	;	686,7000	;	487,8325	;	30/03/09
289	;	14,8571	;	710,8000	;	532,4260	;	31/03/09
290	;	15,6409	;	784,2000	;	582,7808	;	01/04/09
291	;	16,0548	;	865,8000	;	639,3846	;	02/04/09
292	;	16,8210	;	981,0000	;	707,7077	;	03/04/09
295	;	16,7329	;	1053,0000	;	776,7662	;	06/04/09
296	;	16,6361	;	1089,7000	;	839,3530	;	07/04/09
297	;	15,2798	;	997,8000	;	871,0424	;	08/04/09
298	;	14,8483	;	880,0000	;	872,8339	;	09/04/09
299	;	14,8483	;	777,7000	;	853,8071	;	10/04/09
302	;	14,8748	;	690,8000	;	821,2057	;	13/04/09
303	;	15,0861	;	631,7000	;	783,3046	;	14/04/09
304	;	15,4120	;	604,2000	;	747,4837	;	15/04/09
305	;	16,1605	;	635,5000	;	725,0870	;	16/04/09
306	;	16,2132	;	657,0000	;	711,4696	;	17/04/09
309	;	15,8522	;	637,5000	;	696,6757	;	20/04/09
311	;	15,6763	;	601,0000	;	677,5406	;	22/04/09
312	;	16,3982	;	623,1000	;	666,6525	;	23/04/09
313	;	16,3806	;	631,9000	;	659,7020	;	24/04/09
316	;	15,9581	;	597,9000	;	647,3416	;	27/04/09
317	;	16,1692	;	581,3000	;	634,1333	;	28/04/09
318	;	16,8210	;	613,7000	;	630,0466	;	29/04/09
319	;	16,2571	;	587,1000	;	621,4573	;	30/04/09
323	;	17,0320	;	621,3000	;	621,4258	;	04/05/09
324	;	17,2174	;	655,9000	;	628,3206	;	05/05/09
325	;	18,5471	;	781,6000	;	658,9765	;	06/05/09
326	;	17,6137	;	796,7000	;	686,5212	;	07/05/09
327	;	17,9042	;	822,6000	;	713,7370	;	08/05/09
330	;	17,9394	;	836,3000	;	738,2496	;	11/05/09
331	;	17,5256	;	804,5000	;	751,4997	;	12/05/09
332	;	17,0412	;	731,8000	;	747,5598	;	13/05/09
333	;	17,7855	;	725,9000	;	743,2278	;	14/05/09
334	;	17,4581	;	686,8000	;	731,9422	;	15/05/09
337	;	18,3602	;	720,3000	;	729,6138	;	18/05/09
338	;	18,6167	;	758,9000	;	735,4710	;	19/05/09
339	;	18,2631	;	752,3000	;	738,8368	;	20/05/09
340	;	17,9976	;	717,3000	;	734,5294	;	21/05/09
341	;	17,8651	;	671,2000	;	721,8635	;	22/05/09
344	;	17,8651	;	627,4000	;	702,9708	;	25/05/09
345	;	18,6078	;	645,2000	;	691,4166	;	26/05/09
346	;	18,5725	;	648,9000	;	682,9133	;	27/05/09
347	;	19,0589	;	683,3000	;	682,9906	;	28/05/09
348	;	18,7143	;	675,0000	;	681,3925	;	29/05/09
351	;	19,0766	;	689,7000	;	683,0540	;	01/06/09
352	;	19,5454	;	730,7000	;	692,5832	;	02/06/09
353	;	18,9086	;	703,7000	;	694,8066	;	03/06/09
354	;	19,7667	;	743,0000	;	704,4453	;	04/06/09
355	;	19,2800	;	726,5000	;	708,8562	;	05/06/09
358	;	19,6248	;	732,8000	;	713,6450	;	08/06/09
359	;	19,3242	;	705,4000	;	711,9960	;	09/06/09
360	;	19,5013	;	690,0000	;	707,5968	;	10/06/09
362	;	19,5454	;	673,7000	;	700,8174	;	12/06/09
365	;	18,9263	;	603,8000	;	681,4139	;	15/06/09
366	;	18,5725	;	513,9000	;	647,9111	;	16/06/09
367	;	18,5285	;	434,1000	;	605,1489	;	17/06/09
368	;	18,1302	;	334,8000	;	551,0791	;	18/06/09
369	;	18,5725	;	288,5000	;	498,5633	;	19/06/09
372	;	18,0595	;	208,0000	;	440,4506	;	22/06/09
373	;	18,0754	;	143,8000	;	381,1205	;	23/06/09
374	;	17,8880	;	77,0000	;	320,2964	;	24/06/09
375	;	19,0032	;	112,7000	;	278,7771	;	25/06/09
376	;	18,9139	;	132,3000	;	249,4817	;	26/06/09
379	;	19,0210	;	154,7000	;	230,5254	;	29/06/09
380	;	18,8961	;	160,5000	;	216,5203	;	30/06/09
381	;	19,0479	;	175,3000	;	208,2762	;	01/07/09
382	;	19,4493	;	216,9000	;	210,0010	;	02/07/09
383	;	19,4493	;	247,0000	;	217,4008	;	03/07/09
386	;	19,5384	;	274,9000	;	228,9006	;	06/07/09
387	;	19,3424	;	278,0000	;	238,7205	;	07/07/09
388	;	18,7355	;	228,8000	;	236,7364	;	08/07/09
389	;	18,7355	;	187,7000	;	226,9291	;	09/07/09
390	;	18,3789	;	124,9000	;	206,5233	;	10/07/09
393	;	18,3789	;	74,2000	;	180,0586	;	13/07/09
394	;	18,3789	;	33,7000	;	150,7869	;	14/07/09
395	;	19,2174	;	68,5000	;	134,3295	;	15/07/09
396	;	19,2174	;	94,9000	;	126,4436	;	16/07/09
397	;	19,2710	;	118,8000	;	124,9149	;	17/07/09
400	;	19,5832	;	161,1000	;	132,1519	;	20/07/09
401	;	19,8241	;	211,7000	;	148,0615	;	21/07/09
402	;	19,7527	;	243,1000	;	167,0692	;	22/07/09
403	;	20,2523	;	304,8000	;	194,6154	;	23/07/09
404	;	20,6983	;	385,3000	;	232,7523	;	24/07/09
407	;	20,7875	;	451,1000	;	276,4218	;	27/07/09
408	;	21,0107	;	515,3000	;	324,1974	;	28/07/09
409	;	20,6539	;	531,3000	;	365,6179	;	29/07/09
410	;	21,2070	;	581,8000	;	408,8543	;	30/07/09
411	;	21,0909	;	605,5000	;	448,1834	;	31/07/09
414	;	21,4924	;	649,2000	;	488,3867	;	03/08/09
415	;	21,9206	;	710,2000	;	532,7494	;	04/08/09
416	;	22,6521	;	808,3000	;	587,8595	;	05/08/09
417	;	21,7690	;	805,4000	;	631,3676	;	06/08/09
418	;	21,8583	;	801,2000	;	665,3341	;	07/08/09
421	;	21,9477	;	795,9000	;	691,4473	;	10/08/09
422	;	22,0366	;	789,7000	;	711,0978	;	11/08/09
423	;	22,1617	;	785,9000	;	726,0582	;	12/08/09
424	;	22,6881	;	816,0000	;	744,0466	;	13/08/09
425	;	22,5713	;	820,9000	;	759,4173	;	14/08/09
428	;	21,9149	;	763,0000	;	760,1338	;	17/08/09
429	;	22,4274	;	749,8000	;	758,0670	;	18/08/09
430	;	22,7421	;	756,1000	;	757,6736	;	19/08/09
431	;	23,0477	;	776,8000	;	761,4989	;	20/08/09
432	;	23,0477	;	784,1000	;	766,0191	;	21/08/09
435	;	23,0566	;	781,6000	;	769,1353	;	24/08/09
436	;	23,2993	;	790,1000	;	773,3282	;	25/08/09
437	;	23,6409	;	815,0000	;	781,6626	;	26/08/09
438	;	23,8207	;	839,6000	;	793,2501	;	27/08/09
439	;	23,9286	;	857,9000	;	806,1801	;	28/08/09
442	;	23,5150	;	829,5000	;	810,8441	;	31/08/09
443	;	23,1466	;	768,4000	;	802,3553	;	01/09/09
444	;	22,9307	;	694,5000	;	780,7842	;	02/09/09
445	;	23,1736	;	648,1000	;	754,2474	;	03/09/09
446	;	23,8654	;	659,6000	;	735,3179	;	04/09/09
450	;	24,2613	;	692,6000	;	726,7743	;	08/09/09
451	;	24,6656	;	742,8000	;	729,9794	;	09/09/09
452	;	24,8994	;	792,4000	;	742,4635	;	10/09/09
453	;	24,7825	;	812,9000	;	756,5508	;	11/09/09
456	;	25,3489	;	864,8000	;	778,2006	;	14/09/09
457	;	25,9241	;	941,5000	;	810,8605	;	15/09/09
458	;	26,2928	;	1020,3000	;	852,7484	;	16/09/09
459	;	26,6074	;	1095,5000	;	901,2987	;	17/09/09
460	;	26,7961	;	1157,0000	;	952,4390	;	18/09/09
463	;	26,5175	;	1169,8000	;	995,9112	;	21/09/09
464	;	27,0380	;	1208,0000	;	1038,3290	;	22/09/09
465	;	26,4680	;	1178,7000	;	1066,4032	;	23/09/09
466	;	26,3231	;	1130,8000	;	1079,2826	;	24/09/09
467	;	26,7033	;	1110,7000	;	1085,5661	;	25/09/09
470	;	27,1374	;	1116,9000	;	1091,8329	;	28/09/09
471	;	27,6531	;	1150,2000	;	1103,5063	;	29/09/09
472	;	28,2501	;	1210,8000	;	1124,9650	;	30/09/09
473	;	27,7255	;	1202,6000	;	1140,4920	;	01/10/09
474	;	27,4269	;	1158,7000	;	1144,1336	;	02/10/09
477	;	27,9065	;	1149,3000	;	1145,1669	;	05/10/09
478	;	27,5446	;	1100,0000	;	1136,1335	;	06/10/09
479	;	26,8660	;	994,7000	;	1107,8468	;	07/10/09
480	;	27,3636	;	940,6000	;	1074,3974	;	08/10/09
481	;	27,9337	;	933,0000	;	1046,1179	;	09/10/09
484	;	27,9337	;	916,4000	;	1020,1743	;	12/10/09
485	;	28,4038	;	930,4000	;	1002,2194	;	13/10/09
486	;	29,3084	;	1002,9000	;	1002,3555	;	14/10/09
487	;	28,9918	;	1023,0000	;	1006,4844	;	15/10/09
488	;	28,2592	;	968,7000	;	998,9275	;	16/10/09
491	;	28,3947	;	925,9000	;	984,3220	;	19/10/09
492	;	27,5264	;	812,6000	;	949,9776	;	20/10/09
493	;	27,5446	;	716,0000	;	903,1821	;	21/10/09
494	;	28,0871	;	675,4000	;	857,6257	;	22/10/09
495	;	27,4992	;	589,0000	;	803,9006	;	23/10/09
498	;	27,2007	;	490,8000	;	741,2805	;	26/10/09
499	;	26,3231	;	338,2000	;	660,6644	;	27/10/09
500	;	24,5143	;	70,5000	;	542,6315	;	28/10/09
501	;	26,3686	;	7,9000	;	435,6852	;	29/10/09
502	;	25,5181	;	-109,0000	;	326,7482	;	30/10/09
506	;	26,3052	;	-136,6000	;	234,0786	;	03/11/09
507	;	27,0923	;	-93,8000	;	168,5029	;	04/11/09
508	;	27,0923	;	-59,3000	;	122,9423	;	05/11/09
509	;	26,8207	;	-53,3000	;	87,6938	;	06/11/09
512	;	27,9514	;	42,3000	;	78,6150	;	09/11/09
513	;	28,2592	;	141,2000	;	91,1320	;	10/11/09
514	;	28,1505	;	208,4000	;	114,5856	;	11/11/09
515	;	28,1053	;	255,1000	;	142,6885	;	12/11/09
516	;	29,0613	;	365,1000	;	187,1708	;	13/11/09
519	;	28,9709	;	439,8000	;	237,6966	;	16/11/09
520	;	28,9709	;	493,3000	;	288,8173	;	17/11/09
521	;	28,0625	;	457,2000	;	322,4938	;	18/11/09
522	;	27,8354	;	405,6000	;	339,1150	;	19/11/09
523	;	27,8354	;	360,5000	;	343,3920	;	20/11/09
526	;	28,0446	;	337,8000	;	342,2736	;	23/11/09
527	;	27,9718	;	310,3000	;	335,8789	;	24/11/09
528	;	27,9988	;	287,4000	;	326,1831	;	25/11/09
529	;	27,4177	;	219,8000	;	304,9065	;	26/11/09
530	;	27,9535	;	207,1000	;	285,3452	;	27/11/09
533	;	28,0625	;	203,5000	;	268,9762	;	30/11/09
534	;	27,9082	;	186,0000	;	252,3810	;	01/12/09
535	;	27,6085	;	146,3000	;	231,1648	;	02/12/09
536	;	27,6993	;	120,8000	;	209,0918	;	03/12/09
537	;	27,5267	;	85,7000	;	184,4134	;	04/12/09
540	;	28,2442	;	114,4000	;	170,4107	;	07/12/09
541	;	28,0625	;	121,1000	;	160,5486	;	08/12/09
542	;	27,8536	;	108,3000	;	150,0989	;	09/12/09
543	;	27,8717	;	98,4000	;	139,7591	;	10/12/09
544	;	27,9535	;	96,2000	;	131,0473	;	11/12/09
547	;	28,1533	;	109,2000	;	126,6778	;	14/12/09
548	;	28,1533	;	118,2000	;	124,9822	;	15/12/09
549	;	27,8354	;	98,6000	;	119,7058	;	16/12/09
550	;	26,7456	;	-4,9000	;	94,7846	;	17/12/09
551	;	26,8820	;	-75,1000	;	60,8077	;	18/12/09
554	;	26,5187	;	-158,2000	;	17,0062	;	21/12/09
555	;	26,4604	;	-226,1000	;	-31,6150	;	22/12/09
556	;	26,5152	;	-272,3000	;	-79,7520	;	23/12/09
561	;	26,5152	;	-305,4000	;	-124,8816	;	28/12/09
562	;	26,4604	;	-332,3000	;	-166,3653	;	29/12/09
563	;	27,1458	;	-294,9000	;	-192,0722	;	30/12/09
568	;	27,3287	;	-247,7000	;	-203,1978	;	04/01/10
569	;	27,0545	;	-229,7000	;	-208,4982	;	05/01/10
570	;	27,0911	;	-210,1000	;	-208,8186	;	06/01/10
571	;	27,1000	;	-191,7000	;	-205,3949	;	07/01/10
572	;	27,2555	;	-162,6000	;	-196,8359	;	08/01/10
575	;	27,4659	;	-121,1000	;	-181,6887	;	11/01/10
576	;	27,2373	;	-105,5000	;	-166,4510	;	12/01/10
577	;	27,5845	;	-64,4000	;	-146,0408	;	13/01/10
578	;	27,1916	;	-62,8000	;	-129,3926	;	14/01/10
579	;	26,7346	;	-97,3000	;	-122,9741	;	15/01/10
582	;	26,7437	;	-122,5000	;	-122,8793	;	18/01/10
583	;	27,1916	;	-105,1000	;	-119,3234	;	19/01/10
584	;	26,3781	;	-155,2000	;	-126,4987	;	20/01/10
585	;	25,9484	;	-226,9000	;	-146,5790	;	21/01/10
586	;	26,0857	;	-269,6000	;	-171,1832	;	22/01/10
590	;	25,3818	;	-356,2000	;	-208,1866	;	26/01/10
591	;	25,1807	;	-436,0000	;	-253,7493	;	27/01/10
592	;	25,2263	;	-489,9000	;	-300,9794	;	28/01/10
593	;	25,6834	;	-490,1000	;	-338,8035	;	29/01/10
596	;	27,4202	;	-346,1000	;	-340,2628	;	01/02/10
597	;	27,9686	;	-185,5000	;	-309,3102	;	02/02/10
598	;	27,2828	;	-112,3000	;	-269,9082	;	03/02/10
599	;	26,7803	;	-93,8000	;	-234,6866	;	04/02/10
600	;	25,5008	;	-180,3000	;	-223,8093	;	05/02/10
603	;	25,8204	;	-220,5000	;	-223,1474	;	08/02/10
604	;	27,1093	;	-146,6000	;	-207,8379	;	09/02/10
605	;	27,7856	;	-33,1000	;	-172,8903	;	10/02/10
606	;	28,3523	;	101,4000	;	-118,0322	;	11/02/10
607	;	27,8771	;	167,7000	;	-60,8858	;	12/02/10
612	;	27,7675	;	209,0000	;	-6,9086	;	17/02/10
613	;	28,0142	;	258,7000	;	46,2131	;	18/02/10
614	;	28,0690	;	299,0000	;	96,7705	;	19/02/10
617	;	27,9686	;	319,2000	;	141,2564	;	22/02/10
618	;	27,5845	;	300,7000	;	173,1451	;	23/02/10
619	;	27,8315	;	302,5000	;	199,0161	;	24/02/10
620	;	27,8534	;	302,3000	;	219,6729	;	25/02/10
621	;	28,0768	;	316,5000	;	239,0383	;	26/02/10
624	;	28,2939	;	341,3000	;	259,4906	;	01/03/10
625	;	27,9448	;	329,0000	;	273,3925	;	02/03/10
626	;	27,7466	;	299,8000	;	278,6740	;	03/03/10
627	;	27,7279	;	272,0000	;	277,3392	;	04/03/10
628	;	28,1051	;	277,2000	;	277,3114	;	05/03/10
631	;	27,7089	;	246,5000	;	271,1491	;	08/03/10
632	;	28,1994	;	258,8000	;	268,6793	;	09/03/10
633	;	28,4824	;	288,1000	;	272,5634	;	10/03/10
634	;	28,4447	;	304,7000	;	278,9907	;	11/03/10
635	;	28,1994	;	294,7000	;	282,1326	;	12/03/10
638	;	28,3031	;	291,7000	;	284,0461	;	15/03/10
639	;	28,5295	;	304,2000	;	288,0769	;	16/03/10
640	;	28,3785	;	298,4000	;	290,1415	;	17/03/10
641	;	28,1428	;	271,7000	;	286,4532	;	18/03/10
642	;	27,8221	;	222,1000	;	273,5826	;	19/03/10
645	;	27,9448	;	190,5000	;	256,9661	;	22/03/10
646	;	27,8221	;	153,8000	;	236,3329	;	23/03/10
647	;	27,8143	;	122,7000	;	213,6063	;	24/03/10
648	;	27,9188	;	105,2000	;	191,9250	;	25/03/10
649	;	28,0611	;	101,7000	;	173,8800	;	26/03/10
652	;	28,2511	;	112,9000	;	161,6840	;	29/03/10
653	;	28,2132	;	117,4000	;	152,8272	;	30/03/10
654	;	28,3460	;	130,2000	;	148,3018	;	31/03/10
655	;	28,2986	;	134,9000	;	145,6214	;	01/04/10
659	;	28,4886	;	152,2000	;	146,9371	;	05/04/10
660	;	28,5266	;	167,0000	;	150,9497	;	06/04/10
661	;	28,4789	;	172,9000	;	155,3398	;	07/04/10
662	;	29,2198	;	234,7000	;	171,2118	;	08/04/10
663	;	29,4381	;	297,8000	;	196,5294	;	09/04/10
666	;	29,5332	;	351,5000	;	227,5235	;	12/04/10
667	;	29,2957	;	370,6000	;	256,1388	;	13/04/10
668	;	29,0107	;	358,6000	;	276,6310	;	14/04/10
669	;	29,3432	;	371,7000	;	295,6448	;	15/04/10
670	;	28,9633	;	347,4000	;	305,9958	;	16/04/10
673	;	28,6310	;	297,9000	;	304,3766	;	19/04/10
674	;	28,4315	;	239,8000	;	291,4613	;	20/04/10
676	;	28,1752	;	171,0000	;	267,3690	;	22/04/10
677	;	28,3460	;	128,8000	;	239,6552	;	23/04/10
680	;	28,3175	;	92,0000	;	210,1242	;	26/04/10
681	;	27,3964	;	-11,3000	;	165,8394	;	27/04/10
682	;	27,9569	;	-47,5000	;	123,1715	;	28/04/10
683	;	28,4886	;	-32,8000	;	91,9772	;	29/04/10
684	;	28,4789	;	-21,7000	;	69,2418	;	30/04/10
687	;	28,0231	;	-49,1000	;	45,5734	;	03/05/10
688	;	26,6463	;	-179,9000	;	0,4787	;	04/05/10
689	;	26,8076	;	-267,4000	;	-53,0970	;	05/05/10
690	;	26,3994	;	-365,5000	;	-115,5776	;	06/05/10
691	;	26,2285	;	-451,8000	;	-182,8221	;	07/05/10
694	;	27,0641	;	-447,6000	;	-235,7777	;	10/05/10
695	;	26,4942	;	-484,7000	;	-285,5622	;	11/05/10
696	;	26,4563	;	-511,2000	;	-330,6898	;	12/05/10
697	;	26,1241	;	-552,7000	;	-375,0918	;	13/05/10
698	;	25,3073	;	-644,1000	;	-428,8934	;	14/05/10
701	;	25,8296	;	-666,6000	;	-476,4347	;	17/05/10
702	;	25,5352	;	-700,2000	;	-521,1878	;	18/05/10
703	;	24,6520	;	-788,9000	;	-574,7302	;	19/05/10
704	;	24,0253	;	-899,4000	;	-639,6642	;	20/05/10
705	;	24,8610	;	-909,1000	;	-693,5514	;	21/05/10
708	;	24,6387	;	-924,1000	;	-739,6611	;	24/05/10
709	;	24,5905	;	-929,2000	;	-777,5689	;	25/05/10
710	;	24,8602	;	-901,1000	;	-802,2751	;	26/05/10
711	;	25,4865	;	-818,8000	;	-805,5801	;	27/05/10
712	;	24,9470	;	-788,0000	;	-802,0641	;	28/05/10
715	;	25,0338	;	-748,0000	;	-791,2513	;	31/05/10
716	;	24,7350	;	-731,9000	;	-779,3810	;	01/06/10
717	;	25,7371	;	-631,1000	;	-749,7248	;	02/06/10
719	;	25,8528	;	-535,7000	;	-706,9198	;	04/06/10
722	;	25,4385	;	-487,9000	;	-663,1158	;	07/06/10
723	;	25,5829	;	-433,3000	;	-617,1526	;	08/06/10
724	;	25,2939	;	-408,7000	;	-575,4621	;	09/06/10
725	;	25,7852	;	-345,5000	;	-529,4697	;	10/06/10
726	;	25,9202	;	-281,3000	;	-479,8358	;	11/06/10
729	;	26,4983	;	-181,7000	;	-420,2086	;	14/06/10
730	;	26,2286	;	-123,1000	;	-360,7869	;	15/06/10
731	;	26,3924	;	-62,8000	;	-301,1895	;	16/06/10
732	;	26,2479	;	-26,3000	;	-246,2116	;	17/06/10
733	;	26,2286	;	1,1000	;	-196,7493	;	18/06/10
736	;	27,1631	;	97,0000	;	-137,9994	;	21/06/10
737	;	27,2210	;	175,7000	;	-75,2595	;	22/06/10
738	;	26,7006	;	193,9000	;	-21,4276	;	23/06/10
739	;	26,3731	;	179,8000	;	18,8179	;	24/06/10
740	;	26,1129	;	145,9000	;	44,2343	;	25/06/10
743	;	25,6310	;	79,2000	;	51,2274	;	28/06/10
744	;	24,5711	;	-58,5000	;	29,2819	;	29/06/10
745	;	23,7522	;	-231,1000	;	-22,7945	;	30/06/10
746	;	25,2071	;	-247,6000	;	-67,7556	;	01/07/10
747	;	25,5347	;	-231,6000	;	-100,5245	;	02/07/10
750	;	25,3421	;	-231,7000	;	-126,7596	;	05/07/10
751	;	25,9685	;	-179,2000	;	-137,2477	;	06/07/10
752	;	26,7393	;	-74,5000	;	-124,6982	;	07/07/10
753	;	26,6815	;	3,7000	;	-99,0186	;	08/07/10
757	;	26,7779	;	72,6000	;	-64,6949	;	12/07/10
758	;	27,4040	;	175,8000	;	-16,5959	;	13/07/10
759	;	27,2595	;	243,1000	;	35,3433	;	14/07/10
760	;	27,6835	;	326,9000	;	93,6546	;	15/07/10
761	;	26,8934	;	325,8000	;	140,0837	;	16/07/10
764	;	27,1728	;	343,4000	;	180,7470	;	19/07/10
765	;	27,0765	;	345,6000	;	213,7176	;	20/07/10
766	;	27,2307	;	355,7000	;	242,1141	;	21/07/10
767	;	28,0209	;	422,6000	;	278,2113	;	22/07/10
768	;	28,4062	;	501,0000	;	322,7690	;	23/07/10
771	;	27,9919	;	523,6000	;	362,9352	;	26/07/10
772	;	27,6548	;	508,4000	;	392,0282	;	27/07/10
773	;	28,8109	;	583,0000	;	430,2226	;	28/07/10
774	;	28,8109	;	634,8000	;	471,1381	;	29/07/10
775	;	29,4276	;	717,4000	;	520,3905	;	30/07/10
778	;	29,3505	;	767,8000	;	569,8724	;	02/08/10
779	;	28,5219	;	732,4000	;	602,3779	;	03/08/10
780	;	28,2328	;	673,2000	;	616,5423	;	04/08/10
781	;	28,9073	;	673,0000	;	627,8338	;	05/08/10
782	;	29,2349	;	691,3000	;	640,5270	;	06/08/10
785	;	29,5818	;	725,5000	;	657,5216	;	09/08/10
786	;	29,2059	;	714,0000	;	668,8173	;	10/08/10
787	;	28,6182	;	650,0000	;	665,0538	;	11/08/10
788	;	29,2446	;	642,4000	;	660,5230	;	12/08/10
789	;	29,3313	;	636,1000	;	655,6384	;	13/08/10
792	;	29,1964	;	613,1000	;	647,1307	;	16/08/10
793	;	29,0518	;	576,6000	;	633,0246	;	17/08/10
794	;	28,8302	;	523,7000	;	611,1597	;	18/08/10
795	;	28,3260	;	436,1000	;	576,1478	;	19/08/10
796	;	28,7432	;	395,8000	;	540,0782	;	20/08/10
799	;	28,5199	;	341,8000	;	500,4226	;	23/08/10
800	;	28,1222	;	263,9000	;	453,1181	;	24/08/10
801	;	28,1222	;	199,8000	;	402,4545	;	25/08/10
802	;	27,3559	;	86,2000	;	339,2036	;	26/08/10
803	;	27,4043	;	0,1000	;	271,3829	;	27/08/10
806	;	26,8611	;	-110,7000	;	194,9663	;	30/08/10
807	;	27,6276	;	-135,0000	;	128,9730	;	31/08/10
808	;	28,5685	;	-77,5000	;	87,6784	;	01/09/10
809	;	28,0835	;	-70,2000	;	56,1027	;	02/09/10
810	;	27,6371	;	-99,4000	;	25,0022	;	03/09/10
813	;	27,3849	;	-141,3000	;	-8,2582	;	06/09/10
815	;	27,4140	;	-170,2000	;	-40,6466	;	08/09/10
816	;	27,4237	;	-190,0000	;	-70,5173	;	09/09/10
817	;	27,1618	;	-224,3000	;	-101,2738	;	10/09/10
820	;	28,1320	;	-171,2000	;	-115,2590	;	13/09/10
821	;	28,4715	;	-100,6000	;	-112,3272	;	14/09/10
822	;	28,7236	;	-24,1000	;	-94,6818	;	15/09/10
823	;	28,6170	;	27,7000	;	-70,2054	;	16/09/10
824	;	28,2871	;	41,7000	;	-47,8243	;	17/09/10
827	;	28,8981	;	100,9000	;	-18,0794	;	20/09/10
828	;	29,1019	;	162,4000	;	18,0165	;	21/09/10
829	;	29,4901	;	239,6000	;	62,3332	;	22/09/10
830	;	30,2580	;	358,7000	;	121,6066	;	23/09/10
831	;	29,6225	;	397,2000	;	176,7253	;	24/09/10
834	;	30,2091	;	469,7000	;	235,3202	;	27/09/10
835	;	30,3069	;	528,9000	;	294,0362	;	28/09/10
836	;	30,8739	;	614,5000	;	358,1290	;	29/09/10
837	;	31,4116	;	717,4000	;	429,9832	;	30/09/10
838	;	31,9884	;	835,9000	;	511,1666	;	01/10/10
841	;	32,1547	;	932,5000	;	595,4333	;	04/10/10
842	;	32,4283	;	1019,3000	;	680,2066	;	05/10/10
843	;	32,3111	;	1066,4000	;	757,4453	;	06/10/10
844	;	31,8809	;	1056,9000	;	817,3362	;	07/10/10
845	;	32,5066	;	1087,2000	;	871,3090	;	08/10/10
848	;	32,6532	;	1110,3000	;	919,1072	;	11/10/10
850	;	34,0709	;	1228,8000	;	981,0458	;	13/10/10
851	;	33,5625	;	1267,1000	;	1038,2566	;	14/10/10
852	;	34,0218	;	1319,3000	;	1094,4653	;	15/10/10
855	;	33,7287	;	1321,8000	;	1139,9322	;	18/10/10
856	;	33,1518	;	1262,7000	;	1164,4858	;	19/10/10
857	;	33,6308	;	1240,2000	;	1179,6286	;	20/10/10
858	;	32,7705	;	1139,9000	;	1171,6829	;	21/10/10
859	;	32,8194	;	1052,1000	;	1147,7663	;	22/10/10
862	;	32,9954	;	985,4000	;	1115,2930	;	25/10/10
863	;	33,3375	;	949,2000	;	1082,0744	;	26/10/10
864	;	33,0932	;	890,6000	;	1043,7795	;	27/10/10
865	;	32,6043	;	795,5000	;	994,1236	;	28/10/10
866	;	32,3600	;	692,4000	;	933,7789	;	29/10/10
869	;	32,9270	;	649,0000	;	876,8231	;	01/11/10
871	;	33,3474	;	641,1000	;	829,6785	;	03/11/10
872	;	34,1978	;	695,4000	;	802,8228	;	04/11/10
873	;	34,0512	;	718,4000	;	785,9382	;	05/11/10
876	;	33,8947	;	715,8000	;	771,9106	;	08/11/10
877	;	33,0835	;	640,9000	;	745,7085	;	09/11/10
878	;	33,0541	;	572,6000	;	711,0868	;	10/11/10
879	;	32,9662	;	505,4000	;	669,9494	;	11/11/10
880	;	33,0932	;	457,2000	;	627,3995	;	12/11/10
884	;	33,1421	;	418,1000	;	585,5396	;	16/11/10
885	;	33,0443	;	374,9000	;	543,4117	;	17/11/10
886	;	33,4745	;	371,2000	;	508,9694	;	18/11/10
887	;	33,5332	;	368,7000	;	480,9155	;	19/11/10
890	;	33,0443	;	323,5000	;	449,4324	;	22/11/10
891	;	31,6896	;	176,3000	;	394,8059	;	23/11/10
892	;	32,1215	;	93,4000	;	334,5247	;	24/11/10
893	;	32,2982	;	41,5000	;	275,9198	;	25/11/10
894	;	32,3080	;	1,2000	;	220,9758	;	26/11/10
897	;	32,5633	;	-10,0000	;	174,7806	;	29/11/10
898	;	32,2982	;	-39,9000	;	131,8445	;	30/11/10
899	;	33,1523	;	5,3000	;	106,5356	;	01/12/10
900	;	32,8774	;	18,8000	;	88,9885	;	02/12/10
901	;	32,0037	;	-40,6000	;	63,0708	;	03/12/10
904	;	31,3655	;	-137,6000	;	22,9366	;	06/12/10
905	;	31,2969	;	-217,5000	;	-25,1507	;	07/12/10
906	;	30,8354	;	-314,4000	;	-83,0006	;	08/12/10
907	;	30,4329	;	-418,9000	;	-150,1805	;	09/12/10
908	;	30,2857	;	-507,7000	;	-221,6844	;	10/12/10
911	;	30,6097	;	-545,6000	;	-286,4675	;	13/12/10
912	;	30,5901	;	-570,7000	;	-343,3140	;	14/12/10
913	;	30,4820	;	-592,5000	;	-393,1512	;	15/12/10
914	;	30,1875	;	-626,3000	;	-439,7810	;	16/12/10
915	;	30,0599	;	-655,8000	;	-482,9848	;	17/12/10
918	;	29,5004	;	-716,1000	;	-529,6078	;	20/12/10
919	;	29,9912	;	-716,1000	;	-566,9062	;	21/12/10
920	;	30,3348	;	-680,5000	;	-589,6250	;	22/12/10
921	;	30,7105	;	-614,8000	;	-594,6600	;	23/12/10
925	;	30,5225	;	-571,4000	;	-590,0080	;	27/12/10
926	;	30,4631	;	-535,6000	;	-579,1264	;	28/12/10
927	;	30,6709	;	-484,9000	;	-560,2811	;	29/12/10
928	;	31,0864	;	-406,5000	;	-529,5249	;	30/12/10
932	;	31,0666	;	-342,0000	;	-492,0199	;	03/01/11
933	;	31,1953	;	-277,3000	;	-449,0759	;	04/01/11
934	;	31,6405	;	-188,0000	;	-396,8607	;	05/01/11
935	;	31,3635	;	-137,9000	;	-345,0686	;	06/01/11
936	;	30,6214	;	-156,3000	;	-307,3149	;	07/01/11
939	;	30,6709	;	-165,0000	;	-278,8519	;	10/01/11
940	;	31,0370	;	-140,7000	;	-251,2215	;	11/01/11
941	;	31,5811	;	-76,7000	;	-216,3172	;	12/01/11
942	;	31,2645	;	-50,9000	;	-183,2338	;	13/01/11
943	;	31,4327	;	-16,7000	;	-149,9270	;	14/01/11
946	;	31,0666	;	-19,0000	;	-123,7416	;	17/01/11
947	;	31,2151	;	-8,7000	;	-100,7333	;	18/01/11
948	;	30,7698	;	-36,0000	;	-87,7866	;	19/01/11
949	;	30,5621	;	-73,6000	;	-84,9493	;	20/01/11
950	;	30,4235	;	-113,3000	;	-90,6194	;	21/01/11
953	;	30,7006	;	-121,0000	;	-96,6955	;	24/01/11
955	;	30,6709	;	-128,0000	;	-102,9564	;	26/01/11
956	;	30,6709	;	-132,0000	;	-108,7651	;	27/01/11
957	;	30,0377	;	-184,2000	;	-123,8521	;	28/01/11
960	;	29,4441	;	-270,3000	;	-153,1417	;	31/01/11
961	;	29,5826	;	-323,7000	;	-187,2534	;	01/02/11
962	;	29,2660	;	-387,0000	;	-227,2027	;	02/02/11
963	;	28,9494	;	-457,5000	;	-273,2622	;	03/02/11
964	;	27,8017	;	-599,1000	;	-338,4298	;	04/02/11
967	;	27,9798	;	-689,0000	;	-408,5438	;	07/02/11
968	;	28,4943	;	-710,5000	;	-468,9350	;	08/02/11
969	;	27,7819	;	-776,1000	;	-530,3680	;	09/02/11
970	;	27,9402	;	-806,1000	;	-585,5144	;	10/02/11
971	;	29,2660	;	-714,6000	;	-611,3315	;	11/02/11
974	;	29,4540	;	-619,8000	;	-613,0252	;	14/02/11
975	;	30,0773	;	-488,7000	;	-588,1602	;	15/02/11
976	;	31,0963	;	-299,1000	;	-530,3482	;	16/02/11
977	;	30,8985	;	-163,0000	;	-456,8786	;	17/02/11
978	;	30,8094	;	-61,6000	;	-377,8229	;	18/02/11
981	;	30,3345	;	-19,4000	;	-306,1383	;	21/02/11
982	;	29,3500	;	-64,6000	;	-257,8306	;	22/02/11
983	;	29,4000	;	-95,3000	;	-225,3245	;	23/02/11
984	;	29,3000	;	-126,2000	;	-205,4996	;	24/02/11
985	;	29,1700	;	-159,4000	;	-196,2797	;	25/02/11
988	;	29,7500	;	-137,3000	;	-184,4838	;	28/02/11
989	;	28,9500	;	-182,3000	;	-184,0470	;	01/03/11
990	;	29,1800	;	-197,0000	;	-186,6376	;	02/03/11
991	;	29,5400	;	-177,7000	;	-184,8501	;	03/03/11
992	;	29,6200	;	-154,1000	;	-178,7001	;	04/03/11
997	;	28,8500	;	-195,3000	;	-182,0201	;	09/03/11
998	;	28,0100	;	-292,4000	;	-204,0961	;	10/03/11
999	;	28,1800	;	-351,5000	;	-233,5769	;	11/03/11
