-165	;	53,6198	;	-577,1000	;	-430,5968	;	03/01/08
-164	;	51,6849	;	-765,4000	;	-497,5574	;	04/01/08
-161	;	50,7638	;	-977,7000	;	-593,5859	;	07/01/08
-160	;	51,7769	;	-1052,0000	;	-685,2687	;	08/01/08
-159	;	51,2243	;	-1142,4000	;	-776,6950	;	09/01/08
-158	;	52,3391	;	-1111,2000	;	-843,5960	;	10/01/08
-157	;	51,6849	;	-1126,3000	;	-900,1368	;	11/01/08
-154	;	51,5929	;	-1132,6000	;	-946,6294	;	14/01/08
-153	;	49,6582	;	-1279,0000	;	-1013,1035	;	15/01/08
-152	;	47,3640	;	-1562,2000	;	-1122,9228	;	16/01/08
-151	;	47,0324	;	-1792,8000	;	-1256,8982	;	17/01/08
-150	;	47,5298	;	-1913,3000	;	-1388,1786	;	18/01/08
-147	;	42,5826	;	-2380,6000	;	-1586,6629	;	21/01/08
-146	;	43,8541	;	-2618,1000	;	-1792,9503	;	22/01/08
-145	;	41,4585	;	-2965,5000	;	-2027,4602	;	23/01/08
-144	;	46,1757	;	-2827,5000	;	-2187,4682	;	24/01/08
-140	;	46,2954	;	-2677,7000	;	-2285,5146	;	28/01/08
-139	;	47,0601	;	-2468,7000	;	-2322,1517	;	29/01/08
-138	;	48,2670	;	-2180,6000	;	-2293,8414	;	30/01/08
-137	;	47,7511	;	-1971,2000	;	-2229,3131	;	31/01/08
-136	;	50,5794	;	-1559,0000	;	-2095,2505	;	01/02/08
-131	;	48,9302	;	-1349,9000	;	-1946,1804	;	06/02/08
-130	;	48,2761	;	-1222,8000	;	-1801,5043	;	07/02/08
-129	;	49,2896	;	-1028,5000	;	-1646,9034	;	08/02/08
-126	;	51,1321	;	-717,5000	;	-1461,0227	;	11/02/08
-125	;	51,5099	;	-435,6000	;	-1255,9382	;	12/02/08
-124	;	52,3206	;	-145,0000	;	-1033,7506	;	13/02/08
-123	;	51,8786	;	49,0000	;	-817,2005	;	14/02/08
-122	;	50,8742	;	120,3000	;	-629,7004	;	15/02/08
-119	;	53,0578	;	349,0000	;	-433,9603	;	18/02/08
-118	;	53,3526	;	547,7000	;	-237,6282	;	19/02/08
-117	;	55,2781	;	850,8000	;	-19,9426	;	20/02/08
-116	;	55,0937	;	1063,9000	;	196,8259	;	21/02/08
-115	;	55,9229	;	1284,9000	;	414,4407	;	22/02/08
-112	;	55,9229	;	1443,3000	;	620,2126	;	25/02/08
-111	;	55,9229	;	1551,0000	;	806,3701	;	26/02/08
-110	;	55,7479	;	1603,8000	;	965,8561	;	27/02/08
-109	;	57,5813	;	1773,1000	;	1127,3049	;	28/02/08
-108	;	54,0436	;	1603,3000	;	1222,5039	;	29/02/08
-105	;	53,7119	;	1425,5000	;	1263,1031	;	03/03/08
-104	;	52,5694	;	1178,9000	;	1246,2625	;	04/03/08
-103	;	54,1448	;	1097,9000	;	1216,5900	;	05/03/08
-102	;	52,7262	;	908,7000	;	1155,0120	;	06/03/08
-101	;	51,6113	;	661,2000	;	1056,2496	;	07/03/08
-98	;	50,2109	;	348,0000	;	914,5997	;	10/03/08
-97	;	52,2746	;	263,3000	;	784,3398	;	11/03/08
-96	;	52,7906	;	235,1000	;	674,4918	;	12/03/08
-95	;	53,0669	;	232,4000	;	586,0734	;	13/03/08
-94	;	54,2647	;	323,2000	;	533,4987	;	14/03/08
-91	;	50,9756	;	128,2000	;	452,4390	;	17/03/08
-90	;	52,5879	;	102,6000	;	382,4712	;	18/03/08
-89	;	48,9763	;	-206,8000	;	264,6170	;	19/03/08
-88	;	48,5802	;	-478,4000	;	116,0136	;	20/03/08
-84	;	51,0862	;	-485,8000	;	-4,3491	;	24/03/08
-83	;	52,5326	;	-370,7000	;	-77,6193	;	25/03/08
-82	;	54,8265	;	-93,3000	;	-80,7554	;	26/03/08
-81	;	55,0477	;	142,7000	;	-36,0643	;	27/03/08
-80	;	55,0937	;	329,7000	;	37,0886	;	28/03/08
-77	;	55,7388	;	523,9000	;	134,4509	;	31/03/08
-76	;	56,8904	;	762,0000	;	259,9607	;	01/04/08
-75	;	56,2915	;	892,1000	;	386,3886	;	02/04/08
-74	;	57,0008	;	1040,4000	;	517,1909	;	03/04/08
-73	;	57,5904	;	1191,8000	;	652,1127	;	04/04/08
-70	;	57,4984	;	1289,5000	;	779,5902	;	07/04/08
-69	;	57,7656	;	1372,7000	;	898,2122	;	08/04/08
-68	;	56,7519	;	1341,3000	;	986,8298	;	09/04/08
-67	;	56,3928	;	1272,8000	;	1044,0238	;	10/04/08
-66	;	55,7774	;	1155,5000	;	1066,3190	;	11/04/08
-63	;	55,0442	;	992,0000	;	1051,4552	;	14/04/08
-62	;	56,3898	;	959,9000	;	1033,1442	;	15/04/08
-61	;	58,0970	;	1060,0000	;	1038,5154	;	16/04/08
-60	;	58,1341	;	1129,3000	;	1056,6723	;	17/04/08
-59	;	58,6446	;	1211,5000	;	1087,6378	;	18/04/08
-55	;	60,5560	;	1414,5000	;	1153,0102	;	22/04/08
-54	;	60,1291	;	1523,4000	;	1227,0882	;	23/04/08
-53	;	57,7630	;	1402,6000	;	1262,1906	;	24/04/08
-52	;	58,4589	;	1347,5000	;	1279,2525	;	25/04/08
-49	;	59,2570	;	1352,6000	;	1293,9220	;	28/04/08
-48	;	57,8094	;	1225,7000	;	1280,2776	;	29/04/08
-47	;	60,9085	;	1359,6000	;	1296,1421	;	30/04/08
-45	;	60,6860	;	1431,3000	;	1323,1737	;	02/05/08
-42	;	61,7995	;	1559,9000	;	1370,5190	;	05/05/08
-41	;	62,9315	;	1733,3000	;	1443,0752	;	06/05/08
-40	;	61,1962	;	1710,9000	;	1496,6402	;	07/05/08
-39	;	61,9294	;	1732,4000	;	1543,7922	;	08/05/08
-38	;	61,6231	;	1705,1000	;	1576,0538	;	09/05/08
-35	;	62,4583	;	1730,8000	;	1607,0030	;	12/05/08
-34	;	62,6346	;	1745,3000	;	1634,6624	;	13/05/08
-33	;	62,4119	;	1719,0000	;	1651,5299	;	14/05/08
-32	;	64,5832	;	1852,0000	;	1691,6239	;	15/05/08
-31	;	66,8936	;	2119,4000	;	1777,1791	;	16/05/08
-28	;	66,3463	;	2261,2000	;	1873,9833	;	19/05/08
-27	;	66,3463	;	2346,4000	;	1968,4666	;	20/05/08
-26	;	64,2121	;	2216,2000	;	2018,0133	;	21/05/08
-24	;	63,3304	;	2018,6000	;	2018,1306	;	23/05/08
-21	;	62,6346	;	1785,3000	;	1971,5645	;	26/05/08
-20	;	61,4190	;	1485,1000	;	1874,2716	;	27/05/08
-19	;	62,7831	;	1341,9000	;	1767,7973	;	28/05/08
-18	;	59,8044	;	976,7000	;	1609,5778	;	29/05/08
-17	;	60,7881	;	758,0000	;	1439,2622	;	30/05/08
-14	;	60,5837	;	561,7000	;	1263,7498	;	02/06/08
-13	;	58,4218	;	229,0000	;	1056,7998	;	03/06/08
-12	;	56,3618	;	-198,6000	;	805,7198	;	04/06/08
-11	;	58,3197	;	-375,2000	;	569,5358	;	05/06/08
-10	;	57,3360	;	-587,8000	;	338,0686	;	06/06/08
-7	;	55,3968	;	-902,3000	;	89,9949	;	09/06/08
-6	;	54,1905	;	-1234,6000	;	-174,9241	;	10/06/08
-5	;	52,5110	;	-1614,9000	;	-462,9193	;	11/06/08
-4	;	52,6037	;	-1887,1000	;	-747,7554	;	12/06/08
-3	;	52,6687	;	-2073,6000	;	-1012,9243	;	13/06/08
0	;	52,7059	;	-2193,2000	;	-1248,9794	;	16/06/08
1	;	54,2648	;	-2137,5000	;	-1426,6835	;	17/06/08
2	;	53,9771	;	-2092,5000	;	-1559,8468	;	18/06/08
3	;	53,8656	;	-2042,3000	;	-1656,3374	;	19/06/08
4	;	51,4437	;	-2172,8000	;	-1759,6299	;	20/06/08
7	;	52,4089	;	-2173,3000	;	-1842,3639	;	23/06/08
8	;	53,3462	;	-2074,2000	;	-1888,7311	;	24/06/08
9	;	54,4503	;	-1884,8000	;	-1887,9449	;	25/06/08
10	;	52,5202	;	-1868,9000	;	-1884,1359	;	26/06/08
11	;	52,1769	;	-1862,6000	;	-1879,8287	;	27/06/08
14	;	53,2626	;	-1749,8000	;	-1853,8230	;	30/06/08
15	;	51,0449	;	-1818,5000	;	-1846,7584	;	01/07/08
16	;	48,4281	;	-2060,3000	;	-1889,4667	;	02/07/08
17	;	47,2775	;	-2318,1000	;	-1975,1934	;	03/07/08
18	;	47,7879	;	-2452,9000	;	-2070,7347	;	04/07/08
21	;	47,8436	;	-2526,2000	;	-2161,8278	;	07/07/08
22	;	47,3238	;	-2596,2000	;	-2248,7022	;	08/07/08
24	;	47,3238	;	-2621,5000	;	-2323,2618	;	10/07/08
25	;	46,5537	;	-2672,9000	;	-2393,1894	;	11/07/08
28	;	47,3238	;	-2621,3000	;	-2438,8115	;	14/07/08
29	;	46,3125	;	-2631,7000	;	-2477,3892	;	15/07/08
30	;	45,6537	;	-2662,4000	;	-2514,3914	;	16/07/08
31	;	43,1854	;	-2853,0000	;	-2582,1131	;	17/07/08
32	;	42,6936	;	-3009,1000	;	-2667,5105	;	18/07/08
35	;	44,2618	;	-2972,0000	;	-2728,4084	;	21/07/08
36	;	42,6008	;	-3041,5000	;	-2791,0267	;	22/07/08
37	;	42,5637	;	-3064,3000	;	-2845,6814	;	23/07/08
38	;	40,5778	;	-3205,7000	;	-2917,6851	;	24/07/08
39	;	40,3645	;	-3297,0000	;	-2993,5481	;	25/07/08
42	;	40,8192	;	-3294,7000	;	-3053,7785	;	28/07/08
43	;	41,8028	;	-3176,8000	;	-3078,3828	;	29/07/08
44	;	44,6329	;	-2822,4000	;	-3027,1862	;	30/07/08
45	;	43,9277	;	-2568,9000	;	-2935,5290	;	31/07/08
46	;	41,1904	;	-2559,4000	;	-2860,3032	;	01/08/08
49	;	38,2211	;	-2759,7000	;	-2840,1826	;	04/08/08
50	;	38,6293	;	-2852,6000	;	-2842,6661	;	05/08/08
51	;	39,1582	;	-2850,6000	;	-2844,2529	;	06/08/08
52	;	39,3439	;	-2801,8000	;	-2835,7623	;	07/08/08
53	;	38,6850	;	-2784,2000	;	-2825,4498	;	08/08/08
56	;	37,2561	;	-2852,6000	;	-2830,8798	;	11/08/08
57	;	37,0426	;	-2890,8000	;	-2842,8638	;	12/08/08
58	;	38,7407	;	-2752,3000	;	-2824,7510	;	13/08/08
59	;	39,1582	;	-2579,2000	;	-2775,6408	;	14/08/08
60	;	38,4158	;	-2473,4000	;	-2715,1926	;	15/08/08
63	;	37,5622	;	-2430,4000	;	-2658,2341	;	18/08/08
64	;	38,1375	;	-2323,1000	;	-2591,2073	;	19/08/08
65	;	40,2346	;	-2045,2000	;	-2482,0058	;	20/08/08
66	;	41,0140	;	-1742,0000	;	-2334,0046	;	21/08/08
67	;	40,3459	;	-1537,9000	;	-2174,7837	;	22/08/08
70	;	39,1211	;	-1458,2000	;	-2031,4670	;	25/08/08
71	;	39,1582	;	-1376,2000	;	-1900,4136	;	26/08/08
72	;	40,4387	;	-1194,1000	;	-1759,1509	;	27/08/08
73	;	40,6429	;	-1021,6000	;	-1611,6407	;	28/08/08
74	;	40,3366	;	-899,2000	;	-1469,1526	;	29/08/08
77	;	39,7057	;	-843,4000	;	-1344,0021	;	01/09/08
78	;	38,7870	;	-863,3000	;	-1247,8617	;	02/09/08
79	;	38,6015	;	-883,9000	;	-1175,0694	;	03/09/08
80	;	37,4323	;	-983,2000	;	-1136,6955	;	04/09/08
81	;	37,8499	;	-1016,5000	;	-1112,6564	;	05/09/08
84	;	36,4765	;	-1140,6000	;	-1118,2451	;	08/09/08
85	;	34,6672	;	-1369,2000	;	-1168,4361	;	09/09/08
86	;	36,6992	;	-1370,6000	;	-1208,8689	;	10/09/08
87	;	38,6015	;	-1204,3000	;	-1207,9551	;	11/09/08
88	;	39,5852	;	-981,8000	;	-1162,7241	;	12/09/08
91	;	36,0961	;	-1074,7000	;	-1145,1193	;	15/09/08
92	;	37,0239	;	-1061,2000	;	-1128,3354	;	16/09/08
93	;	34,4259	;	-1245,8000	;	-1151,8283	;	17/09/08
94	;	36,9312	;	-1176,4000	;	-1156,7426	;	18/09/08
95	;	39,9934	;	-864,3000	;	-1098,2541	;	19/09/08
98	;	38,8799	;	-698,8000	;	-1018,3633	;	22/09/08
99	;	36,0312	;	-788,4000	;	-972,3706	;	23/09/08
100	;	36,6527	;	-800,0000	;	-937,8965	;	24/09/08
101	;	37,9334	;	-697,8000	;	-889,8772	;	25/09/08
102	;	35,7250	;	-786,0000	;	-869,1018	;	26/09/08
105	;	31,3637	;	-1194,1000	;	-934,1014	;	29/09/08
106	;	33,9154	;	-1296,7000	;	-1006,6211	;	30/09/08
107	;	33,7670	;	-1374,0000	;	-1080,0969	;	01/10/08
108	;	30,2039	;	-1703,3000	;	-1204,7375	;	02/10/08
109	;	30,3801	;	-1927,8000	;	-1349,3500	;	03/10/08
112	;	28,0697	;	-2266,0000	;	-1532,6800	;	06/10/08
113	;	26,9283	;	-2596,2000	;	-1745,3840	;	07/10/08
114	;	26,9097	;	-2826,8000	;	-1961,6672	;	08/10/08
115	;	25,9261	;	-3053,7000	;	-2180,0738	;	09/10/08
116	;	26,2602	;	-3170,1000	;	-2378,0790	;	10/10/08
119	;	29,6934	;	-2951,2000	;	-2492,7032	;	13/10/08
120	;	29,2203	;	-2783,8000	;	-2550,9226	;	14/10/08
121	;	23,7918	;	-3054,1000	;	-2651,5581	;	15/10/08
122	;	23,1915	;	-3278,9000	;	-2777,0265	;	16/10/08
123	;	24,0110	;	-3352,3000	;	-2892,0812	;	17/10/08
126	;	27,2029	;	-3117,0000	;	-2937,0650	;	20/10/08
127	;	27,4792	;	-2875,0000	;	-2924,6520	;	21/10/08
128	;	25,9166	;	-2777,3000	;	-2895,1816	;	22/10/08
129	;	24,4397	;	-2786,9000	;	-2873,5253	;	23/10/08
130	;	23,2392	;	-2858,5000	;	-2870,5202	;	24/10/08
133	;	21,0573	;	-3056,1000	;	-2907,6362	;	27/10/08
134	;	23,9729	;	-2943,4000	;	-2914,7890	;	28/10/08
135	;	24,7161	;	-2762,4000	;	-2884,3112	;	29/10/08
136	;	26,4787	;	-2448,4000	;	-2797,1290	;	30/10/08
137	;	27,0504	;	-2128,9000	;	-2663,4832	;	31/10/08
140	;	27,6316	;	-1808,0000	;	-2492,3866	;	03/11/08
141	;	29,5754	;	-1380,8000	;	-2270,0693	;	04/11/08
142	;	27,0601	;	-1231,1000	;	-2062,2754	;	05/11/08
143	;	26,2024	;	-1168,2000	;	-1883,4603	;	06/11/08
144	;	25,3926	;	-1170,3000	;	-1740,8282	;	07/11/08
147	;	26,5836	;	-1063,5000	;	-1605,3626	;	10/11/08
148	;	26,9172	;	-941,1000	;	-1472,5101	;	11/11/08
149	;	25,1640	;	-974,4000	;	-1372,8881	;	12/11/08
150	;	26,0024	;	-922,4000	;	-1282,7905	;	13/11/08
151	;	25,7737	;	-889,4000	;	-1204,1124	;	14/11/08
154	;	25,4402	;	-880,0000	;	-1139,2899	;	17/11/08
155	;	24,3445	;	-950,1000	;	-1101,4519	;	18/11/08
156	;	23,8205	;	-1036,0000	;	-1088,3615	;	19/11/08
158	;	21,7242	;	-1258,7000	;	-1122,4292	;	21/11/08
161	;	24,8781	;	-1167,2000	;	-1131,3834	;	24/11/08
162	;	25,5450	;	-1029,1000	;	-1110,9267	;	25/11/08
163	;	26,2882	;	-849,9000	;	-1058,7214	;	26/11/08
164	;	25,7737	;	-740,8000	;	-995,1371	;	27/11/08
165	;	26,2310	;	-610,4000	;	-918,1897	;	28/11/08
168	;	24,2969	;	-655,6000	;	-865,6718	;	01/12/08
169	;	23,3918	;	-755,7000	;	-843,6774	;	02/12/08
170	;	23,6966	;	-801,2000	;	-835,1819	;	03/12/08
171	;	22,9534	;	-887,1000	;	-845,5655	;	04/12/08
172	;	22,4389	;	-985,2000	;	-873,4924	;	05/12/08
175	;	25,2497	;	-826,7000	;	-864,1339	;	08/12/08
176	;	25,6023	;	-664,9000	;	-824,2871	;	09/12/08
177	;	27,3554	;	-390,7000	;	-737,5697	;	10/12/08
178	;	26,7837	;	-217,0000	;	-633,4558	;	11/12/08
179	;	26,8791	;	-70,9000	;	-520,9446	;	12/12/08
182	;	27,0504	;	58,1000	;	-405,1357	;	15/12/08
183	;	28,4893	;	273,2000	;	-269,4686	;	16/12/08
184	;	28,8704	;	469,1000	;	-121,7549	;	17/12/08
185	;	27,4506	;	503,9000	;	3,3761	;	18/12/08
186	;	27,3364	;	516,4000	;	105,9809	;	19/12/08
189	;	25,6118	;	382,7000	;	161,3247	;	22/12/08
190	;	24,6399	;	196,0000	;	168,2598	;	23/12/08
193	;	25,8214	;	141,7000	;	162,9478	;	26/12/08
196	;	25,7642	;	93,0000	;	148,9582	;	29/12/08
197	;	26,3835	;	103,2000	;	139,8066	;	30/12/08
200	;	29,0609	;	323,6000	;	176,5653	;	02/01/09
203	;	30,6426	;	618,8000	;	265,0122	;	05/01/09
204	;	31,4906	;	910,7000	;	394,1498	;	06/01/09
205	;	29,5374	;	973,2000	;	509,9598	;	07/01/09
206	;	30,8521	;	1115,9000	;	631,1478	;	08/01/09
207	;	30,3473	;	1174,8000	;	739,8782	;	09/01/09
210	;	27,9271	;	1014,5000	;	794,8026	;	12/01/09
211	;	28,6798	;	937,3000	;	823,3021	;	13/01/09
212	;	27,3459	;	759,7000	;	810,5817	;	14/01/09
213	;	28,0604	;	668,9000	;	782,2454	;	15/01/09
214	;	28,5845	;	632,0000	;	752,1963	;	16/01/09
217	;	28,2700	;	570,8000	;	715,9170	;	19/01/09
218	;	27,0219	;	416,8000	;	656,0936	;	20/01/09
219	;	27,8126	;	354,5000	;	595,7749	;	21/01/09
220	;	27,8509	;	304,6000	;	537,5399	;	22/01/09
221	;	28,8228	;	339,7000	;	497,9719	;	23/01/09
224	;	29,3658	;	406,6000	;	479,6975	;	26/01/09
225	;	30,5950	;	552,4000	;	494,2380	;	27/01/09
226	;	32,3386	;	799,5000	;	555,2904	;	28/01/09
227	;	31,4716	;	914,8000	;	627,1923	;	29/01/09
228	;	30,9666	;	954,5000	;	692,6538	;	30/01/09
231	;	30,7855	;	960,2000	;	746,1630	;	02/02/09
232	;	32,3100	;	1075,3000	;	811,9904	;	03/02/09
233	;	33,7392	;	1267,3000	;	903,0523	;	04/02/09
234	;	35,2066	;	1520,3000	;	1026,5018	;	05/02/09
235	;	36,9217	;	1838,0000	;	1188,8014	;	06/02/09
238	;	35,8259	;	1978,6000	;	1346,7611	;	09/02/09
239	;	34,7778	;	1982,6000	;	1473,9289	;	10/02/09
240	;	33,8059	;	1885,6000	;	1556,2631	;	11/02/09
241	;	33,1675	;	1737,2000	;	1592,4505	;	12/02/09
242	;	34,6730	;	1721,2000	;	1618,2004	;	13/02/09
245	;	34,7874	;	1698,2000	;	1634,2003	;	16/02/09
246	;	32,5005	;	1478,4000	;	1603,0402	;	17/02/09
247	;	33,1580	;	1341,8000	;	1550,7922	;	18/02/09
248	;	33,3676	;	1236,2000	;	1487,8738	;	19/02/09
249	;	30,7093	;	927,3000	;	1375,7590	;	20/02/09
254	;	29,0609	;	543,2000	;	1209,2472	;	25/02/09
255	;	29,0609	;	236,0000	;	1014,5978	;	26/02/09
256	;	29,4135	;	20,9000	;	815,8582	;	27/02/09
259	;	27,7461	;	-280,9000	;	596,5066	;	02/03/09
260	;	28,2796	;	-471,6000	;	382,8853	;	03/03/09
261	;	31,1477	;	-386,8000	;	228,9482	;	04/03/09
262	;	29,7470	;	-427,7000	;	97,6186	;	05/03/09
263	;	28,9657	;	-517,3000	;	-25,3651	;	06/03/09
266	;	28,2986	;	-634,7000	;	-147,2321	;	09/03/09
267	;	30,3948	;	-552,3000	;	-228,2457	;	10/03/09
268	;	30,6998	;	-457,1000	;	-274,0166	;	11/03/09
269	;	30,1662	;	-419,9000	;	-303,1933	;	12/03/09
270	;	29,3658	;	-449,8000	;	-332,5146	;	13/03/09
273	;	29,2324	;	-478,8000	;	-361,7717	;	16/03/09
274	;	29,9661	;	-437,5000	;	-376,9174	;	17/03/09
275	;	29,6707	;	-423,7000	;	-386,2739	;	18/03/09
276	;	30,2996	;	-357,9000	;	-380,5991	;	19/03/09
277	;	29,8709	;	-336,5000	;	-371,7793	;	20/03/09
280	;	31,7479	;	-166,1000	;	-330,6434	;	23/03/09
281	;	30,5950	;	-122,7000	;	-289,0547	;	24/03/09
282	;	30,6808	;	-80,5000	;	-247,3438	;	25/03/09
283	;	31,5286	;	21,1000	;	-193,6550	;	26/03/09
284	;	30,7283	;	36,6000	;	-147,6040	;	27/03/09
287	;	28,9942	;	-89,9000	;	-136,0632	;	30/03/09
288	;	29,5374	;	-144,7000	;	-137,7906	;	31/03/09
289	;	30,0138	;	-148,0000	;	-139,8325	;	01/04/09
290	;	31,9861	;	8,5000	;	-110,1660	;	02/04/09
291	;	32,3481	;	159,9000	;	-56,1528	;	03/04/09
294	;	31,5002	;	209,1000	;	-3,1022	;	06/04/09
295	;	30,8141	;	190,4000	;	35,5982	;	07/04/09
296	;	31,0618	;	193,4000	;	67,1586	;	08/04/09
297	;	33,0628	;	353,1000	;	124,3469	;	09/04/09
298	;	33,0628	;	474,3000	;	194,3375	;	10/04/09
301	;	33,9204	;	632,2000	;	281,9100	;	13/04/09
302	;	33,9488	;	751,0000	;	375,7280	;	14/04/09
303	;	34,1966	;	855,3000	;	471,6424	;	15/04/09
304	;	34,4138	;	944,6000	;	566,2339	;	16/04/09
305	;	34,1334	;	981,4000	;	649,2671	;	17/04/09
308	;	32,7603	;	889,5000	;	697,3137	;	20/04/09
310	;	33,1470	;	838,2000	;	725,4910	;	22/04/09
311	;	34,0850	;	863,4000	;	753,0728	;	23/04/09
312	;	34,7232	;	924,2000	;	787,2982	;	24/04/09
315	;	33,7563	;	884,1000	;	806,6586	;	27/04/09
316	;	33,1663	;	795,5000	;	804,4269	;	28/04/09
317	;	33,8529	;	771,8000	;	797,9015	;	29/04/09
318	;	34,8876	;	827,0000	;	803,7212	;	30/04/09
322	;	38,6780	;	1163,2000	;	875,6170	;	04/05/09
323	;	38,3879	;	1390,3000	;	978,5536	;	05/05/09
324	;	38,6780	;	1575,5000	;	1097,9429	;	06/05/09
325	;	37,2276	;	1587,0000	;	1195,7543	;	07/05/09
326	;	37,7594	;	1620,3000	;	1280,6634	;	08/05/09
329	;	37,8754	;	1637,2000	;	1351,9707	;	11/05/09
330	;	36,8602	;	1550,7000	;	1391,7166	;	12/05/09
331	;	35,3904	;	1348,0000	;	1382,9733	;	13/05/09
332	;	35,6223	;	1192,3000	;	1344,8386	;	14/05/09
333	;	35,3904	;	1038,3000	;	1283,5309	;	15/05/09
336	;	37,7110	;	1090,9000	;	1245,0047	;	18/05/09
337	;	38,0012	;	1142,8000	;	1224,5638	;	19/05/09
338	;	38,1173	;	1179,8000	;	1215,6110	;	20/05/09
339	;	36,5701	;	1071,9000	;	1186,8688	;	21/05/09
340	;	36,5024	;	969,8000	;	1143,4550	;	22/05/09
343	;	36,8312	;	904,9000	;	1095,7440	;	25/05/09
344	;	37,5950	;	904,7000	;	1057,5352	;	26/05/09
345	;	36,5991	;	814,8000	;	1008,9882	;	27/05/09
346	;	37,4984	;	806,8000	;	968,5506	;	28/05/09
347	;	36,7635	;	732,7000	;	921,3805	;	29/05/09
350	;	38,5814	;	811,3000	;	899,3644	;	01/06/09
351	;	37,2663	;	758,7000	;	871,2315	;	02/06/09
352	;	35,7191	;	585,5000	;	814,0852	;	03/06/09
353	;	36,5314	;	507,9000	;	752,8482	;	04/06/09
354	;	36,9181	;	472,1000	;	696,6986	;	05/06/09
357	;	37,1309	;	455,7000	;	648,4989	;	08/06/09
358	;	37,1406	;	438,4000	;	606,4791	;	09/06/09
359	;	37,4693	;	446,1000	;	574,4033	;	10/06/09
361	;	37,2469	;	429,3000	;	545,3826	;	12/06/09
364	;	36,5121	;	352,6000	;	506,8261	;	15/06/09
365	;	35,8738	;	237,6000	;	452,9809	;	16/06/09
366	;	35,5934	;	122,4000	;	386,8647	;	17/06/09
367	;	35,3807	;	13,8000	;	312,2518	;	18/06/09
368	;	35,3421	;	-74,6000	;	234,8814	;	19/06/09
371	;	33,4275	;	-295,7000	;	128,7651	;	22/06/09
372	;	33,6982	;	-443,9000	;	14,2321	;	23/06/09
373	;	32,9343	;	-616,0000	;	-111,8143	;	24/06/09
374	;	34,0367	;	-655,8000	;	-220,6114	;	25/06/09
375	;	33,4566	;	-725,8000	;	-321,6491	;	26/06/09
378	;	33,7563	;	-748,5000	;	-407,0193	;	29/06/09
379	;	33,3598	;	-789,4000	;	-483,4954	;	30/06/09
380	;	33,4855	;	-802,4000	;	-547,2763	;	01/07/09
381	;	33,2148	;	-825,0000	;	-602,8210	;	02/07/09
382	;	33,0503	;	-846,4000	;	-651,5368	;	03/07/09
385	;	32,4605	;	-900,7000	;	-701,3694	;	06/07/09
386	;	30,8360	;	-1062,5000	;	-773,5955	;	07/07/09
387	;	31,4839	;	-1125,5000	;	-843,9764	;	08/07/09
388	;	31,4839	;	-1162,0000	;	-907,5811	;	09/07/09
389	;	31,4260	;	-1182,0000	;	-962,4649	;	10/07/09
392	;	31,4260	;	-1184,2000	;	-1006,8119	;	13/07/09
393	;	31,1551	;	-1194,0000	;	-1044,2495	;	14/07/09
394	;	33,5724	;	-995,3000	;	-1034,4596	;	15/07/09
395	;	33,6305	;	-823,6000	;	-992,2877	;	16/07/09
396	;	33,6015	;	-682,0000	;	-930,2302	;	17/07/09
399	;	34,8876	;	-460,7000	;	-836,3242	;	20/07/09
400	;	35,2841	;	-250,4000	;	-719,1394	;	21/07/09
401	;	34,5684	;	-139,9000	;	-603,2915	;	22/07/09
402	;	35,2937	;	6,1000	;	-481,4132	;	23/07/09
403	;	35,5837	;	143,6000	;	-356,4106	;	24/07/09
406	;	35,8255	;	269,0000	;	-231,3285	;	27/07/09
407	;	35,7191	;	355,7000	;	-113,9228	;	28/07/09
408	;	34,9552	;	358,6000	;	-19,4182	;	29/07/09
409	;	35,3904	;	391,5000	;	62,7654	;	30/07/09
410	;	35,8255	;	447,6000	;	139,7323	;	31/07/09
413	;	36,8215	;	565,9000	;	224,9658	;	03/08/09
414	;	36,7635	;	647,4000	;	309,4526	;	04/08/09
415	;	36,8215	;	708,5000	;	389,2621	;	05/08/09
416	;	36,3090	;	707,5000	;	452,9097	;	06/08/09
417	;	36,6958	;	729,5000	;	508,2278	;	07/08/09
420	;	36,5991	;	730,7000	;	552,7222	;	10/08/09
421	;	35,6708	;	649,2000	;	572,0178	;	11/08/09
422	;	35,9995	;	604,2000	;	578,4542	;	12/08/09
423	;	36,9277	;	636,2000	;	590,0034	;	13/08/09
424	;	37,2276	;	677,8000	;	607,5627	;	14/08/09
427	;	35,6804	;	579,3000	;	601,9102	;	17/08/09
428	;	35,4871	;	480,0000	;	577,5282	;	18/08/09
429	;	35,4679	;	395,3000	;	541,0826	;	19/08/09
430	;	35,7481	;	346,8000	;	502,2261	;	20/08/09
431	;	36,2605	;	345,7000	;	470,9209	;	21/08/09
434	;	36,6958	;	375,6000	;	451,8567	;	24/08/09
435	;	36,4347	;	374,0000	;	436,2854	;	25/08/09
436	;	36,3380	;	360,7000	;	421,1683	;	26/08/09
437	;	36,1157	;	328,4000	;	402,6146	;	27/08/09
438	;	36,6378	;	341,0000	;	390,2917	;	28/08/09
441	;	35,4679	;	253,7000	;	362,9734	;	31/08/09
442	;	35,3517	;	173,2000	;	325,0187	;	01/09/09
443	;	34,8199	;	65,7000	;	273,1550	;	02/09/09
444	;	35,2743	;	17,0000	;	221,9240	;	03/09/09
445	;	35,8738	;	26,4000	;	182,8192	;	04/09/09
449	;	37,0342	;	126,1000	;	171,4754	;	08/09/09
450	;	36,8891	;	191,2000	;	175,4203	;	09/09/09
451	;	37,5659	;	294,0000	;	199,1362	;	10/09/09
452	;	37,1309	;	336,5000	;	226,6090	;	11/09/09
455	;	37,6143	;	404,5000	;	262,1872	;	14/09/09
456	;	38,1752	;	498,0000	;	309,3498	;	15/09/09
457	;	38,9197	;	624,9000	;	372,4598	;	16/09/09
458	;	38,4363	;	678,6000	;	433,6878	;	17/09/09
459	;	38,6684	;	731,5000	;	493,2502	;	18/09/09
462	;	39,3356	;	817,8000	;	558,1602	;	21/09/09
463	;	40,3896	;	960,3000	;	638,5882	;	22/09/09
464	;	39,9931	;	1029,3000	;	716,7306	;	23/09/09
465	;	39,2969	;	1016,0000	;	776,5845	;	24/09/09
466	;	39,3453	;	997,9000	;	820,8476	;	25/09/09
469	;	40,0028	;	1024,8000	;	861,6381	;	28/09/09
470	;	39,6449	;	1005,7000	;	890,4505	;	29/09/09
471	;	39,8287	;	993,9000	;	911,1404	;	30/09/09
472	;	38,7264	;	885,4000	;	905,9923	;	01/10/09
473	;	39,6063	;	860,5000	;	896,8938	;	02/10/09
476	;	40,1286	;	872,8000	;	892,0750	;	05/10/09
477	;	40,4959	;	901,9000	;	894,0400	;	06/10/09
478	;	41,4725	;	992,3000	;	913,6920	;	07/10/09
479	;	42,0624	;	1098,9000	;	950,7336	;	08/10/09
480	;	42,2750	;	1186,8000	;	997,9469	;	09/10/09
483	;	42,2750	;	1242,2000	;	1046,7975	;	12/10/09
484	;	41,8689	;	1239,0000	;	1085,2380	;	13/10/09
485	;	43,8028	;	1376,7000	;	1143,5304	;	14/10/09
486	;	44,2767	;	1506,7000	;	1216,1643	;	15/10/09
487	;	44,2297	;	1587,6000	;	1290,4514	;	16/10/09
490	;	45,5591	;	1739,0000	;	1380,1611	;	19/10/09
491	;	44,7380	;	1772,3000	;	1458,5889	;	20/10/09
492	;	45,0703	;	1804,7000	;	1527,8111	;	21/10/09
493	;	45,8621	;	1872,6000	;	1596,7689	;	22/10/09
494	;	45,0703	;	1841,3000	;	1645,6751	;	23/10/09
497	;	45,3538	;	1818,4000	;	1680,2201	;	26/10/09
498	;	43,6433	;	1643,3000	;	1672,8361	;	27/10/09
499	;	41,7471	;	1336,2000	;	1605,5089	;	28/10/09
500	;	45,4516	;	1375,8000	;	1559,5671	;	29/10/09
501	;	43,7899	;	1258,6000	;	1499,3737	;	30/10/09
505	;	45,4516	;	1285,0000	;	1456,4990	;	03/11/09
506	;	45,8817	;	1325,4000	;	1430,2792	;	04/11/09
507	;	46,0771	;	1357,6000	;	1415,7434	;	05/11/09
508	;	45,7839	;	1343,9000	;	1401,3747	;	06/11/09
511	;	47,3577	;	1443,4000	;	1409,7798	;	09/11/09
512	;	46,8395	;	1463,6000	;	1420,5438	;	10/11/09
513	;	46,7516	;	1455,7000	;	1427,5750	;	11/11/09
514	;	45,0606	;	1298,1000	;	1401,6800	;	12/11/09
515	;	45,8426	;	1222,2000	;	1365,7840	;	13/11/09
518	;	47,6704	;	1294,6000	;	1351,5472	;	16/11/09
519	;	48,2960	;	1386,5000	;	1358,5378	;	17/11/09
520	;	47,4652	;	1376,3000	;	1362,0902	;	18/11/09
521	;	47,5727	;	1361,3000	;	1361,9322	;	19/11/09
522	;	47,5727	;	1334,0000	;	1356,3458	;	20/11/09
525	;	48,0809	;	1338,0000	;	1352,6766	;	23/11/09
526	;	48,3547	;	1347,7000	;	1351,6813	;	24/11/09
527	;	49,1659	;	1404,7000	;	1362,2850	;	25/11/09
528	;	47,6997	;	1316,4000	;	1353,1080	;	26/11/09
529	;	48,4817	;	1294,5000	;	1341,3864	;	27/11/09
532	;	47,9148	;	1217,5000	;	1316,6091	;	30/11/09
533	;	48,7749	;	1211,8000	;	1295,6473	;	01/12/09
534	;	48,3840	;	1162,4000	;	1268,9978	;	02/12/09
535	;	47,8463	;	1067,5000	;	1228,6982	;	03/12/09
536	;	46,9667	;	910,9000	;	1165,1386	;	04/12/09
539	;	47,0448	;	784,0000	;	1088,9109	;	07/12/09
540	;	46,6245	;	642,1000	;	999,5487	;	08/12/09
541	;	47,1133	;	562,6000	;	912,1590	;	09/12/09
542	;	47,8953	;	556,3000	;	840,9872	;	10/12/09
543	;	48,2863	;	576,2000	;	788,0298	;	11/12/09
546	;	49,1464	;	653,9000	;	761,2038	;	14/12/09
547	;	49,0878	;	702,6000	;	749,4830	;	15/12/09
548	;	48,8335	;	712,5000	;	742,0864	;	16/12/09
549	;	47,3185	;	591,2000	;	711,9091	;	17/12/09
550	;	47,2110	;	480,9000	;	665,7073	;	18/12/09
553	;	47,0546	;	376,5000	;	607,8658	;	21/12/09
554	;	47,9441	;	361,4000	;	558,5726	;	22/12/09
555	;	48,5893	;	396,9000	;	526,2381	;	23/12/09
560	;	48,6772	;	427,3000	;	506,4505	;	28/12/09
561	;	48,5403	;	435,3000	;	492,2204	;	29/12/09
562	;	48,3840	;	424,1000	;	478,5963	;	30/12/09
567	;	50,3290	;	565,7000	;	496,0170	;	04/01/10
568	;	50,7983	;	707,6000	;	538,3336	;	05/01/10
569	;	51,8734	;	896,5000	;	609,9669	;	06/01/10
570	;	52,0886	;	1051,4000	;	698,2535	;	07/01/10
571	;	52,5967	;	1201,4000	;	798,8828	;	08/01/10
574	;	52,4404	;	1292,7000	;	897,6462	;	11/01/10
575	;	52,2938	;	1337,9000	;	985,6970	;	12/01/10
576	;	52,9389	;	1409,5000	;	1070,4576	;	13/01/10
577	;	52,9292	;	1448,7000	;	1146,1061	;	14/01/10
578	;	52,2448	;	1408,4000	;	1198,5649	;	15/01/10
581	;	52,9779	;	1419,2000	;	1242,6919	;	18/01/10
582	;	53,7111	;	1469,9000	;	1288,1335	;	19/01/10
583	;	52,2448	;	1376,0000	;	1305,7068	;	20/01/10
584	;	50,4366	;	1142,5000	;	1273,0654	;	21/01/10
585	;	49,3712	;	861,5000	;	1190,7523	;	22/01/10
589	;	48,3741	;	552,0000	;	1063,0018	;	26/01/10
590	;	47,7095	;	250,2000	;	900,4414	;	27/01/10
591	;	47,6801	;	8,5000	;	722,0531	;	28/01/10
592	;	47,8073	;	-170,8000	;	543,4825	;	29/01/10
595	;	49,2539	;	-193,9000	;	396,0060	;	01/02/10
596	;	49,2539	;	-209,7000	;	274,8648	;	02/02/10
597	;	49,1464	;	-228,3000	;	174,2318	;	03/02/10
598	;	46,4876	;	-452,4000	;	48,9054	;	04/02/10
599	;	46,0966	;	-654,1000	;	-91,6957	;	05/02/10
602	;	46,4290	;	-778,1000	;	-228,9766	;	08/02/10
603	;	47,4065	;	-788,4000	;	-340,8613	;	09/02/10
604	;	47,4554	;	-783,6000	;	-429,4090	;	10/02/10
605	;	48,5697	;	-682,0000	;	-479,9272	;	11/02/10
606	;	48,2373	;	-621,2000	;	-508,1818	;	12/02/10
611	;	50,1434	;	-414,4000	;	-489,4254	;	17/02/10
612	;	50,9938	;	-179,8000	;	-427,5003	;	18/02/10
613	;	50,8275	;	-7,2000	;	-343,4402	;	19/02/10
616	;	49,8502	;	50,1000	;	-264,7322	;	22/02/10
617	;	49,0878	;	33,6000	;	-205,0658	;	23/02/10
618	;	49,2636	;	34,3000	;	-157,1926	;	24/02/10
619	;	49,5569	;	57,9000	;	-114,1741	;	25/02/10
620	;	49,3126	;	56,3000	;	-80,0793	;	26/02/10
623	;	49,8208	;	94,9000	;	-45,0834	;	01/03/10
624	;	50,8178	;	203,6000	;	4,6533	;	02/03/10
625	;	50,7103	;	277,9000	;	59,3026	;	03/03/10
626	;	51,4141	;	389,1000	;	125,2621	;	04/03/10
627	;	53,0757	;	604,3000	;	221,0697	;	05/03/10
630	;	52,6848	;	734,9000	;	323,8358	;	08/03/10
631	;	53,0757	;	860,0000	;	431,0686	;	09/03/10
632	;	52,3915	;	893,7000	;	523,5949	;	10/03/10
633	;	51,7073	;	855,2000	;	589,9159	;	11/03/10
634	;	51,4141	;	792,0000	;	630,3327	;	12/03/10
637	;	51,7073	;	756,8000	;	655,6262	;	15/03/10
638	;	52,9975	;	823,5000	;	689,2010	;	16/03/10
639	;	53,0562	;	871,1000	;	725,5808	;	17/03/10
640	;	52,5382	;	857,1000	;	751,8846	;	18/03/10
641	;	51,9712	;	791,1000	;	759,7277	;	19/03/10
644	;	52,6749	;	786,5000	;	765,0822	;	22/03/10
645	;	54,5419	;	922,9000	;	796,6458	;	23/03/10
646	;	54,4442	;	1011,5000	;	839,6166	;	24/03/10
647	;	54,0532	;	1038,1000	;	879,3133	;	25/03/10
648	;	54,5419	;	1086,2000	;	920,6906	;	26/03/10
651	;	55,7638	;	1209,0000	;	978,3525	;	29/03/10
652	;	56,1547	;	1322,5000	;	1047,1820	;	30/03/10
653	;	55,8615	;	1373,1000	;	1112,3656	;	31/03/10
654	;	56,4284	;	1442,2000	;	1178,3325	;	01/04/10
658	;	56,2720	;	1467,5000	;	1236,1660	;	05/04/10
659	;	56,1938	;	1464,3000	;	1281,7928	;	06/04/10
660	;	56,7608	;	1490,4000	;	1323,5142	;	07/04/10
661	;	58,0607	;	1597,5000	;	1378,3114	;	08/04/10
662	;	57,9532	;	1654,6000	;	1433,5691	;	09/04/10
665	;	57,5525	;	1648,5000	;	1476,5553	;	12/04/10
666	;	58,0119	;	1661,6000	;	1513,5642	;	13/04/10
667	;	58,5006	;	1692,0000	;	1549,2514	;	14/04/10
668	;	58,4235	;	1690,3000	;	1577,4611	;	15/04/10
669	;	57,6163	;	1605,3000	;	1583,0289	;	16/04/10
672	;	56,6024	;	1439,6000	;	1554,3431	;	19/04/10
673	;	55,8149	;	1230,5000	;	1489,5745	;	20/04/10
675	;	56,0117	;	1068,4000	;	1405,3396	;	22/04/10
676	;	55,5196	;	890,0000	;	1302,2717	;	23/04/10
679	;	55,2932	;	722,0000	;	1186,2174	;	26/04/10
680	;	52,4778	;	357,6000	;	1020,4939	;	27/04/10
681	;	52,1234	;	39,7000	;	824,3351	;	28/04/10
682	;	53,5507	;	-96,0000	;	640,2681	;	29/04/10
683	;	52,2711	;	-303,2000	;	451,5745	;	30/04/10
686	;	50,9717	;	-565,8000	;	248,0996	;	03/05/10
687	;	48,5895	;	-955,2000	;	7,4397	;	04/05/10
688	;	49,8003	;	-1152,7000	;	-224,5882	;	05/05/10
689	;	49,0915	;	-1350,9000	;	-449,8506	;	06/05/10
690	;	48,9242	;	-1504,2000	;	-660,7205	;	07/05/10
693	;	51,0012	;	-1441,4000	;	-816,8564	;	10/05/10
694	;	50,5090	;	-1415,1000	;	-936,5051	;	11/05/10
695	;	50,3318	;	-1392,5000	;	-1027,7041	;	12/05/10
696	;	49,6033	;	-1417,0000	;	-1105,5633	;	13/05/10
697	;	48,1366	;	-1537,0000	;	-1191,8506	;	14/05/10
700	;	47,3885	;	-1673,3000	;	-1288,1405	;	17/05/10
701	;	45,6757	;	-1897,6000	;	-1410,0324	;	18/05/10
702	;	44,7897	;	-2122,4000	;	-1552,5059	;	19/05/10
703	;	43,1655	;	-2404,0000	;	-1722,8047	;	20/05/10
704	;	46,0694	;	-2365,5000	;	-1851,3438	;	21/05/10
707	;	45,5871	;	-2346,8000	;	-1950,4350	;	24/05/10
708	;	45,9907	;	-2273,3000	;	-2015,0080	;	25/05/10
709	;	45,7445	;	-2209,4000	;	-2053,8864	;	26/05/10
710	;	48,6288	;	-1904,1000	;	-2023,9291	;	27/05/10
711	;	48,1858	;	-1678,5000	;	-1954,8433	;	28/05/10
714	;	49,2195	;	-1400,2000	;	-1843,9146	;	31/05/10
715	;	48,1563	;	-1251,0000	;	-1725,3317	;	01/06/10
716	;	49,1702	;	-1039,0000	;	-1588,0654	;	02/06/10
718	;	46,8471	;	-1046,4000	;	-1479,7323	;	04/06/10
721	;	45,3804	;	-1157,2000	;	-1415,2258	;	07/06/10
722	;	45,8627	;	-1192,4000	;	-1370,6606	;	08/06/10
723	;	46,0300	;	-1193,0000	;	-1335,1285	;	09/06/10
724	;	46,8668	;	-1113,1000	;	-1290,7228	;	10/06/10
725	;	47,4377	;	-992,4000	;	-1231,0582	;	11/06/10
728	;	47,4673	;	-884,1000	;	-1161,6666	;	14/06/10
729	;	48,1464	;	-735,0000	;	-1076,3333	;	15/06/10
730	;	47,5460	;	-657,7000	;	-992,6066	;	16/06/10
731	;	46,7092	;	-656,4000	;	-925,3653	;	17/06/10
732	;	46,2663	;	-683,2000	;	-876,9322	;	18/06/10
735	;	47,7134	;	-581,0000	;	-817,7458	;	21/06/10
736	;	47,2506	;	-531,2000	;	-760,4366	;	22/06/10
737	;	47,8314	;	-439,8000	;	-696,3093	;	23/06/10
738	;	46,7585	;	-448,8000	;	-646,8074	;	24/06/10
739	;	47,3294	;	-405,2000	;	-598,4859	;	25/06/10
742	;	46,4435	;	-437,1000	;	-566,2087	;	28/06/10
743	;	44,1991	;	-636,2000	;	-580,2070	;	29/06/10
744	;	42,9686	;	-883,0000	;	-640,7656	;	30/06/10
745	;	43,1556	;	-1051,4000	;	-722,8925	;	01/07/10
746	;	42,9391	;	-1188,7000	;	-816,0540	;	02/07/10
749	;	42,3287	;	-1331,4000	;	-919,1232	;	05/07/10
750	;	42,8603	;	-1385,6000	;	-1012,4186	;	06/07/10
751	;	43,8940	;	-1329,8000	;	-1075,8949	;	07/07/10
752	;	44,0416	;	-1259,1000	;	-1112,5359	;	08/07/10
756	;	43,3918	;	-1173,1000	;	-1136,9470	;	12/07/10
757	;	43,4706	;	-1140,6000	;	-1137,6776	;	13/07/10
758	;	43,4805	;	-1101,5000	;	-1130,4421	;	14/07/10
759	;	43,1359	;	-1085,7000	;	-1121,4937	;	15/07/10
760	;	42,1810	;	-1137,2000	;	-1124,6350	;	16/07/10
763	;	43,3623	;	-1070,3000	;	-1113,7680	;	19/07/10
764	;	45,8134	;	-810,2000	;	-1053,0544	;	20/07/10
765	;	46,0792	;	-576,0000	;	-957,6435	;	21/07/10
766	;	47,0538	;	-308,1000	;	-827,7348	;	22/07/10
767	;	47,4180	;	-65,7000	;	-675,3278	;	23/07/10
770	;	47,4377	;	126,6000	;	-514,9422	;	26/07/10
771	;	47,2506	;	260,9000	;	-359,7738	;	27/07/10
772	;	48,0874	;	429,9000	;	-201,8390	;	28/07/10
773	;	47,6444	;	522,0000	;	-57,0712	;	29/07/10
774	;	47,7921	;	600,0000	;	74,3430	;	30/07/10
777	;	49,7412	;	809,8000	;	221,4344	;	02/08/10
778	;	49,6821	;	960,3000	;	369,2075	;	03/08/10
779	;	49,6427	;	1064,1000	;	508,1860	;	04/08/10
780	;	49,8593	;	1150,5000	;	636,6488	;	05/08/10
781	;	49,7904	;	1199,7000	;	749,2590	;	06/08/10
784	;	49,9183	;	1234,7000	;	846,3472	;	09/08/10
785	;	49,2195	;	1192,3000	;	915,5378	;	10/08/10
786	;	47,5558	;	1012,8000	;	934,9902	;	11/08/10
787	;	47,9594	;	892,7000	;	926,5322	;	12/08/10
788	;	48,0382	;	794,8000	;	900,1858	;	13/08/10
791	;	48,6682	;	759,3000	;	872,0086	;	16/08/10
792	;	49,2293	;	767,6000	;	851,1269	;	17/08/10
793	;	49,5640	;	792,0000	;	839,3015	;	18/08/10
794	;	49,0718	;	762,9000	;	824,0212	;	19/08/10
795	;	48,4713	;	683,5000	;	795,9170	;	20/08/10
798	;	47,0833	;	502,8000	;	737,2936	;	23/08/10
799	;	46,0694	;	274,6000	;	644,7549	;	24/08/10
800	;	45,6560	;	59,6000	;	527,7239	;	25/08/10
801	;	45,1440	;	-150,3000	;	392,1191	;	26/08/10
802	;	46,7092	;	-188,2000	;	276,0553	;	27/08/10
805	;	45,4787	;	-313,9000	;	158,0642	;	30/08/10
806	;	46,1482	;	-355,4000	;	55,3714	;	31/08/10
807	;	48,2843	;	-213,4000	;	1,6171	;	01/09/10
808	;	47,8216	;	-136,7000	;	-26,0463	;	02/09/10
809	;	47,6444	;	-89,1000	;	-38,6570	;	03/09/10
812	;	47,2506	;	-82,2000	;	-47,3656	;	06/09/10
814	;	46,4533	;	-139,5000	;	-65,7925	;	08/09/10
815	;	46,5616	;	-174,2000	;	-87,4740	;	09/09/10
816	;	46,1285	;	-234,0000	;	-116,7792	;	10/09/10
819	;	47,4476	;	-172,9000	;	-128,0034	;	13/09/10
820	;	47,0538	;	-154,4000	;	-133,2827	;	14/09/10
821	;	47,3294	;	-116,2000	;	-129,8662	;	15/09/10
822	;	47,0243	;	-109,3000	;	-125,7530	;	16/09/10
823	;	46,3942	;	-152,9000	;	-131,1824	;	17/09/10
826	;	47,3491	;	-109,2000	;	-126,7859	;	20/09/10
827	;	47,4968	;	-61,9000	;	-113,8087	;	21/09/10
828	;	48,3532	;	44,1000	;	-82,2270	;	22/09/10
829	;	48,3729	;	128,3000	;	-40,1216	;	23/09/10
830	;	50,0365	;	325,6000	;	33,0227	;	24/09/10
833	;	50,9520	;	549,5000	;	136,3182	;	27/09/10
834	;	51,3458	;	750,0000	;	259,0546	;	28/09/10
835	;	51,3753	;	901,0000	;	387,4437	;	29/09/10
836	;	51,4835	;	1017,6000	;	513,4750	;	30/09/10
837	;	51,9758	;	1136,6000	;	638,1000	;	01/10/10
840	;	52,0151	;	1220,1000	;	754,5000	;	04/10/10
841	;	52,6746	;	1324,2000	;	868,4400	;	05/10/10
842	;	52,8322	;	1403,2000	;	975,3920	;	06/10/10
843	;	52,6451	;	1434,2000	;	1067,1536	;	07/10/10
844	;	52,4679	;	1428,0000	;	1139,3229	;	08/10/10
847	;	52,7633	;	1430,5000	;	1197,5583	;	11/10/10
849	;	52,7140	;	1412,2000	;	1240,4866	;	13/10/10
850	;	52,9109	;	1397,5000	;	1271,8893	;	14/10/10
851	;	53,0652	;	1382,4000	;	1293,9914	;	15/10/10
854	;	54,2091	;	1446,0000	;	1324,3931	;	18/10/10
855	;	52,9160	;	1376,2000	;	1334,7545	;	19/10/10
856	;	54,4876	;	1431,2000	;	1354,0436	;	20/10/10
857	;	53,6123	;	1388,1000	;	1360,8549	;	21/10/10
858	;	53,6620	;	1342,5000	;	1357,1839	;	22/10/10
861	;	54,1096	;	1327,2000	;	1351,1871	;	25/10/10
862	;	54,9054	;	1363,6000	;	1353,6697	;	26/10/10
863	;	54,3583	;	1332,9000	;	1349,5158	;	27/10/10
864	;	53,3139	;	1210,4000	;	1321,6926	;	28/10/10
865	;	53,3139	;	1100,6000	;	1277,4741	;	29/10/10
868	;	54,5075	;	1097,2000	;	1241,4193	;	01/11/10
870	;	53,9107	;	1034,4000	;	1200,0154	;	03/11/10
871	;	55,2933	;	1083,8000	;	1176,7723	;	04/11/10
872	;	55,4027	;	1118,8000	;	1165,1778	;	05/11/10
875	;	55,8006	;	1165,3000	;	1165,2022	;	08/11/10
876	;	55,6016	;	1172,5000	;	1166,6618	;	09/11/10
877	;	55,5022	;	1156,9000	;	1164,7094	;	10/11/10
878	;	55,7409	;	1150,6000	;	1161,8875	;	11/11/10
879	;	54,7064	;	1050,0000	;	1139,5100	;	12/11/10
883	;	53,6024	;	789,0000	;	1040,5424	;	16/11/10
884	;	53,5228	;	640,3000	;	960,4939	;	17/11/10
885	;	54,9451	;	630,0000	;	894,3951	;	18/11/10
886	;	55,1540	;	631,4000	;	841,7961	;	19/11/10
889	;	55,0048	;	613,4000	;	796,1169	;	22/11/10
890	;	53,6123	;	481,2000	;	733,1335	;	23/11/10
891	;	54,9750	;	480,9000	;	682,6868	;	24/11/10
892	;	54,6269	;	447,4000	;	635,6294	;	25/11/10
893	;	53,8013	;	350,1000	;	578,5235	;	26/11/10
896	;	53,9206	;	279,5000	;	518,7188	;	29/11/10
897	;	53,2741	;	169,4000	;	448,8550	;	30/11/10
898	;	55,0048	;	219,3000	;	402,9440	;	01/12/10
899	;	55,6016	;	303,5000	;	383,0552	;	02/12/10
900	;	56,2979	;	421,5000	;	390,7442	;	03/12/10
903	;	56,5466	;	529,0000	;	418,3954	;	06/12/10
904	;	56,4172	;	596,9000	;	454,0963	;	07/12/10
905	;	55,1640	;	543,3000	;	471,9370	;	08/12/10
906	;	55,7707	;	543,6000	;	486,2696	;	09/12/10
907	;	56,4670	;	593,2000	;	507,6557	;	10/12/10
910	;	57,8794	;	737,9000	;	553,7046	;	13/12/10
911	;	57,3721	;	802,4000	;	603,4437	;	14/12/10
912	;	56,4968	;	774,0000	;	637,5550	;	15/12/10
913	;	56,4471	;	738,9000	;	657,8240	;	16/12/10
914	;	56,5963	;	714,9000	;	669,2392	;	17/12/10
917	;	56,1984	;	656,3000	;	666,6514	;	20/12/10
918	;	56,8847	;	657,6000	;	664,8411	;	21/12/10
919	;	56,7256	;	638,5000	;	659,5729	;	22/12/10
920	;	56,5466	;	602,0000	;	648,0583	;	23/12/10
924	;	54,9352	;	438,0000	;	606,0466	;	27/12/10
925	;	54,4478	;	265,5000	;	537,9373	;	28/12/10
926	;	54,8258	;	157,5000	;	461,8498	;	29/12/10
927	;	55,0347	;	87,7000	;	387,0198	;	30/12/10
931	;	56,6659	;	162,2000	;	342,0558	;	03/01/11
932	;	57,8396	;	312,4000	;	336,1246	;	04/01/11
933	;	58,8840	;	509,8000	;	370,8597	;	05/01/11
934	;	58,1281	;	598,4000	;	416,3678	;	06/01/11
935	;	57,6904	;	626,1000	;	458,3142	;	07/01/11
938	;	57,5810	;	631,9000	;	493,0314	;	10/01/11
939	;	58,1877	;	677,7000	;	529,9651	;	11/01/11
940	;	59,7991	;	834,3000	;	590,8321	;	12/01/11
941	;	59,3813	;	914,2000	;	655,5057	;	13/01/11
942	;	59,6400	;	987,0000	;	721,8046	;	14/01/11
945	;	60,1700	;	1075,1000	;	792,4637	;	17/01/11
946	;	60,9200	;	1191,7000	;	872,3110	;	18/01/11
947	;	59,6000	;	1164,1000	;	930,6688	;	19/01/11
948	;	58,6000	;	1049,5000	;	954,4350	;	20/01/11
949	;	59,0000	;	979,6000	;	959,4680	;	21/01/11
952	;	59,4000	;	945,6000	;	956,6944	;	24/01/11
954	;	59,3500	;	904,2000	;	946,1955	;	26/01/11
955	;	58,7600	;	814,4000	;	919,8364	;	27/01/11
956	;	57,0700	;	600,0000	;	855,8691	;	28/01/11
959	;	57,0800	;	425,9000	;	769,8753	;	31/01/11
960	;	58,4900	;	397,1000	;	695,3202	;	01/02/11
961	;	57,4000	;	283,1000	;	612,8762	;	02/02/11
962	;	57,2700	;	180,2000	;	526,3410	;	03/02/11
963	;	56,3400	;	23,3000	;	425,7328	;	04/02/11
966	;	56,7600	;	-66,4000	;	327,3062	;	07/02/11
967	;	56,3100	;	-171,8000	;	227,4850	;	08/02/11
968	;	54,6000	;	-388,9000	;	104,2080	;	09/02/11
969	;	55,3100	;	-497,9000	;	-16,2136	;	10/02/11
970	;	56,4500	;	-486,6000	;	-110,2909	;	11/02/11
973	;	57,5500	;	-384,5000	;	-165,1327	;	14/02/11
974	;	57,3600	;	-315,3000	;	-195,1662	;	15/02/11
975	;	57,9100	;	-213,6000	;	-198,8530	;	16/02/11
976	;	57,9900	;	-125,1000	;	-184,1024	;	17/02/11
977	;	57,4000	;	-101,4000	;	-167,5619	;	18/02/11
980	;	56,1000	;	-185,3000	;	-171,1095	;	21/02/11
981	;	54,9800	;	-338,3000	;	-204,5476	;	22/02/11
982	;	56,0000	;	-373,0000	;	-238,2381	;	23/02/11
983	;	55,5100	;	-435,0000	;	-277,5905	;	24/02/11
984	;	55,7000	;	-463,4000	;	-314,7524	;	25/02/11
987	;	56,3000	;	-432,5000	;	-338,3019	;	28/02/11
988	;	55,2400	;	-488,0000	;	-368,2415	;	01/03/11
989	;	56,1800	;	-450,9000	;	-384,7732	;	02/03/11
990	;	56,6000	;	-383,3000	;	-384,4786	;	03/03/11
991	;	55,6500	;	-401,7000	;	-387,9229	;	04/03/11
996	;	53,6200	;	-573,5000	;	-425,0383	;	09/03/11
997	;	52,1000	;	-822,8000	;	-504,5906	;	10/03/11
998	;	52,8200	;	-951,3000	;	-593,9325	;	11/03/11
