-165	;	27,7372	;	-354,6000	;	1,7938	;	03/01/08
-164	;	27,9316	;	-470,4000	;	-92,6450	;	04/01/08
-161	;	27,9316	;	-555,8000	;	-185,2760	;	07/01/08
-160	;	28,1914	;	-595,6000	;	-267,3408	;	08/01/08
-159	;	28,1914	;	-620,0000	;	-337,8726	;	09/01/08
-158	;	28,7179	;	-590,0000	;	-388,2981	;	10/01/08
-157	;	27,9517	;	-621,0000	;	-434,8385	;	11/01/08
-154	;	28,0615	;	-629,4000	;	-473,7508	;	14/01/08
-153	;	26,8929	;	-722,1000	;	-523,4206	;	15/01/08
-152	;	26,4704	;	-820,2000	;	-582,7765	;	16/01/08
-151	;	25,9505	;	-929,2000	;	-652,0612	;	17/01/08
-150	;	25,3662	;	-1050,6000	;	-731,7690	;	18/01/08
-147	;	24,7489	;	-1183,0000	;	-822,0152	;	21/01/08
-146	;	24,7489	;	-1273,2000	;	-912,2522	;	22/01/08
-145	;	24,5545	;	-1344,9000	;	-998,7818	;	23/01/08
-144	;	26,5485	;	-1226,7000	;	-1044,3654	;	24/01/08
-140	;	26,4119	;	-1130,9000	;	-1061,6723	;	28/01/08
-139	;	26,6979	;	-1020,2000	;	-1053,3778	;	29/01/08
-138	;	26,5356	;	-934,8000	;	-1029,6622	;	30/01/08
-137	;	25,6779	;	-925,7000	;	-1008,8698	;	31/01/08
-136	;	24,9911	;	-962,8000	;	-999,6558	;	01/02/08
-131	;	23,9258	;	-1065,9000	;	-1012,9046	;	06/02/08
-130	;	23,8472	;	-1140,7000	;	-1038,4637	;	07/02/08
-129	;	23,6917	;	-1198,7000	;	-1070,5110	;	08/02/08
-126	;	24,2572	;	-1185,4000	;	-1093,4888	;	11/02/08
-125	;	25,7456	;	-1042,8000	;	-1083,3510	;	12/02/08
-124	;	27,0654	;	-813,9000	;	-1029,4608	;	13/02/08
-123	;	26,0510	;	-706,2000	;	-964,8086	;	14/02/08
-122	;	26,4541	;	-581,6000	;	-888,1669	;	15/02/08
-119	;	27,2665	;	-412,5000	;	-793,0335	;	18/02/08
-118	;	26,5256	;	-334,4000	;	-701,3068	;	19/02/08
-117	;	27,1689	;	-218,1000	;	-604,6654	;	20/02/08
-116	;	26,9738	;	-140,1000	;	-511,7523	;	21/02/08
-115	;	27,6110	;	-26,5000	;	-414,7018	;	22/02/08
-112	;	28,3527	;	122,0000	;	-307,3614	;	25/02/08
-111	;	29,1541	;	300,8000	;	-185,7291	;	26/02/08
-110	;	29,5651	;	470,3000	;	-54,5233	;	27/02/08
-109	;	29,4265	;	586,7000	;	73,7214	;	28/02/08
-108	;	28,2205	;	575,0000	;	173,9771	;	29/02/08
-105	;	28,7267	;	599,6000	;	259,1017	;	03/03/08
-104	;	28,1107	;	562,9000	;	319,8614	;	04/03/08
-103	;	29,2307	;	617,1000	;	379,3091	;	05/03/08
-102	;	28,3753	;	584,3000	;	420,3073	;	06/03/08
-101	;	27,5735	;	488,0000	;	433,8458	;	07/03/08
-98	;	27,2817	;	383,6000	;	423,7966	;	10/03/08
-97	;	28,4350	;	389,5000	;	416,9373	;	11/03/08
-96	;	27,4476	;	310,9000	;	395,7298	;	12/03/08
-95	;	27,9716	;	287,6000	;	374,1038	;	13/03/08
-94	;	27,7063	;	244,9000	;	348,2630	;	14/03/08
-91	;	26,3802	;	102,9000	;	299,1904	;	17/03/08
-90	;	27,1757	;	53,9000	;	250,1323	;	18/03/08
-89	;	26,1154	;	-69,7000	;	186,1658	;	19/03/08
-88	;	26,4135	;	-142,0000	;	120,5326	;	20/03/08
-84	;	25,9162	;	-236,6000	;	49,1061	;	24/03/08
-83	;	27,1757	;	-207,6000	;	-2,2351	;	25/03/08
-82	;	26,8974	;	-204,7000	;	-42,7281	;	26/03/08
-81	;	26,1813	;	-257,2000	;	-85,6225	;	27/03/08
-80	;	25,9492	;	-314,0000	;	-131,2980	;	28/03/08
-77	;	26,5198	;	-309,4000	;	-166,9184	;	31/03/08
-76	;	27,3583	;	-235,4000	;	-180,6147	;	01/04/08
-75	;	27,4039	;	-171,0000	;	-178,6918	;	02/04/08
-74	;	27,5236	;	-109,1000	;	-164,7734	;	03/04/08
-73	;	27,3583	;	-72,6000	;	-146,3387	;	04/04/08
-70	;	27,6896	;	-16,6000	;	-120,3910	;	07/04/08
-69	;	28,0539	;	56,4000	;	-85,0328	;	08/04/08
-68	;	27,3914	;	60,2000	;	-55,9862	;	09/04/08
-67	;	27,2651	;	52,4000	;	-34,3090	;	10/04/08
-66	;	26,8939	;	16,1000	;	-24,2272	;	11/04/08
-63	;	26,4027	;	-51,8000	;	-29,7418	;	14/04/08
-62	;	26,5291	;	-94,3000	;	-42,6534	;	15/04/08
-61	;	27,8553	;	-20,8000	;	-38,2827	;	16/04/08
-60	;	28,8505	;	116,5000	;	-7,3262	;	17/04/08
-59	;	29,3743	;	264,5000	;	47,0390	;	18/04/08
-55	;	29,0489	;	351,5000	;	107,9312	;	22/04/08
-54	;	28,6179	;	381,2000	;	162,5850	;	23/04/08
-53	;	28,6512	;	402,9000	;	210,6480	;	24/04/08
-52	;	29,1156	;	452,3000	;	258,9784	;	25/04/08
-49	;	29,5861	;	523,4000	;	311,8627	;	28/04/08
-48	;	29,0160	;	527,7000	;	355,0302	;	29/04/08
-47	;	31,4514	;	719,3000	;	427,8842	;	30/04/08
-45	;	32,5725	;	950,6000	;	532,4274	;	02/05/08
-42	;	33,0037	;	1155,4000	;	657,0219	;	05/05/08
-41	;	31,5839	;	1189,4000	;	763,4975	;	06/05/08
-40	;	30,9474	;	1151,8000	;	841,1580	;	07/05/08
-39	;	31,3453	;	1140,9000	;	901,1064	;	08/05/08
-38	;	31,1131	;	1100,8000	;	941,0451	;	09/05/08
-35	;	31,3187	;	1073,3000	;	967,4961	;	12/05/08
-34	;	30,7154	;	991,3000	;	972,2569	;	13/05/08
-33	;	30,4497	;	894,6000	;	956,7255	;	14/05/08
-32	;	31,1459	;	864,2000	;	938,2204	;	15/05/08
-31	;	31,1654	;	832,1000	;	916,9963	;	16/05/08
-28	;	31,8161	;	849,4000	;	903,4770	;	19/05/08
-27	;	31,3119	;	813,0000	;	885,3816	;	20/05/08
-26	;	30,5157	;	711,7000	;	850,6453	;	21/05/08
-24	;	30,4165	;	616,4000	;	803,7962	;	23/05/08
-21	;	30,4497	;	537,3000	;	750,4970	;	26/05/08
-20	;	31,3119	;	538,0000	;	707,9976	;	27/05/08
-19	;	32,4064	;	619,8000	;	690,3581	;	28/05/08
-18	;	32,1742	;	658,3000	;	683,9465	;	29/05/08
-17	;	33,4748	;	784,6000	;	704,0772	;	30/05/08
-14	;	32,0238	;	758,9000	;	715,0418	;	02/06/08
-13	;	31,1114	;	657,3000	;	703,4934	;	03/06/08
-12	;	30,8866	;	552,3000	;	673,2547	;	04/06/08
-11	;	32,0238	;	554,5000	;	649,5038	;	05/06/08
-10	;	31,1855	;	483,0000	;	616,2030	;	06/06/08
-7	;	30,4806	;	365,2000	;	566,0024	;	09/06/08
-6	;	29,4519	;	186,7000	;	490,1419	;	10/06/08
-5	;	29,0371	;	11,7000	;	394,4535	;	11/06/08
-4	;	29,7010	;	-72,7000	;	301,0228	;	12/06/08
-3	;	30,0408	;	-110,8000	;	218,6582	;	13/06/08
0	;	30,1153	;	-133,4000	;	148,2466	;	16/06/08
1	;	30,9032	;	-86,8000	;	101,2373	;	17/06/08
2	;	29,8252	;	-135,3000	;	53,9298	;	18/06/08
3	;	29,6593	;	-184,9000	;	6,1638	;	19/06/08
4	;	28,4561	;	-317,7000	;	-58,6090	;	20/06/08
7	;	28,4561	;	-418,2000	;	-130,5272	;	23/06/08
8	;	27,6269	;	-558,3000	;	-216,0818	;	24/06/08
9	;	28,3734	;	-602,2000	;	-293,3054	;	25/06/08
10	;	26,8138	;	-754,1000	;	-385,4643	;	26/06/08
11	;	26,9629	;	-852,6000	;	-478,8914	;	27/06/08
14	;	27,0464	;	-913,4000	;	-565,7931	;	30/06/08
15	;	26,6761	;	-980,1000	;	-648,6545	;	01/07/08
16	;	26,6093	;	-1026,5000	;	-724,2236	;	02/07/08
17	;	25,6629	;	-1126,7000	;	-804,7189	;	03/07/08
18	;	25,9698	;	-1167,9000	;	-877,3551	;	04/07/08
21	;	25,8284	;	-1198,2000	;	-941,5241	;	07/07/08
22	;	26,2274	;	-1176,5000	;	-988,5193	;	08/07/08
24	;	26,3103	;	-1139,4000	;	-1018,6954	;	10/07/08
25	;	25,9033	;	-1129,8000	;	-1040,9163	;	11/07/08
28	;	25,8617	;	-1112,8000	;	-1055,2930	;	14/07/08
29	;	25,2314	;	-1137,0000	;	-1071,6344	;	15/07/08
30	;	27,5640	;	-957,0000	;	-1048,7075	;	16/07/08
31	;	27,8632	;	-781,2000	;	-995,2060	;	17/07/08
32	;	28,7181	;	-566,3000	;	-909,4248	;	18/07/08
35	;	28,0703	;	-443,1000	;	-816,1598	;	21/07/08
36	;	28,4689	;	-309,8000	;	-714,8878	;	22/07/08
37	;	28,4772	;	-201,1000	;	-612,1302	;	23/07/08
38	;	27,3155	;	-206,4000	;	-530,9842	;	24/07/08
39	;	26,6510	;	-261,2000	;	-477,0274	;	25/07/08
42	;	26,2356	;	-334,3000	;	-448,4819	;	28/07/08
43	;	27,1493	;	-314,9000	;	-421,7655	;	29/07/08
44	;	27,7301	;	-249,7000	;	-387,3524	;	30/07/08
45	;	27,8132	;	-189,1000	;	-347,7019	;	31/07/08
46	;	27,2930	;	-181,1000	;	-314,3815	;	01/08/08
49	;	26,4211	;	-242,2000	;	-299,9452	;	04/08/08
50	;	27,5839	;	-194,6000	;	-278,8762	;	05/08/08
51	;	28,0907	;	-114,6000	;	-246,0210	;	06/08/08
52	;	27,5839	;	-91,2000	;	-215,0568	;	07/08/08
53	;	27,1766	;	-104,3000	;	-192,9054	;	08/08/08
56	;	26,5371	;	-164,4000	;	-187,2043	;	11/08/08
57	;	26,2959	;	-228,8000	;	-195,5234	;	12/08/08
58	;	25,7728	;	-318,4000	;	-220,0987	;	13/08/08
59	;	26,4211	;	-333,2000	;	-242,7190	;	14/08/08
60	;	26,0055	;	-374,2000	;	-269,0152	;	15/08/08
63	;	25,3626	;	-453,4000	;	-305,8922	;	18/08/08
64	;	25,2456	;	-519,6000	;	-348,6338	;	19/08/08
65	;	26,2973	;	-481,6000	;	-375,2270	;	20/08/08
66	;	26,1051	;	-461,7000	;	-392,5216	;	21/08/08
67	;	26,3391	;	-422,2000	;	-398,4573	;	22/08/08
70	;	25,5042	;	-453,0000	;	-409,3658	;	25/08/08
71	;	25,2122	;	-495,2000	;	-426,5326	;	26/08/08
72	;	25,4877	;	-500,8000	;	-441,3861	;	27/08/08
73	;	26,4228	;	-424,8000	;	-438,0689	;	28/08/08
74	;	25,6712	;	-420,3000	;	-434,5151	;	29/08/08
77	;	25,4492	;	-429,8000	;	-433,5721	;	01/09/08
78	;	25,7332	;	-409,6000	;	-428,7777	;	02/09/08
79	;	26,0091	;	-367,1000	;	-416,4422	;	03/09/08
80	;	25,1487	;	-398,3000	;	-412,8138	;	04/09/08
81	;	25,6411	;	-378,9000	;	-406,0310	;	05/09/08
84	;	25,9001	;	-338,8000	;	-392,5848	;	08/09/08
85	;	25,1487	;	-363,4000	;	-386,7478	;	09/09/08
86	;	25,4407	;	-355,3000	;	-380,4582	;	10/09/08
87	;	25,7750	;	-318,2000	;	-368,0066	;	11/09/08
88	;	25,8169	;	-282,1000	;	-350,8253	;	12/09/08
91	;	24,1041	;	-387,3000	;	-358,1202	;	15/09/08
92	;	24,4881	;	-434,7000	;	-373,4362	;	16/09/08
93	;	23,1261	;	-575,5000	;	-413,8490	;	17/09/08
94	;	24,6469	;	-557,9000	;	-442,6592	;	18/09/08
95	;	26,7355	;	-371,2000	;	-428,3674	;	19/09/08
98	;	25,4827	;	-320,6000	;	-406,8139	;	22/09/08
99	;	25,0646	;	-310,6000	;	-387,5711	;	23/09/08
100	;	24,8979	;	-312,6000	;	-372,5769	;	24/09/08
101	;	25,9001	;	-230,6000	;	-344,1815	;	25/09/08
102	;	25,8082	;	-171,1000	;	-309,5652	;	26/09/08
105	;	24,2795	;	-244,5000	;	-296,5522	;	29/09/08
106	;	26,6523	;	-109,9000	;	-259,2218	;	30/09/08
107	;	26,6723	;	-1,6000	;	-207,6974	;	01/10/08
108	;	25,0837	;	-43,5000	;	-174,8579	;	02/10/08
109	;	23,3027	;	-217,9000	;	-183,4663	;	03/10/08
112	;	22,1990	;	-440,1000	;	-234,7930	;	06/10/08
113	;	21,4883	;	-665,9000	;	-321,0144	;	07/10/08
114	;	20,9032	;	-881,9000	;	-433,1915	;	08/10/08
115	;	19,8578	;	-1124,4000	;	-571,4332	;	09/10/08
116	;	19,1391	;	-1359,0000	;	-728,9466	;	10/10/08
119	;	23,6121	;	-1170,5000	;	-817,2573	;	13/10/08
120	;	24,5063	;	-938,1000	;	-841,4258	;	14/10/08
121	;	21,8142	;	-960,1000	;	-865,1606	;	15/10/08
122	;	20,4849	;	-1072,5000	;	-906,6285	;	16/10/08
123	;	19,2807	;	-1244,4000	;	-974,1828	;	17/10/08
126	;	20,6607	;	-1254,7000	;	-1030,2862	;	20/10/08
127	;	20,3181	;	-1275,8000	;	-1079,3890	;	21/10/08
128	;	17,8513	;	-1474,7000	;	-1158,4512	;	22/10/08
129	;	16,3795	;	-1731,1000	;	-1272,9810	;	23/10/08
130	;	14,6323	;	-2051,6000	;	-1428,7048	;	24/10/08
133	;	14,6323	;	-2279,4000	;	-1598,8438	;	27/10/08
134	;	15,9282	;	-2328,5000	;	-1744,7750	;	28/10/08
135	;	18,0266	;	-2173,0000	;	-1830,4200	;	29/10/08
136	;	19,9333	;	-1874,3000	;	-1839,1960	;	30/10/08
137	;	19,4816	;	-1654,9000	;	-1802,3368	;	31/10/08
140	;	22,6739	;	-1209,5000	;	-1683,7694	;	03/11/08
141	;	23,7701	;	-759,3000	;	-1498,8755	;	04/11/08
142	;	21,6863	;	-564,2000	;	-1311,9404	;	05/11/08
143	;	20,3472	;	-511,7000	;	-1151,8923	;	06/11/08
144	;	21,0919	;	-405,3000	;	-1002,5738	;	07/11/08
147	;	21,7615	;	-263,9000	;	-854,8390	;	10/11/08
148	;	21,5524	;	-166,8000	;	-717,2312	;	11/11/08
149	;	20,0543	;	-208,4000	;	-615,4650	;	12/11/08
150	;	21,8951	;	-91,8000	;	-510,7320	;	13/11/08
151	;	21,6024	;	-22,7000	;	-413,1256	;	14/11/08
154	;	21,5691	;	29,0000	;	-324,7005	;	17/11/08
155	;	19,9199	;	-62,3000	;	-272,2204	;	18/11/08
156	;	18,8824	;	-216,0000	;	-260,9763	;	19/11/08
158	;	17,3752	;	-454,1000	;	-299,6010	;	21/11/08
161	;	20,1299	;	-415,7000	;	-322,8208	;	24/11/08
162	;	21,0603	;	-306,7000	;	-319,5966	;	25/11/08
163	;	22,6042	;	-94,6000	;	-274,5973	;	26/11/08
164	;	22,5021	;	64,5000	;	-206,7778	;	27/11/08
165	;	22,7236	;	206,0000	;	-124,2222	;	28/11/08
168	;	22,0187	;	258,4000	;	-47,6978	;	01/12/08
169	;	22,5732	;	340,7000	;	29,9818	;	02/12/08
170	;	22,7956	;	419,0000	;	107,7854	;	03/12/08
171	;	22,9918	;	491,3000	;	184,4883	;	04/12/08
172	;	23,2224	;	560,7000	;	259,7306	;	05/12/08
175	;	25,5361	;	793,3000	;	366,4445	;	08/12/08
176	;	25,3138	;	948,8000	;	482,9156	;	09/12/08
177	;	25,3567	;	1063,2000	;	598,9725	;	10/12/08
178	;	24,6142	;	1081,5000	;	695,4780	;	11/12/08
179	;	25,6123	;	1163,1000	;	789,0024	;	12/12/08
182	;	23,9058	;	1077,6000	;	846,7219	;	15/12/08
183	;	25,4421	;	1120,9000	;	901,5575	;	16/12/08
184	;	26,0398	;	1189,7000	;	959,1860	;	17/12/08
185	;	25,5278	;	1189,3000	;	1005,2088	;	18/12/08
186	;	24,5886	;	1100,5000	;	1024,2670	;	19/12/08
189	;	23,4440	;	927,0000	;	1004,8136	;	22/12/08
190	;	22,2063	;	681,8000	;	940,2109	;	23/12/08
193	;	22,1125	;	474,4000	;	847,0487	;	26/12/08
196	;	22,1125	;	306,5000	;	738,9390	;	29/12/08
197	;	22,2830	;	185,0000	;	628,1512	;	30/12/08
200	;	24,7295	;	282,9000	;	559,1010	;	02/01/09
203	;	24,7890	;	361,2000	;	519,5208	;	05/01/09
204	;	25,8084	;	499,8000	;	515,5766	;	06/01/09
205	;	24,3269	;	484,5000	;	509,3613	;	07/01/09
206	;	24,4729	;	478,6000	;	503,2090	;	08/01/09
207	;	24,4470	;	466,4000	;	495,8472	;	09/01/09
210	;	23,4107	;	368,9000	;	470,4578	;	12/01/09
211	;	22,5548	;	220,0000	;	420,3662	;	13/01/09
212	;	20,8593	;	-34,4000	;	329,4130	;	14/01/09
213	;	21,2358	;	-203,3000	;	222,8704	;	15/01/09
214	;	20,5079	;	-391,4000	;	100,0163	;	16/01/09
217	;	20,8074	;	-510,4000	;	-22,0670	;	19/01/09
218	;	19,3866	;	-711,2000	;	-159,8936	;	20/01/09
219	;	20,0374	;	-808,5000	;	-289,6149	;	21/01/09
220	;	19,4805	;	-920,0000	;	-415,6919	;	22/01/09
221	;	19,9259	;	-961,3000	;	-524,8135	;	23/01/09
224	;	19,7974	;	-992,9000	;	-618,4308	;	26/01/09
225	;	19,5149	;	-1028,9000	;	-700,5246	;	27/01/09
226	;	20,9622	;	-929,9000	;	-746,3997	;	28/01/09
227	;	20,2939	;	-895,1000	;	-776,1398	;	29/01/09
228	;	20,0199	;	-879,5000	;	-796,8118	;	30/01/09
231	;	19,4149	;	-905,5000	;	-818,5494	;	02/02/09
232	;	19,6974	;	-893,0000	;	-833,4395	;	03/02/09
233	;	20,0580	;	-844,3000	;	-835,6116	;	04/02/09
234	;	20,9143	;	-728,2000	;	-814,1293	;	05/02/09
235	;	22,4050	;	-510,0000	;	-753,3034	;	06/02/09
238	;	22,0623	;	-360,6000	;	-674,7627	;	09/02/09
239	;	21,2055	;	-307,7000	;	-601,3502	;	10/02/09
240	;	21,1626	;	-266,3000	;	-534,3402	;	11/02/09
241	;	20,9743	;	-245,8000	;	-476,6322	;	12/02/09
242	;	21,8481	;	-157,2000	;	-412,7458	;	13/02/09
245	;	21,7624	;	-92,8000	;	-348,7566	;	16/02/09
246	;	20,4770	;	-143,9000	;	-307,7853	;	17/02/09
247	;	20,3063	;	-195,9000	;	-285,4082	;	18/02/09
248	;	20,1172	;	-249,5000	;	-278,2266	;	19/02/09
249	;	19,5345	;	-335,2000	;	-289,6213	;	20/02/09
254	;	19,3206	;	-415,5000	;	-314,7970	;	25/02/09
255	;	19,3636	;	-470,3000	;	-345,8976	;	26/02/09
256	;	19,0208	;	-535,2000	;	-383,7581	;	27/02/09
259	;	18,0036	;	-661,1000	;	-439,2265	;	02/03/09
260	;	17,9177	;	-759,0000	;	-503,1812	;	03/03/09
261	;	18,9981	;	-740,9000	;	-550,7250	;	04/03/09
262	;	18,8609	;	-729,2000	;	-586,4200	;	05/03/09
263	;	19,1183	;	-691,2000	;	-607,3760	;	06/03/09
266	;	18,8921	;	-671,7000	;	-620,2408	;	09/03/09
267	;	20,0877	;	-553,3000	;	-606,8526	;	10/03/09
268	;	20,1301	;	-450,9000	;	-575,6621	;	11/03/09
269	;	20,6501	;	-324,0000	;	-525,3297	;	12/03/09
270	;	20,7795	;	-210,5000	;	-462,3638	;	13/03/09
273	;	20,8752	;	-111,7000	;	-392,2310	;	16/03/09
274	;	21,3342	;	3,6000	;	-313,0648	;	17/03/09
275	;	22,0007	;	147,1000	;	-221,0318	;	18/03/09
276	;	21,4378	;	213,0000	;	-134,2254	;	19/03/09
277	;	21,1262	;	237,3000	;	-59,9203	;	20/03/09
280	;	23,1610	;	416,0000	;	35,2638	;	23/03/09
281	;	22,3294	;	484,9000	;	125,1910	;	24/03/09
282	;	22,4077	;	539,6000	;	208,0728	;	25/03/09
283	;	23,1171	;	632,9000	;	293,0382	;	26/03/09
284	;	23,0310	;	691,9000	;	372,8106	;	27/03/09
287	;	22,3643	;	677,1000	;	433,6685	;	30/03/09
288	;	22,2085	;	645,4000	;	476,0148	;	31/03/09
289	;	22,5670	;	641,8000	;	509,1718	;	01/04/09
290	;	23,6496	;	718,0000	;	550,9374	;	02/04/09
291	;	24,2560	;	817,9000	;	604,3299	;	03/04/09
294	;	24,4984	;	906,2000	;	664,7039	;	06/04/09
295	;	24,5509	;	969,2000	;	725,6031	;	07/04/09
296	;	24,5155	;	1004,7000	;	781,4225	;	08/04/09
297	;	25,3388	;	1086,8000	;	842,4980	;	09/04/09
298	;	25,3388	;	1138,7000	;	901,7384	;	10/04/09
301	;	25,1657	;	1152,6000	;	951,9107	;	13/04/09
302	;	23,9873	;	1056,3000	;	972,7886	;	14/04/09
303	;	23,9873	;	968,8000	;	971,9909	;	15/04/09
304	;	24,6803	;	944,6000	;	966,5127	;	16/04/09
305	;	24,5155	;	901,6000	;	953,5302	;	17/04/09
308	;	23,6327	;	787,3000	;	920,2842	;	20/04/09
310	;	23,2251	;	656,2000	;	867,4674	;	22/04/09
311	;	24,1695	;	621,4000	;	818,2539	;	23/04/09
312	;	24,7670	;	634,7000	;	781,5431	;	24/04/09
315	;	23,9096	;	569,5000	;	739,1345	;	27/04/09
316	;	24,4294	;	553,4000	;	701,9876	;	28/04/09
317	;	26,0579	;	664,4000	;	694,4701	;	29/04/09
318	;	26,3352	;	765,9000	;	708,7561	;	30/04/09
322	;	27,7623	;	950,6000	;	757,1249	;	04/05/09
323	;	28,4464	;	1139,0000	;	833,4999	;	05/05/09
324	;	28,1256	;	1248,1000	;	916,4199	;	06/05/09
325	;	25,9960	;	1149,4000	;	963,0159	;	07/05/09
326	;	26,2987	;	1083,1000	;	987,0327	;	08/05/09
329	;	25,6145	;	964,2000	;	982,4662	;	11/05/09
330	;	25,1994	;	827,0000	;	951,3730	;	12/05/09
331	;	24,5327	;	656,9000	;	892,4784	;	13/05/09
332	;	24,8527	;	541,7000	;	822,3227	;	14/05/09
333	;	24,5843	;	423,8000	;	742,6182	;	15/05/09
336	;	25,7708	;	421,3000	;	678,3546	;	18/05/09
337	;	25,5020	;	393,0000	;	621,2837	;	19/05/09
338	;	26,0045	;	406,5000	;	578,3270	;	20/05/09
339	;	25,9697	;	409,7000	;	544,6016	;	21/05/09
340	;	26,3073	;	434,4000	;	522,5613	;	22/05/09
343	;	26,3249	;	450,2000	;	508,0890	;	25/05/09
344	;	27,3205	;	536,9000	;	513,8512	;	26/05/09
345	;	27,4417	;	608,4000	;	532,7610	;	27/05/09
346	;	27,7106	;	678,9000	;	561,9888	;	28/05/09
347	;	27,6236	;	719,4000	;	593,4710	;	29/05/09
350	;	28,3858	;	803,9000	;	635,5568	;	01/06/09
351	;	28,0306	;	832,5000	;	674,9454	;	02/06/09
352	;	27,3642	;	792,3000	;	698,4163	;	03/06/09
353	;	27,7105	;	779,4000	;	714,6130	;	04/06/09
354	;	27,4766	;	741,7000	;	720,0304	;	05/06/09
357	;	27,5368	;	708,5000	;	717,7243	;	08/06/09
358	;	27,1909	;	646,8000	;	703,5394	;	09/06/09
359	;	27,2945	;	599,4000	;	682,7115	;	10/06/09
361	;	27,7272	;	589,9000	;	664,1492	;	12/06/09
364	;	26,7749	;	499,8000	;	631,2794	;	15/06/09
365	;	26,6104	;	410,4000	;	587,1035	;	16/06/09
366	;	26,4634	;	323,9000	;	534,4628	;	17/06/09
367	;	26,0993	;	223,4000	;	472,2502	;	18/06/09
368	;	26,4980	;	174,0000	;	412,6002	;	19/06/09
371	;	26,3076	;	118,1000	;	353,7002	;	22/06/09
372	;	25,7622	;	29,5000	;	288,8602	;	23/06/09
373	;	25,7622	;	-40,3000	;	223,0282	;	24/06/09
374	;	26,3508	;	-47,6000	;	168,9026	;	25/06/09
375	;	26,7663	;	-19,6000	;	131,2021	;	26/06/09
378	;	27,2945	;	44,7000	;	113,9017	;	29/06/09
379	;	26,9305	;	65,5000	;	104,2214	;	30/06/09
380	;	26,9394	;	81,7000	;	99,7171	;	01/07/09
381	;	26,8791	;	88,7000	;	97,5137	;	02/07/09
382	;	26,6711	;	76,6000	;	93,3310	;	03/07/09
385	;	26,8444	;	80,0000	;	90,6648	;	06/07/09
386	;	26,4200	;	47,9000	;	82,1118	;	07/07/09
387	;	26,2815	;	11,2000	;	67,9294	;	08/07/09
389	;	25,9784	;	-41,8000	;	45,9835	;	10/07/09
392	;	25,9784	;	-82,9000	;	20,2068	;	13/07/09
393	;	25,7012	;	-136,3000	;	-11,0946	;	14/07/09
394	;	26,7750	;	-90,9000	;	-27,0557	;	15/07/09
395	;	27,1908	;	-21,1000	;	-25,8646	;	16/07/09
396	;	27,0608	;	23,5000	;	-15,9917	;	17/07/09
399	;	28,2036	;	149,3000	;	17,0666	;	20/07/09
400	;	28,2296	;	248,2000	;	63,2933	;	21/07/09
401	;	28,3081	;	329,1000	;	116,4546	;	22/07/09
402	;	29,4336	;	478,5000	;	188,8637	;	23/07/09
403	;	29,5201	;	597,1000	;	270,5110	;	24/07/09
406	;	29,3991	;	673,6000	;	351,1288	;	27/07/09
407	;	29,3553	;	722,3000	;	425,3630	;	28/07/09
408	;	28,9658	;	721,2000	;	484,5304	;	29/07/09
409	;	29,2344	;	733,5000	;	534,3243	;	30/07/09
410	;	29,0957	;	723,7000	;	572,1994	;	31/07/09
413	;	29,4422	;	735,4000	;	604,8395	;	03/08/09
414	;	29,7024	;	757,0000	;	635,2716	;	04/08/09
415	;	30,2998	;	812,9000	;	670,7973	;	05/08/09
416	;	30,0486	;	827,4000	;	702,1178	;	06/08/09
417	;	30,9229	;	899,1000	;	741,5142	;	07/08/09
420	;	31,2434	;	970,6000	;	787,3314	;	10/08/09
421	;	29,9618	;	913,3000	;	812,5251	;	11/08/09
422	;	29,7369	;	840,0000	;	818,0201	;	12/08/09
423	;	29,3732	;	744,0000	;	803,2161	;	13/08/09
424	;	28,9228	;	624,4000	;	767,4529	;	14/08/09
427	;	28,2298	;	468,3000	;	707,6223	;	17/08/09
428	;	29,2257	;	420,1000	;	650,1178	;	18/08/09
429	;	29,6151	;	408,6000	;	601,8142	;	19/08/09
430	;	30,0052	;	426,1000	;	566,6714	;	20/08/09
431	;	29,7885	;	417,7000	;	536,8771	;	21/08/09
434	;	30,0588	;	427,9000	;	515,0817	;	24/08/09
435	;	30,4329	;	460,8000	;	504,2254	;	25/08/09
436	;	31,0952	;	534,2000	;	510,2203	;	26/08/09
437	;	30,8601	;	566,9000	;	521,5562	;	27/08/09
438	;	30,8338	;	583,9000	;	534,0250	;	28/08/09
441	;	30,6403	;	575,1000	;	542,2400	;	31/08/09
442	;	29,7495	;	490,7000	;	531,9320	;	01/09/09
443	;	29,6632	;	412,0000	;	507,9456	;	02/09/09
444	;	29,5192	;	334,2000	;	473,1965	;	03/09/09
445	;	30,2668	;	329,0000	;	444,3572	;	04/09/09
449	;	30,6595	;	352,5000	;	425,9858	;	08/09/09
450	;	31,0426	;	397,6000	;	420,3086	;	09/09/09
451	;	31,2250	;	442,9000	;	424,8269	;	10/09/09
452	;	31,5604	;	500,0000	;	439,8615	;	11/09/09
455	;	31,6176	;	543,7000	;	460,6292	;	14/09/09
456	;	32,0872	;	609,1000	;	490,3234	;	15/09/09
457	;	32,5183	;	687,9000	;	529,8387	;	16/09/09
458	;	32,5279	;	742,5000	;	572,3710	;	17/09/09
459	;	32,7195	;	792,2000	;	616,3368	;	18/09/09
462	;	32,4799	;	803,0000	;	653,6694	;	21/09/09
463	;	32,6238	;	813,7000	;	685,6755	;	22/09/09
464	;	32,0872	;	770,0000	;	702,5404	;	23/09/09
465	;	31,7615	;	701,0000	;	702,2323	;	24/09/09
466	;	31,9338	;	652,7000	;	692,3258	;	25/09/09
469	;	32,6429	;	664,1000	;	686,6806	;	28/09/09
470	;	33,7254	;	751,8000	;	699,7045	;	29/09/09
471	;	34,2046	;	850,1000	;	729,7836	;	30/09/09
472	;	34,3601	;	929,8000	;	769,7869	;	01/10/09
473	;	34,5039	;	993,1000	;	814,4495	;	02/10/09
476	;	35,1748	;	1085,0000	;	868,5596	;	05/10/09
477	;	34,6954	;	1106,4000	;	916,1277	;	06/10/09
478	;	33,5932	;	1022,6000	;	937,4222	;	07/10/09
479	;	34,1684	;	991,2000	;	948,1778	;	08/10/09
480	;	34,5039	;	982,0000	;	954,9422	;	09/10/09
484	;	34,5998	;	971,3000	;	958,2138	;	13/10/09
485	;	35,5582	;	1028,3000	;	972,2310	;	14/10/09
486	;	35,4142	;	1049,8000	;	987,7448	;	15/10/09
487	;	35,0788	;	1027,9000	;	995,7758	;	16/10/09
490	;	35,4814	;	1031,2000	;	1002,8606	;	19/10/09
491	;	34,7914	;	966,9000	;	995,6685	;	20/10/09
492	;	34,5039	;	882,6000	;	973,0548	;	21/10/09
493	;	35,1748	;	860,0000	;	950,4438	;	22/10/09
494	;	34,8391	;	805,7000	;	921,4950	;	23/10/09
497	;	34,7914	;	750,1000	;	887,2160	;	26/10/09
498	;	33,8904	;	626,2000	;	835,0128	;	27/10/09
499	;	31,6286	;	341,5000	;	736,3102	;	28/10/09
500	;	33,6701	;	277,5000	;	644,5482	;	29/10/09
501	;	32,1075	;	99,5000	;	535,5386	;	30/10/09
505	;	33,8069	;	94,5000	;	447,3309	;	03/11/09
506	;	34,9001	;	176,7000	;	393,2047	;	04/11/09
507	;	35,1875	;	262,0000	;	366,9638	;	05/11/09
508	;	35,0340	;	313,6000	;	356,2910	;	06/11/09
511	;	35,8108	;	412,4000	;	367,5128	;	09/11/09
512	;	36,2709	;	521,9000	;	398,3902	;	10/11/09
513	;	36,2900	;	603,3000	;	439,3722	;	11/11/09
514	;	35,2357	;	576,1000	;	466,7178	;	12/11/09
515	;	36,4148	;	642,2000	;	501,8142	;	13/11/09
518	;	36,6735	;	707,3000	;	542,9114	;	16/11/09
519	;	36,8942	;	767,8000	;	587,8891	;	17/11/09
520	;	36,4341	;	769,8000	;	624,2713	;	18/11/09
521	;	35,5613	;	693,0000	;	638,0170	;	19/11/09
525	;	36,3282	;	686,1000	;	647,6336	;	23/11/09
526	;	36,5202	;	688,2000	;	655,7469	;	24/11/09
527	;	37,1913	;	735,6000	;	671,7175	;	25/11/09
528	;	35,9736	;	667,2000	;	670,8140	;	26/11/09
529	;	36,1944	;	623,6000	;	661,3712	;	27/11/09
532	;	36,3859	;	597,6000	;	648,6170	;	30/11/09
533	;	37,7405	;	678,4000	;	654,5736	;	01/12/09
534	;	38,1719	;	768,5000	;	677,3589	;	02/12/09
535	;	37,7405	;	795,9000	;	701,0671	;	03/12/09
536	;	37,6925	;	804,5000	;	721,7537	;	04/12/09
539	;	38,4120	;	859,4000	;	749,2830	;	07/12/09
540	;	38,2200	;	877,3000	;	774,8864	;	08/12/09
541	;	38,2103	;	880,5000	;	796,0091	;	09/12/09
542	;	38,4023	;	888,3000	;	814,4673	;	10/12/09
543	;	38,3640	;	881,3000	;	827,8338	;	11/12/09
546	;	38,1529	;	848,9000	;	832,0470	;	14/12/09
547	;	38,4693	;	839,1000	;	833,4576	;	15/12/09
548	;	37,9801	;	782,8000	;	823,3261	;	16/12/09
549	;	36,9442	;	647,1000	;	788,0809	;	17/12/09
550	;	36,9057	;	530,4000	;	736,5447	;	18/12/09
553	;	36,5892	;	407,7000	;	670,7758	;	21/12/09
554	;	36,6276	;	309,9000	;	598,6006	;	22/12/09
555	;	36,3208	;	205,3000	;	519,9405	;	23/12/09
560	;	36,3496	;	123,3000	;	440,6124	;	28/12/09
561	;	37,0308	;	112,0000	;	374,8899	;	29/12/09
562	;	37,1075	;	108,0000	;	321,5119	;	30/12/09
567	;	38,6683	;	228,1000	;	302,8295	;	04/01/10
568	;	38,9189	;	339,7000	;	310,2036	;	05/01/10
569	;	38,5815	;	396,3000	;	327,4229	;	06/01/10
570	;	38,1863	;	404,6000	;	342,8583	;	07/01/10
571	;	37,6081	;	360,4000	;	346,3666	;	08/01/10
574	;	37,2804	;	295,5000	;	336,1933	;	11/01/10
575	;	36,9334	;	213,5000	;	311,6546	;	12/01/10
576	;	37,0492	;	156,2000	;	280,5637	;	13/01/10
577	;	36,5384	;	68,7000	;	238,1910	;	14/01/10
578	;	35,9215	;	-49,9000	;	180,5728	;	15/01/10
581	;	36,2395	;	-116,8000	;	121,0982	;	18/01/10
582	;	36,1432	;	-175,6000	;	61,7586	;	19/01/10
583	;	35,1891	;	-295,7000	;	-9,7331	;	20/01/10
584	;	34,5431	;	-438,0000	;	-95,3865	;	21/01/10
585	;	34,9383	;	-513,0000	;	-178,9092	;	22/01/10
589	;	35,0251	;	-559,0000	;	-254,9274	;	26/01/10
590	;	34,5238	;	-628,7000	;	-329,6819	;	27/01/10
591	;	35,5551	;	-593,8000	;	-382,5055	;	28/01/10
592	;	34,8227	;	-618,2000	;	-429,6444	;	29/01/10
595	;	35,4900	;	-577,0000	;	-459,1155	;	01/02/10
596	;	35,9622	;	-500,5000	;	-467,3924	;	02/02/10
597	;	35,8081	;	-447,1000	;	-463,3339	;	03/02/10
598	;	34,4295	;	-510,2000	;	-472,7071	;	04/02/10
599	;	33,5521	;	-623,8000	;	-502,9257	;	05/02/10
602	;	33,4555	;	-713,4000	;	-545,0206	;	08/02/10
603	;	34,9498	;	-656,3000	;	-567,2765	;	09/02/10
604	;	35,1429	;	-588,7000	;	-571,5612	;	10/02/10
605	;	35,7599	;	-479,8000	;	-553,2090	;	11/02/10
606	;	35,7502	;	-389,8000	;	-520,5272	;	12/02/10
611	;	36,5216	;	-253,3000	;	-467,0818	;	17/02/10
612	;	36,6370	;	-134,2000	;	-400,5054	;	18/02/10
613	;	36,0588	;	-85,5000	;	-337,5043	;	19/02/10
616	;	35,6733	;	-77,2000	;	-285,4434	;	22/02/10
617	;	35,0791	;	-117,2000	;	-251,7947	;	23/02/10
618	;	34,6894	;	-178,3000	;	-237,0958	;	24/02/10
619	;	34,6796	;	-224,9000	;	-234,6566	;	25/02/10
620	;	35,5564	;	-188,9000	;	-225,5053	;	26/02/10
623	;	35,6267	;	-152,9000	;	-210,9842	;	01/03/10
624	;	36,2017	;	-77,1000	;	-184,2074	;	02/03/10
625	;	36,2017	;	-16,9000	;	-150,7459	;	03/03/10
626	;	36,1528	;	26,6000	;	-115,2767	;	04/03/10
627	;	36,3477	;	76,0000	;	-77,0214	;	05/03/10
630	;	36,3281	;	112,2000	;	-39,1771	;	08/03/10
631	;	36,7766	;	175,1000	;	3,6783	;	09/03/10
632	;	36,9324	;	234,8000	;	49,9026	;	10/03/10
633	;	37,0300	;	286,7000	;	97,2621	;	11/03/10
634	;	36,4356	;	276,7000	;	133,1497	;	12/03/10
637	;	36,6498	;	282,7000	;	163,0598	;	15/03/10
638	;	36,8836	;	302,9000	;	191,0278	;	16/03/10
639	;	36,5426	;	288,1000	;	210,4422	;	17/03/10
640	;	36,2501	;	249,9000	;	218,3338	;	18/03/10
641	;	36,1042	;	205,5000	;	215,7670	;	19/03/10
644	;	36,6399	;	211,1000	;	214,8336	;	22/03/10
645	;	36,3379	;	189,0000	;	209,6669	;	23/03/10
646	;	35,5681	;	108,0000	;	189,3335	;	24/03/10
647	;	35,9968	;	77,6000	;	166,9868	;	25/03/10
648	;	36,6399	;	104,1000	;	154,4094	;	26/03/10
651	;	37,1857	;	167,3000	;	156,9875	;	29/03/10
652	;	37,5659	;	245,2000	;	174,6300	;	30/03/10
653	;	38,0042	;	338,4000	;	207,3840	;	31/03/10
654	;	38,2110	;	424,1000	;	250,7272	;	01/04/10
658	;	38,4547	;	505,8000	;	301,7418	;	05/04/10
659	;	37,9673	;	525,2000	;	346,4334	;	06/04/10
660	;	37,6261	;	507,2000	;	378,5867	;	07/04/10
661	;	38,9713	;	594,7000	;	421,8094	;	08/04/10
662	;	39,0883	;	665,8000	;	470,6075	;	09/04/10
665	;	38,5521	;	671,1000	;	510,7060	;	12/04/10
666	;	38,4352	;	658,2000	;	540,2048	;	13/04/10
667	;	38,6496	;	657,8000	;	563,7238	;	14/04/10
668	;	38,5911	;	645,3000	;	580,0390	;	15/04/10
669	;	37,3823	;	531,7000	;	570,3712	;	16/04/10
672	;	36,9534	;	402,5000	;	536,7970	;	19/04/10
673	;	37,2850	;	323,0000	;	494,0376	;	20/04/10
675	;	36,9437	;	229,9000	;	441,2101	;	22/04/10
676	;	36,9925	;	158,2000	;	384,6081	;	23/04/10
679	;	36,5149	;	62,1000	;	320,1065	;	26/04/10
680	;	35,2964	;	-111,1000	;	233,8652	;	27/04/10
681	;	36,1933	;	-174,0000	;	152,2922	;	28/04/10
682	;	36,8463	;	-169,1000	;	88,0138	;	29/04/10
683	;	36,7411	;	-171,7000	;	36,0710	;	30/04/10
686	;	36,8580	;	-162,6000	;	-3,6632	;	03/05/10
687	;	35,8828	;	-231,3000	;	-49,1906	;	04/05/10
688	;	35,7660	;	-291,8000	;	-97,7125	;	05/05/10
689	;	35,3369	;	-370,2000	;	-152,2100	;	06/05/10
690	;	35,2394	;	-435,1000	;	-208,7880	;	07/05/10
693	;	36,7508	;	-360,5000	;	-239,1304	;	10/05/10
694	;	36,2434	;	-338,4000	;	-258,9843	;	11/05/10
695	;	36,1756	;	-322,6000	;	-271,7074	;	12/05/10
696	;	35,6392	;	-349,4000	;	-287,2459	;	13/05/10
697	;	35,0542	;	-413,1000	;	-312,4167	;	14/05/10
700	;	35,0053	;	-462,1000	;	-342,3534	;	17/05/10
701	;	34,1181	;	-566,1000	;	-387,1027	;	18/05/10
702	;	32,3726	;	-780,3000	;	-465,7422	;	19/05/10
703	;	32,0315	;	-966,5000	;	-565,8938	;	20/05/10
704	;	32,6651	;	-1050,8000	;	-662,8750	;	21/05/10
707	;	32,0996	;	-1150,0000	;	-760,3000	;	24/05/10
708	;	31,3098	;	-1277,7000	;	-863,7800	;	25/05/10
709	;	32,3628	;	-1279,1000	;	-946,8440	;	26/05/10
710	;	32,9480	;	-1218,9000	;	-1001,2552	;	27/05/10
711	;	32,7627	;	-1172,7000	;	-1035,5442	;	28/05/10
714	;	33,8354	;	-1037,5000	;	-1035,9354	;	31/05/10
715	;	33,1640	;	-973,4000	;	-1023,4283	;	01/06/10
716	;	34,1006	;	-837,3000	;	-986,2026	;	02/06/10
718	;	33,4080	;	-776,4000	;	-944,2421	;	04/06/10
721	;	32,3937	;	-800,8000	;	-915,5537	;	07/06/10
722	;	32,9789	;	-764,0000	;	-885,2430	;	08/06/10
723	;	32,6764	;	-750,7000	;	-858,3344	;	09/06/10
724	;	33,5546	;	-661,7000	;	-819,0075	;	10/06/10
725	;	34,0518	;	-544,7000	;	-764,1460	;	11/06/10
728	;	33,5056	;	-490,4000	;	-709,3968	;	14/06/10
729	;	34,3248	;	-376,9000	;	-642,8974	;	15/06/10
730	;	34,4324	;	-275,1000	;	-569,3379	;	16/06/10
731	;	34,2761	;	-204,7000	;	-496,4103	;	17/06/10
732	;	34,4324	;	-134,7000	;	-424,0682	;	18/06/10
735	;	34,5786	;	-66,7000	;	-352,5946	;	21/06/10
736	;	34,4324	;	-24,3000	;	-286,9357	;	22/06/10
737	;	34,5981	;	22,4000	;	-225,0686	;	23/06/10
738	;	33,5056	;	-28,4000	;	-185,7349	;	24/06/10
739	;	33,7494	;	-48,4000	;	-158,2679	;	25/06/10
742	;	33,6616	;	-70,5000	;	-140,7143	;	28/06/10
743	;	32,2767	;	-197,6000	;	-152,0914	;	29/06/10
744	;	31,7011	;	-340,8000	;	-189,8331	;	30/06/10
745	;	33,1666	;	-332,2000	;	-218,3065	;	01/07/10
746	;	33,4790	;	-296,8000	;	-234,0052	;	02/07/10
749	;	32,6690	;	-330,2000	;	-253,2442	;	05/07/10
750	;	33,4497	;	-290,4000	;	-260,6754	;	06/07/10
751	;	35,4110	;	-99,4000	;	-228,4203	;	07/07/10
752	;	36,2014	;	114,5000	;	-159,8362	;	08/07/10
756	;	36,3282	;	290,8000	;	-69,7090	;	12/07/10
757	;	36,4453	;	435,0000	;	31,2328	;	13/07/10
758	;	36,1819	;	522,0000	;	129,3862	;	14/07/10
759	;	36,1039	;	578,0000	;	219,1090	;	15/07/10
760	;	35,1963	;	542,9000	;	283,8672	;	16/07/10
763	;	36,0061	;	573,8000	;	341,8538	;	19/07/10
764	;	36,3086	;	615,6000	;	396,6030	;	20/07/10
765	;	36,1916	;	631,9000	;	443,6624	;	21/07/10
766	;	37,1771	;	716,2000	;	498,1699	;	22/07/10
767	;	37,5675	;	805,3000	;	559,5959	;	23/07/10
770	;	37,6553	;	872,8000	;	622,2367	;	26/07/10
771	;	37,5675	;	908,8000	;	679,5494	;	27/07/10
772	;	38,4456	;	996,7000	;	742,9795	;	28/07/10
773	;	38,4748	;	1056,5000	;	805,6836	;	29/07/10
774	;	38,6308	;	1103,8000	;	865,3069	;	30/07/10
777	;	38,7600	;	1138,5000	;	919,9455	;	02/08/10
778	;	37,5788	;	1058,5000	;	947,6564	;	03/08/10
779	;	36,9346	;	932,4000	;	944,6051	;	04/08/10
780	;	37,0028	;	828,5000	;	921,3841	;	05/08/10
781	;	37,4324	;	771,8000	;	891,4673	;	06/08/10
784	;	37,5788	;	730,3000	;	859,2338	;	09/08/10
785	;	37,4030	;	675,4000	;	822,4670	;	10/08/10
786	;	36,8103	;	577,5000	;	773,4736	;	11/08/10
787	;	36,9871	;	508,3000	;	720,4389	;	12/08/10
788	;	37,0461	;	453,0000	;	666,9511	;	13/08/10
791	;	37,2230	;	418,6000	;	617,2809	;	16/08/10
792	;	37,4684	;	406,5000	;	575,1247	;	17/08/10
793	;	37,3800	;	385,3000	;	537,1598	;	18/08/10
794	;	36,9379	;	329,0000	;	495,5278	;	19/08/10
795	;	36,8594	;	274,9000	;	451,4022	;	20/08/10
798	;	36,6040	;	209,0000	;	402,9218	;	23/08/10
799	;	35,9753	;	104,8000	;	343,2974	;	24/08/10
800	;	35,9555	;	20,4000	;	278,7179	;	25/08/10
801	;	35,0616	;	-117,2000	;	199,5343	;	26/08/10
802	;	36,5450	;	-105,3000	;	138,5674	;	27/08/10
805	;	36,1030	;	-130,1000	;	84,8339	;	30/08/10
806	;	37,1540	;	-64,2000	;	55,0271	;	31/08/10
807	;	37,6475	;	27,5000	;	49,5217	;	01/09/10
808	;	37,2443	;	66,9000	;	52,9974	;	02/09/10
809	;	37,1954	;	93,1000	;	61,0179	;	03/09/10
812	;	36,8514	;	85,1000	;	65,8343	;	06/09/10
814	;	36,8024	;	74,0000	;	67,4674	;	08/09/10
815	;	36,6253	;	50,3000	;	64,0339	;	09/09/10
816	;	36,5468	;	24,9000	;	56,2071	;	10/09/10
819	;	37,8341	;	107,4000	;	66,4457	;	13/09/10
820	;	38,3746	;	213,9000	;	95,9366	;	14/09/10
821	;	38,6005	;	313,0000	;	139,3493	;	15/09/10
822	;	38,2273	;	357,3000	;	182,9394	;	16/09/10
823	;	38,0305	;	372,2000	;	220,7915	;	17/09/10
826	;	38,3255	;	403,2000	;	257,2732	;	20/09/10
827	;	37,7261	;	375,0000	;	280,8186	;	21/09/10
828	;	37,9816	;	369,0000	;	298,4549	;	22/09/10
829	;	38,2764	;	383,7000	;	315,5039	;	23/09/10
830	;	37,9816	;	367,3000	;	325,8631	;	24/09/10
833	;	38,0305	;	354,1000	;	331,5105	;	27/09/10
834	;	38,3746	;	367,2000	;	338,6484	;	28/09/10
835	;	39,0724	;	429,0000	;	356,7187	;	29/09/10
836	;	39,7701	;	528,1000	;	390,9950	;	30/09/10
837	;	40,1142	;	627,2000	;	438,2360	;	01/10/10
840	;	40,1633	;	701,7000	;	490,9288	;	04/10/10
841	;	41,1662	;	832,1000	;	559,1630	;	05/10/10
842	;	40,8024	;	895,7000	;	626,4704	;	06/10/10
843	;	40,8812	;	941,6000	;	689,4963	;	07/10/10
844	;	41,7757	;	1038,2000	;	759,2370	;	08/10/10
847	;	41,4612	;	1076,9000	;	822,7696	;	11/10/10
849	;	41,9430	;	1133,5000	;	884,9157	;	13/10/10
850	;	41,6383	;	1140,5000	;	936,0326	;	14/10/10
851	;	42,0510	;	1165,9000	;	982,0061	;	15/10/10
854	;	42,2773	;	1190,6000	;	1023,7249	;	18/10/10
855	;	41,4316	;	1129,0000	;	1044,7799	;	19/10/10
856	;	41,8347	;	1100,0000	;	1055,8239	;	20/10/10
857	;	41,3039	;	1022,3000	;	1049,1191	;	21/10/10
858	;	41,6773	;	979,6000	;	1035,2153	;	22/10/10
861	;	41,7856	;	943,6000	;	1016,8922	;	25/10/10
862	;	41,6871	;	896,8000	;	992,8738	;	26/10/10
863	;	40,8418	;	782,5000	;	950,7990	;	27/10/10
864	;	40,4483	;	652,6000	;	891,1592	;	28/10/10
865	;	40,8024	;	571,7000	;	827,2674	;	29/10/10
868	;	41,5813	;	564,0000	;	774,6139	;	01/11/10
870	;	41,4535	;	541,2000	;	727,9311	;	03/11/10
871	;	42,3878	;	591,7000	;	700,6849	;	04/11/10
872	;	42,7713	;	655,1000	;	691,5679	;	05/11/10
875	;	42,8107	;	700,6000	;	693,3743	;	08/11/10
876	;	41,6599	;	636,3000	;	681,9594	;	09/11/10
877	;	42,1418	;	617,2000	;	669,0075	;	10/11/10
878	;	41,3060	;	528,5000	;	640,9060	;	11/11/10
879	;	41,3060	;	453,0000	;	603,3248	;	12/11/10
883	;	40,4699	;	321,9000	;	547,0398	;	16/11/10
884	;	40,4208	;	211,7000	;	479,9718	;	17/11/10
885	;	40,8241	;	155,1000	;	414,9974	;	18/11/10
886	;	41,2371	;	142,0000	;	360,3979	;	19/11/10
889	;	40,5979	;	79,0000	;	304,1183	;	22/11/10
890	;	39,5258	;	-56,8000	;	231,9346	;	23/11/10
891	;	39,8700	;	-135,1000	;	158,5277	;	24/11/10
892	;	39,8012	;	-200,3000	;	86,7622	;	25/11/10
893	;	39,4374	;	-278,1000	;	13,7898	;	26/11/10
896	;	38,9456	;	-375,2000	;	-64,0082	;	29/11/10
897	;	38,6013	;	-474,5000	;	-146,1066	;	30/11/10
898	;	39,3609	;	-486,2000	;	-214,1253	;	01/12/10
899	;	39,4987	;	-478,9000	;	-267,0802	;	02/12/10
900	;	38,8887	;	-516,3000	;	-316,9242	;	03/12/10
903	;	38,5346	;	-568,0000	;	-367,1394	;	06/12/10
904	;	38,6623	;	-591,9000	;	-412,0915	;	07/12/10
905	;	38,2983	;	-632,9000	;	-456,2532	;	08/12/10
906	;	37,7671	;	-700,1000	;	-505,0226	;	09/12/10
907	;	37,7671	;	-744,9000	;	-552,9981	;	10/12/10
910	;	37,8754	;	-762,9000	;	-594,9785	;	13/12/10
911	;	38,0426	;	-754,9000	;	-626,9628	;	14/12/10
912	;	37,8261	;	-757,3000	;	-653,0302	;	15/12/10
913	;	37,5212	;	-774,9000	;	-677,4042	;	16/12/10
914	;	37,8754	;	-751,6000	;	-692,2434	;	17/12/10
917	;	37,0491	;	-790,7000	;	-711,9347	;	20/12/10
918	;	37,9049	;	-744,0000	;	-718,3478	;	21/12/10
919	;	38,7903	;	-628,3000	;	-700,3382	;	22/12/10
920	;	38,6919	;	-538,4000	;	-667,9506	;	23/12/10
924	;	38,0229	;	-515,2000	;	-637,4005	;	27/12/10
925	;	38,0032	;	-492,7000	;	-608,4604	;	28/12/10
926	;	38,8494	;	-402,0000	;	-567,1683	;	29/12/10
927	;	39,1445	;	-302,8000	;	-514,2946	;	30/12/10
931	;	39,2482	;	-213,3000	;	-454,0957	;	03/01/11
932	;	39,5648	;	-115,5000	;	-386,3766	;	04/01/11
933	;	40,1582	;	9,8000	;	-307,1413	;	05/01/11
934	;	39,2087	;	32,1000	;	-239,2930	;	06/01/11
935	;	38,2494	;	-27,4000	;	-196,9144	;	07/01/11
938	;	38,5560	;	-49,2000	;	-167,3715	;	10/01/11
939	;	38,7933	;	-46,8000	;	-143,2572	;	11/01/11
940	;	39,8121	;	36,9000	;	-107,2258	;	12/01/11
941	;	38,9416	;	32,6000	;	-79,2606	;	13/01/11
942	;	39,1791	;	47,8000	;	-53,8485	;	14/01/11
945	;	38,6251	;	14,9000	;	-40,0988	;	17/01/11
946	;	38,1306	;	-50,4000	;	-42,1590	;	18/01/11
947	;	37,7151	;	-134,1000	;	-60,5472	;	19/01/11
948	;	36,7953	;	-271,6000	;	-102,7578	;	20/01/11
949	;	36,8052	;	-375,4000	;	-157,2862	;	21/01/11
952	;	37,0722	;	-431,2000	;	-212,0690	;	24/01/11
954	;	36,5479	;	-511,8000	;	-272,0152	;	26/01/11
955	;	36,6964	;	-557,3000	;	-329,0722	;	27/01/11
956	;	35,8952	;	-650,5000	;	-393,3578	;	28/01/11
959	;	35,2028	;	-771,4000	;	-468,9662	;	31/01/11
960	;	35,7193	;	-816,0000	;	-538,3730	;	01/02/11
961	;	35,3829	;	-868,6000	;	-604,4184	;	02/02/11
962	;	35,0168	;	-929,1000	;	-669,3547	;	03/02/11
963	;	34,0471	;	-1043,2000	;	-744,1238	;	04/02/11
966	;	34,3934	;	-1093,1000	;	-813,9190	;	07/02/11
967	;	35,4225	;	-1037,6000	;	-858,6552	;	08/02/11
968	;	34,5914	;	-1048,6000	;	-896,6442	;	09/02/11
969	;	34,3934	;	-1061,1000	;	-929,5354	;	10/02/11
970	;	35,7292	;	-952,2000	;	-934,0683	;	11/02/11
973	;	35,9963	;	-834,7000	;	-914,1946	;	14/02/11
974	;	36,6296	;	-682,6000	;	-867,8757	;	15/02/11
975	;	37,4508	;	-490,1000	;	-792,3206	;	16/02/11
976	;	37,8070	;	-305,3000	;	-694,9165	;	17/02/11
977	;	37,6389	;	-170,5000	;	-590,0332	;	18/02/11
980	;	37,0551	;	-109,5000	;	-493,9266	;	21/02/11
981	;	36,2437	;	-125,2000	;	-420,1813	;	22/02/11
982	;	36,4218	;	-121,9000	;	-360,5250	;	23/02/11
983	;	36,0854	;	-144,8000	;	-317,3800	;	24/02/11
984	;	35,9271	;	-173,7000	;	-288,6440	;	25/02/11
987	;	36,6098	;	-139,9000	;	-258,8952	;	28/02/11
988	;	35,8299	;	-174,0000	;	-241,9162	;	01/03/11
989	;	35,9585	;	-188,5000	;	-231,2330	;	02/03/11
990	;	36,8394	;	-127,4000	;	-210,4664	;	03/03/11
991	;	36,9582	;	-68,6000	;	-182,0931	;	04/03/11
996	;	36,2100	;	-81,5000	;	-161,9745	;	09/03/11
997	;	34,8200	;	-201,5000	;	-169,8796	;	10/03/11
998	;	35,6800	;	-224,6000	;	-180,8237	;	11/03/11
