-165	;	38,3554	;	606218570,0000	;	03/01/08
-164	;	36,4735	;	593446770,0000	;	04/01/08
-161	;	35,4025	;	583130470,0000	;	07/01/08
-160	;	37,3473	;	594042570,0000	;	08/01/08
-159	;	38,0508	;	606151770,0000	;	09/01/08
-158	;	37,6835	;	594540670,0000	;	10/01/08
-157	;	36,5453	;	586684670,0000	;	11/01/08
-154	;	36,4689	;	579279770,0000	;	14/01/08
-153	;	34,8631	;	567139070,0000	;	15/01/08
-152	;	33,5501	;	550276070,0000	;	16/01/08
-151	;	31,8636	;	533591270,0000	;	17/01/08
-150	;	32,2908	;	546750570,0000	;	18/01/08
-147	;	29,8937	;	533347570,0000	;	21/01/08
-146	;	32,8124	;	553087570,0000	;	22/01/08
-145	;	32,2504	;	539304170,0000	;	23/01/08
-144	;	34,5125	;	552832870,0000	;	24/01/08
-140	;	36,3699	;	566995170,0000	;	28/01/08
-139	;	36,3382	;	555131170,0000	;	29/01/08
-138	;	37,1613	;	563674470,0000	;	30/01/08
-137	;	36,1585	;	546813670,0000	;	31/01/08
-136	;	36,7432	;	557099370,0000	;	01/02/08
-131	;	35,4387	;	550074270,0000	;	06/02/08
-130	;	36,5408	;	563108970,0000	;	07/02/08
-129	;	36,7881	;	574584270,0000	;	08/02/08
-126	;	37,4042	;	584262070,0000	;	11/02/08
-125	;	37,4806	;	598067770,0000	;	12/02/08
-124	;	38,0293	;	610200170,0000	;	13/02/08
-123	;	37,5663	;	601340370,0000	;	14/02/08
-122	;	37,2377	;	594583670,0000	;	15/02/08
-119	;	38,2047	;	602794970,0000	;	18/02/08
-118	;	38,3621	;	613788970,0000	;	19/02/08
-117	;	38,4522	;	626112770,0000	;	20/02/08
-116	;	37,7821	;	616254970,0000	;	21/02/08
-115	;	37,9125	;	623742570,0000	;	22/02/08
-112	;	37,8900	;	617513670,0000	;	25/02/08
-111	;	37,9574	;	631246170,0000	;	26/02/08
-110	;	38,5419	;	645337270,0000	;	27/02/08
-109	;	38,7445	;	652090070,0000	;	28/02/08
-108	;	36,6307	;	641125170,0000	;	29/02/08
-105	;	36,3834	;	628863670,0000	;	03/03/08
-104	;	35,3714	;	614311970,0000	;	04/03/08
-103	;	36,2484	;	625739270,0000	;	05/03/08
-102	;	35,5334	;	615395570,0000	;	06/03/08
-101	;	35,1511	;	604237670,0000	;	07/03/08
-98	;	34,4945	;	595766670,0000	;	10/03/08
-97	;	35,8481	;	604571970,0000	;	11/03/08
-96	;	35,6727	;	596754670,0000	;	12/03/08
-95	;	35,2050	;	584264970,0000	;	13/03/08
-94	;	34,5125	;	573000070,0000	;	14/03/08
-91	;	33,2038	;	556483270,0000	;	17/03/08
-90	;	33,7076	;	567536570,0000	;	18/03/08
-89	;	31,2114	;	549793770,0000	;	19/03/08
-88	;	31,2114	;	549793770,0000	;	20/03/08
-84	;	31,4813	;	560630570,0000	;	24/03/08
-83	;	33,1452	;	572788070,0000	;	25/03/08
-82	;	33,6848	;	582526170,0000	;	26/03/08
-81	;	32,8798	;	576308370,0000	;	27/03/08
-80	;	32,6551	;	568382370,0000	;	28/03/08
-77	;	33,2758	;	576449370,0000	;	31/03/08
-76	;	34,0716	;	587200870,0000	;	01/04/08
-75	;	34,9758	;	599405470,0000	;	02/04/08
-74	;	35,3940	;	610982470,0000	;	03/04/08
-73	;	35,5288	;	621977170,0000	;	04/04/08
-70	;	35,3937	;	614543070,0000	;	07/04/08
-69	;	36,0655	;	622767770,0000	;	08/04/08
-68	;	36,0879	;	633542170,0000	;	09/04/08
-67	;	36,2188	;	642737170,0000	;	10/04/08
-66	;	35,4162	;	635714670,0000	;	11/04/08
-63	;	37,4089	;	662848670,0000	;	14/04/08
-62	;	37,8462	;	681611070,0000	;	15/04/08
-61	;	37,6028	;	662329070,0000	;	16/04/08
-60	;	38,3694	;	678145770,0000	;	17/04/08
-59	;	38,4594	;	691607570,0000	;	18/04/08
-55	;	38,8653	;	703843170,0000	;	22/04/08
-54	;	38,3332	;	693677170,0000	;	23/04/08
-53	;	37,5127	;	675470570,0000	;	24/04/08
-52	;	38,0087	;	687527970,0000	;	25/04/08
-49	;	38,4053	;	706467170,0000	;	28/04/08
-48	;	36,8814	;	683094470,0000	;	29/04/08
-47	;	38,0536	;	720899370,0000	;	30/04/08
-45	;	38,7751	;	747751170,0000	;	02/05/08
-42	;	39,5417	;	769974170,0000	;	05/05/08
-41	;	40,5786	;	792632170,0000	;	06/05/08
-40	;	40,4432	;	766668970,0000	;	07/05/08
-39	;	40,5786	;	784411370,0000	;	08/05/08
-38	;	41,1827	;	801358170,0000	;	09/05/08
-35	;	41,2550	;	823254970,0000	;	12/05/08
-34	;	42,3371	;	852061570,0000	;	13/05/08
-33	;	41,7508	;	828041770,0000	;	14/05/08
-32	;	42,4813	;	851823870,0000	;	15/05/08
-31	;	43,4191	;	871221670,0000	;	16/05/08
-28	;	45,0874	;	902872670,0000	;	19/05/08
-27	;	46,5842	;	929979870,0000	;	20/05/08
-26	;	47,3506	;	964119470,0000	;	21/05/08
-24	;	45,5924	;	937719870,0000	;	23/05/08
-21	;	46,5029	;	946369570,0000	;	26/05/08
-20	;	44,9970	;	919771570,0000	;	27/05/08
-19	;	45,9800	;	942769470,0000	;	28/05/08
-18	;	44,4921	;	913135870,0000	;	29/05/08
-17	;	44,1855	;	889830170,0000	;	30/05/08
-14	;	44,8980	;	909180070,0000	;	02/06/08
-13	;	42,7877	;	882470670,0000	;	03/06/08
-12	;	40,8311	;	842763570,0000	;	04/06/08
-11	;	42,8871	;	867063070,0000	;	05/06/08
-10	;	42,9142	;	896931070,0000	;	06/06/08
-7	;	42,8147	;	884180470,0000	;	09/06/08
-6	;	41,4804	;	861899870,0000	;	10/06/08
-5	;	40,9394	;	839649170,0000	;	11/06/08
-4	;	40,7408	;	813364070,0000	;	12/06/08
-3	;	41,3904	;	836148070,0000	;	13/06/08
0	;	41,3000	;	808570870,0000	;	16/06/08
1	;	41,7058	;	829478070,0000	;	17/06/08
2	;	40,9394	;	809992470,0000	;	18/06/08
3	;	39,5866	;	783014770,0000	;	19/06/08
4	;	38,8923	;	764035570,0000	;	20/06/08
7	;	39,5778	;	777250470,0000	;	23/06/08
8	;	39,4695	;	761394170,0000	;	24/06/08
9	;	40,5335	;	786909770,0000	;	25/06/08
10	;	40,4885	;	769062470,0000	;	26/06/08
11	;	40,8491	;	784544970,0000	;	27/06/08
14	;	41,6699	;	801405170,0000	;	30/06/08
15	;	41,5615	;	783148470,0000	;	01/07/08
16	;	39,6589	;	761997970,0000	;	02/07/08
17	;	38,3694	;	745162470,0000	;	03/07/08
18	;	38,9554	;	754416070,0000	;	04/07/08
21	;	37,8102	;	736506670,0000	;	07/07/08
22	;	36,6199	;	710978070,0000	;	08/07/08
24	;	36,1149	;	681480570,0000	;	10/07/08
25	;	36,6109	;	702258270,0000	;	11/07/08
28	;	36,8634	;	715270170,0000	;	14/07/08
29	;	36,5658	;	694394870,0000	;	15/07/08
30	;	35,8626	;	672895470,0000	;	16/07/08
31	;	34,0861	;	640135970,0000	;	17/07/08
32	;	34,4467	;	656233270,0000	;	18/07/08
35	;	34,9517	;	676077970,0000	;	21/07/08
36	;	33,7523	;	658251670,0000	;	22/07/08
37	;	32,5531	;	632147570,0000	;	23/07/08
38	;	31,1102	;	602806670,0000	;	24/07/08
39	;	31,1102	;	602806670,0000	;	25/07/08
42	;	31,4258	;	619045670,0000	;	28/07/08
43	;	31,3808	;	599470870,0000	;	29/07/08
44	;	32,9137	;	627524870,0000	;	30/07/08
45	;	32,3729	;	610799270,0000	;	31/07/08
46	;	31,1192	;	596477270,0000	;	01/08/08
49	;	29,6584	;	576618870,0000	;	04/08/08
50	;	29,0363	;	552861770,0000	;	05/08/08
51	;	30,0281	;	571923370,0000	;	06/08/08
52	;	30,5331	;	594175170,0000	;	07/08/08
53	;	30,2537	;	577926570,0000	;	08/08/08
56	;	29,4870	;	562447270,0000	;	11/08/08
57	;	29,8207	;	583025070,0000	;	12/08/08
58	;	30,4339	;	612359170,0000	;	13/08/08
59	;	30,1542	;	596252670,0000	;	14/08/08
60	;	29,4601	;	582447370,0000	;	15/08/08
63	;	28,5672	;	564471270,0000	;	18/08/08
64	;	29,4241	;	585768770,0000	;	19/08/08
65	;	30,8486	;	607693970,0000	;	20/08/08
66	;	31,9127	;	626788270,0000	;	21/08/08
67	;	31,8227	;	612323770,0000	;	22/08/08
70	;	30,4880	;	598884270,0000	;	25/08/08
71	;	30,8309	;	614055370,0000	;	26/08/08
72	;	31,7415	;	628020870,0000	;	27/08/08
73	;	31,8768	;	642985170,0000	;	28/08/08
74	;	31,4710	;	627912370,0000	;	29/08/08
77	;	30,8486	;	619922070,0000	;	01/09/08
78	;	30,0372	;	600784770,0000	;	02/09/08
79	;	29,3969	;	581266670,0000	;	03/09/08
80	;	28,3600	;	561016570,0000	;	04/09/08
81	;	28,7297	;	583189570,0000	;	05/09/08
84	;	27,2868	;	558941070,0000	;	08/09/08
85	;	25,5645	;	532316570,0000	;	09/09/08
86	;	25,8622	;	586005770,0000	;	10/09/08
87	;	28,3148	;	623076370,0000	;	11/09/08
88	;	29,7577	;	651402170,0000	;	12/09/08
91	;	26,8721	;	615572270,0000	;	15/09/08
92	;	28,2247	;	650113370,0000	;	16/09/08
93	;	26,8721	;	615036570,0000	;	17/09/08
94	;	29,0363	;	655982570,0000	;	18/09/08
95	;	31,5430	;	691253970,0000	;	19/09/08
98	;	31,4710	;	662574670,0000	;	22/09/08
99	;	29,9832	;	633325470,0000	;	23/09/08
100	;	31,1013	;	654229170,0000	;	24/09/08
101	;	32,5079	;	674191770,0000	;	25/09/08
102	;	31,9487	;	654487570,0000	;	26/09/08
105	;	29,5324	;	622953870,0000	;	29/09/08
106	;	31,6513	;	644730770,0000	;	30/09/08
107	;	31,4710	;	620119370,0000	;	01/10/08
108	;	28,9009	;	594590770,0000	;	02/10/08
109	;	27,9541	;	569390370,0000	;	03/10/08
112	;	27,0523	;	533013870,0000	;	06/10/08
113	;	25,5195	;	499657770,0000	;	07/10/08
114	;	24,0768	;	446533170,0000	;	08/10/08
115	;	23,3371	;	403336370,0000	;	09/10/08
116	;	21,6419	;	354689870,0000	;	10/10/08
119	;	24,2568	;	394281470,0000	;	13/10/08
120	;	24,6177	;	441061470,0000	;	14/10/08
121	;	21,6419	;	388142770,0000	;	15/10/08
122	;	20,0188	;	334430670,0000	;	16/10/08
123	;	20,7312	;	372655870,0000	;	17/10/08
126	;	22,8953	;	408907970,0000	;	20/10/08
127	;	22,5438	;	377425770,0000	;	21/10/08
128	;	20,9207	;	344529070,0000	;	22/10/08
129	;	20,4697	;	308846370,0000	;	23/10/08
130	;	18,3956	;	268399970,0000	;	24/10/08
133	;	16,3307	;	236446270,0000	;	27/10/08
134	;	18,0801	;	286870870,0000	;	28/10/08
135	;	19,2974	;	334458870,0000	;	29/10/08
136	;	20,6049	;	374701670,0000	;	30/10/08
137	;	21,0197	;	408458770,0000	;	31/10/08
140	;	20,8666	;	388280070,0000	;	03/11/08
141	;	22,6337	;	428166270,0000	;	04/11/08
142	;	21,8673	;	399955370,0000	;	05/11/08
143	;	20,6500	;	368061170,0000	;	06/11/08
144	;	20,9746	;	396191970,0000	;	07/11/08
147	;	21,5968	;	423907670,0000	;	10/11/08
148	;	21,5608	;	398064070,0000	;	11/11/08
149	;	18,5940	;	340376770,0000	;	12/11/08
150	;	19,0268	;	379682370,0000	;	13/11/08
151	;	18,7205	;	352815670,0000	;	14/11/08
154	;	18,4408	;	324805170,0000	;	17/11/08
155	;	17,3587	;	292191670,0000	;	18/11/08
156	;	16,6823	;	266067170,0000	;	19/11/08
158	;	15,2306	;	224013170,0000	;	21/11/08
161	;	17,3406	;	264984670,0000	;	24/11/08
162	;	17,4579	;	306333970,0000	;	25/11/08
163	;	18,5039	;	345671970,0000	;	26/11/08
164	;	17,9899	;	328547970,0000	;	27/11/08
165	;	18,0888	;	356195370,0000	;	28/11/08
168	;	16,5921	;	330639070,0000	;	01/12/08
169	;	16,5019	;	303720570,0000	;	02/12/08
170	;	17,4129	;	341837570,0000	;	03/12/08
171	;	16,7726	;	318290970,0000	;	04/12/08
172	;	16,3758	;	282098070,0000	;	05/12/08
175	;	18,2242	;	325050470,0000	;	08/12/08
176	;	18,1342	;	290822270,0000	;	09/12/08
177	;	19,7844	;	340050970,0000	;	10/12/08
178	;	20,1360	;	389637470,0000	;	11/12/08
179	;	20,3795	;	426336270,0000	;	12/12/08
182	;	20,6500	;	460414970,0000	;	15/12/08
183	;	21,4615	;	486242770,0000	;	16/12/08
184	;	21,9576	;	526444170,0000	;	17/12/08
185	;	21,1911	;	495926570,0000	;	18/12/08
186	;	21,0558	;	472094370,0000	;	19/12/08
189	;	19,9646	;	452666770,0000	;	22/12/08
190	;	19,8385	;	438630470,0000	;	23/12/08
193	;	20,5598	;	448728370,0000	;	26/12/08
196	;	21,0459	;	463084470,0000	;	29/12/08
197	;	21,3449	;	479312870,0000	;	30/12/08
200	;	22,9335	;	496634470,0000	;	02/01/09
203	;	23,4568	;	523089270,0000	;	05/01/09
204	;	23,7840	;	547341470,0000	;	06/01/09
205	;	22,8494	;	526735370,0000	;	07/01/09
206	;	23,8308	;	550734370,0000	;	08/01/09
207	;	23,7373	;	532185770,0000	;	09/01/09
210	;	22,1952	;	506633170,0000	;	12/01/09
211	;	22,3824	;	532202470,0000	;	13/01/09
212	;	21,7747	;	503846970,0000	;	14/01/09
213	;	22,5223	;	537469170,0000	;	15/01/09
214	;	22,6905	;	562103170,0000	;	16/01/09
217	;	22,2700	;	549326670,0000	;	19/01/09
218	;	21,5504	;	531787270,0000	;	20/01/09
219	;	22,6718	;	553040870,0000	;	21/01/09
220	;	22,0925	;	528141470,0000	;	22/01/09
221	;	22,0459	;	504082070,0000	;	23/01/09
224	;	22,2419	;	528563170,0000	;	26/01/09
225	;	22,3353	;	546728270,0000	;	27/01/09
226	;	23,5503	;	580897270,0000	;	28/01/09
227	;	23,3913	;	565304770,0000	;	29/01/09
228	;	23,3913	;	565304770,0000	;	30/01/09
231	;	23,0736	;	547298970,0000	;	02/02/09
232	;	23,9054	;	567149570,0000	;	03/02/09
233	;	24,0178	;	600789070,0000	;	04/02/09
234	;	24,2980	;	627880970,0000	;	05/02/09
235	;	25,3260	;	658100670,0000	;	06/02/09
238	;	25,5970	;	690378870,0000	;	09/02/09
239	;	25,0457	;	657324770,0000	;	10/02/09
240	;	25,1109	;	683490470,0000	;	11/02/09
241	;	24,9520	;	661227770,0000	;	12/02/09
242	;	25,7933	;	683096770,0000	;	13/02/09
245	;	26,0923	;	699128470,0000	;	16/02/09
246	;	24,6718	;	674474870,0000	;	17/02/09
247	;	24,1952	;	645324470,0000	;	18/02/09
248	;	24,5784	;	665903970,0000	;	19/02/09
249	;	24,0923	;	641168770,0000	;	20/02/09
254	;	24,5314	;	658173870,0000	;	25/02/09
255	;	24,7839	;	680166070,0000	;	26/02/09
256	;	24,6718	;	651675270,0000	;	27/02/09
259	;	23,3822	;	624467070,0000	;	02/03/09
260	;	23,1764	;	594487570,0000	;	03/03/09
261	;	24,6437	;	632806870,0000	;	04/03/09
262	;	24,2980	;	608292970,0000	;	05/03/09
263	;	23,9896	;	576027870,0000	;	06/03/09
266	;	24,0178	;	602682670,0000	;	09/03/09
267	;	25,2979	;	636760570,0000	;	10/03/09
268	;	25,4286	;	661664570,0000	;	11/03/09
269	;	25,7464	;	691789470,0000	;	12/03/09
270	;	25,8868	;	716794570,0000	;	13/03/09
273	;	25,4100	;	686728870,0000	;	16/03/09
274	;	26,1485	;	708855570,0000	;	17/03/09
275	;	26,4474	;	735710470,0000	;	18/03/09
276	;	27,3352	;	766018470,0000	;	19/03/09
277	;	27,1952	;	738157670,0000	;	20/03/09
280	;	28,8397	;	768444770,0000	;	23/03/09
281	;	28,3632	;	744066270,0000	;	24/03/09
282	;	28,4380	;	766429770,0000	;	25/03/09
283	;	28,3818	;	743670770,0000	;	26/03/09
284	;	27,6624	;	724591370,0000	;	27/03/09
287	;	26,8958	;	707759670,0000	;	30/03/09
288	;	26,6810	;	685193070,0000	;	31/03/09
289	;	27,4754	;	710899670,0000	;	01/04/09
290	;	28,5035	;	739145270,0000	;	02/04/09
291	;	28,4101	;	715506270,0000	;	03/04/09
294	;	28,3071	;	699852470,0000	;	06/04/09
295	;	28,0079	;	680774070,0000	;	07/04/09
296	;	27,9240	;	657657870,0000	;	08/04/09
297	;	29,1627	;	683104570,0000	;	09/04/09
298	;	29,1627	;	683104570,0000	;	10/04/09
301	;	29,1155	;	663454270,0000	;	13/04/09
302	;	28,8412	;	638367270,0000	;	14/04/09
303	;	28,3495	;	610947370,0000	;	15/04/09
304	;	28,3684	;	632461270,0000	;	16/04/09
305	;	27,9145	;	616477770,0000	;	17/04/09
308	;	27,2338	;	596037070,0000	;	20/04/09
310	;	27,0539	;	576785570,0000	;	22/04/09
311	;	27,6782	;	594694470,0000	;	23/04/09
312	;	27,7159	;	614726270,0000	;	24/04/09
315	;	27,1296	;	595515970,0000	;	27/04/09
316	;	27,2621	;	615878970,0000	;	28/04/09
317	;	28,1226	;	638567270,0000	;	29/04/09
318	;	27,9334	;	615860370,0000	;	30/04/09
322	;	29,9097	;	653793570,0000	;	04/05/09
323	;	30,3353	;	679373170,0000	;	05/05/09
324	;	30,7799	;	713302170,0000	;	06/05/09
325	;	30,2408	;	690248270,0000	;	07/05/09
326	;	31,2052	;	709615270,0000	;	08/05/09
329	;	31,0823	;	691701170,0000	;	11/05/09
330	;	30,5905	;	668649170,0000	;	12/05/09
331	;	29,7680	;	647432770,0000	;	13/05/09
332	;	30,0137	;	664691970,0000	;	14/05/09
333	;	29,5978	;	646169570,0000	;	15/05/09
336	;	30,9311	;	673958070,0000	;	18/05/09
337	;	30,9405	;	692938970,0000	;	19/05/09
338	;	31,3470	;	716986970,0000	;	20/05/09
339	;	30,7324	;	699673170,0000	;	21/05/09
340	;	31,0823	;	714358270,0000	;	22/05/09
343	;	31,1580	;	719775670,0000	;	25/05/09
344	;	31,9051	;	740703370,0000	;	26/05/09
345	;	31,9051	;	740703370,0000	;	27/05/09
346	;	32,7657	;	761746770,0000	;	28/05/09
347	;	32,5764	;	733096170,0000	;	29/05/09
350	;	33,3236	;	753976170,0000	;	01/06/09
351	;	32,6712	;	730048770,0000	;	02/06/09
352	;	31,3470	;	701733370,0000	;	03/06/09
353	;	32,2361	;	719525370,0000	;	04/06/09
354	;	32,1320	;	699356970,0000	;	05/06/09
357	;	32,0374	;	682976670,0000	;	08/06/09
358	;	31,6876	;	667036070,0000	;	09/06/09
359	;	32,0374	;	687100770,0000	;	10/06/09
361	;	32,1036	;	704029270,0000	;	12/06/09
364	;	31,4889	;	679723570,0000	;	15/06/09
365	;	30,7799	;	663162570,0000	;	16/06/09
366	;	30,3069	;	642712470,0000	;	17/06/09
367	;	30,0327	;	628982770,0000	;	18/06/09
368	;	30,2124	;	641007070,0000	;	19/06/09
371	;	29,1818	;	621165970,0000	;	22/06/09
372	;	29,6924	;	640457470,0000	;	23/06/09
373	;	29,3141	;	623501970,0000	;	24/06/09
374	;	30,4961	;	642048870,0000	;	25/06/09
375	;	30,4961	;	642048870,0000	;	26/06/09
378	;	31,2527	;	656478270,0000	;	29/06/09
379	;	30,6853	;	638257270,0000	;	30/06/09
380	;	30,0705	;	620224470,0000	;	01/07/09
381	;	29,5409	;	604113670,0000	;	02/07/09
382	;	29,3235	;	598210970,0000	;	03/07/09
385	;	28,6837	;	578683670,0000	;	06/07/09
386	;	28,0248	;	558649470,0000	;	07/07/09
387	;	27,7959	;	537023870,0000	;	08/07/09
388	;	27,7959	;	537023870,0000	;	09/07/09
389	;	28,3305	;	549764870,0000	;	10/07/09
392	;	28,4451	;	562716770,0000	;	13/07/09
393	;	28,2540	;	544852570,0000	;	14/07/09
394	;	29,3713	;	565349670,0000	;	15/07/09
395	;	29,5525	;	580943270,0000	;	16/07/09
396	;	30,0778	;	595964070,0000	;	17/07/09
399	;	30,4598	;	620368470,0000	;	20/07/09
400	;	30,3834	;	601391270,0000	;	21/07/09
401	;	30,2591	;	584965270,0000	;	22/07/09
402	;	30,9372	;	608864370,0000	;	23/07/09
403	;	31,0327	;	619066770,0000	;	24/07/09
406	;	30,9849	;	607714770,0000	;	27/07/09
407	;	30,3166	;	584597170,0000	;	28/07/09
408	;	29,5049	;	566898970,0000	;	29/07/09
409	;	29,8105	;	581019470,0000	;	30/07/09
410	;	30,0492	;	594842670,0000	;	31/07/09
413	;	31,0422	;	610503370,0000	;	03/08/09
414	;	30,6699	;	594053570,0000	;	04/08/09
415	;	30,8608	;	607206070,0000	;	05/08/09
416	;	30,4598	;	592212670,0000	;	06/08/09
417	;	30,5552	;	605071170,0000	;	07/08/09
420	;	30,6508	;	615459270,0000	;	10/08/09
421	;	29,8105	;	600241170,0000	;	11/08/09
422	;	30,4501	;	617647470,0000	;	12/08/09
423	;	31,0230	;	636330070,0000	;	13/08/09
424	;	30,8893	;	620057770,0000	;	14/08/09
427	;	30,5552	;	596804470,0000	;	17/08/09
428	;	30,8608	;	612340970,0000	;	18/08/09
429	;	31,3191	;	631874470,0000	;	19/08/09
430	;	31,5578	;	645482770,0000	;	20/08/09
431	;	32,1117	;	664592370,0000	;	21/08/09
434	;	31,8920	;	641459570,0000	;	24/08/09
435	;	31,7298	;	627728470,0000	;	25/08/09
436	;	31,6725	;	613101470,0000	;	26/08/09
437	;	31,3765	;	593147170,0000	;	27/08/09
438	;	31,0805	;	571589470,0000	;	28/08/09
441	;	29,9632	;	536566470,0000	;	31/08/09
442	;	30,1733	;	560388170,0000	;	01/09/09
443	;	30,6985	;	585216570,0000	;	02/09/09
444	;	30,7367	;	603186370,0000	;	03/09/09
445	;	31,0422	;	617863770,0000	;	04/09/09
449	;	31,3955	;	631180070,0000	;	08/09/09
450	;	31,5101	;	645981170,0000	;	09/09/09
451	;	31,8348	;	661940070,0000	;	10/09/09
452	;	31,6437	;	650757470,0000	;	11/09/09
455	;	31,7392	;	664114870,0000	;	14/09/09
456	;	31,8920	;	677671670,0000	;	15/09/09
457	;	32,7992	;	705866770,0000	;	16/09/09
458	;	32,7514	;	685190470,0000	;	17/09/09
459	;	33,0855	;	696497170,0000	;	18/09/09
462	;	33,0379	;	677466170,0000	;	21/09/09
463	;	33,2576	;	694102370,0000	;	22/09/09
464	;	32,7132	;	673574770,0000	;	23/09/09
465	;	32,2741	;	657263270,0000	;	24/09/09
466	;	32,5700	;	668080570,0000	;	25/09/09
469	;	33,3147	;	680093970,0000	;	28/09/09
470	;	33,2001	;	668305270,0000	;	29/09/09
471	;	33,4198	;	687380370,0000	;	30/09/09
472	;	32,6995	;	672929270,0000	;	01/10/09
473	;	32,8052	;	692106170,0000	;	02/10/09
476	;	33,0835	;	704797670,0000	;	05/10/09
477	;	33,1220	;	718166970,0000	;	06/10/09
478	;	33,2855	;	730820770,0000	;	07/10/09
479	;	34,0440	;	748699470,0000	;	08/10/09
480	;	34,2265	;	760609870,0000	;	09/10/09
483	;	34,2265	;	760609870,0000	;	12/10/09
484	;	34,3994	;	770255770,0000	;	13/10/09
485	;	34,7164	;	791924270,0000	;	14/10/09
486	;	35,1484	;	811162270,0000	;	15/10/09
487	;	34,9563	;	797015970,0000	;	16/10/09
490	;	35,8783	;	819075470,0000	;	19/10/09
491	;	35,0523	;	798168070,0000	;	20/10/09
492	;	35,2444	;	816543870,0000	;	21/10/09
493	;	35,5325	;	828902970,0000	;	22/10/09
494	;	35,0523	;	813329370,0000	;	23/10/09
497	;	35,2444	;	829455670,0000	;	26/10/09
498	;	34,5241	;	813087570,0000	;	27/10/09
499	;	32,8820	;	787880770,0000	;	28/10/09
500	;	34,6298	;	805397670,0000	;	29/10/09
501	;	33,6503	;	785104470,0000	;	30/10/09
505	;	34,1401	;	798650270,0000	;	03/11/09
506	;	34,2840	;	810766770,0000	;	04/11/09
507	;	34,9563	;	824015370,0000	;	05/11/09
508	;	34,6202	;	809977970,0000	;	06/11/09
511	;	35,6094	;	824478870,0000	;	09/11/09
512	;	35,9263	;	844560170,0000	;	10/11/09
513	;	36,1088	;	866820670,0000	;	11/11/09
514	;	35,3885	;	846816570,0000	;	12/11/09
515	;	35,6575	;	863364570,0000	;	13/11/09
518	;	35,8974	;	885303170,0000	;	16/11/09
519	;	36,8769	;	920244470,0000	;	17/11/09
520	;	36,6850	;	899866370,0000	;	18/11/09
521	;	36,9730	;	921249470,0000	;	19/11/09
522	;	36,9730	;	921249470,0000	;	20/11/09
525	;	37,3092	;	935900870,0000	;	23/11/09
526	;	37,5972	;	951834270,0000	;	24/11/09
527	;	37,8854	;	967674870,0000	;	25/11/09
528	;	36,9251	;	957070470,0000	;	26/11/09
529	;	37,3572	;	971496070,0000	;	27/11/09
532	;	37,2612	;	955333370,0000	;	30/11/09
533	;	38,2119	;	970237670,0000	;	01/12/09
534	;	37,8469	;	955584670,0000	;	02/12/09
535	;	37,7413	;	942653070,0000	;	03/12/09
536	;	36,8769	;	923937370,0000	;	04/12/09
539	;	36,8769	;	923937370,0000	;	07/12/09
540	;	36,0991	;	906265470,0000	;	08/12/09
541	;	36,0991	;	906265470,0000	;	09/12/09
542	;	36,2623	;	922922970,0000	;	10/12/09
543	;	36,3008	;	940151370,0000	;	11/12/09
546	;	36,3969	;	952805970,0000	;	14/12/09
547	;	36,4930	;	964442670,0000	;	15/12/09
548	;	36,3584	;	947693170,0000	;	16/12/09
549	;	35,4078	;	930218670,0000	;	17/12/09
550	;	35,1292	;	914061570,0000	;	18/12/09
553	;	33,9897	;	893156570,0000	;	21/12/09
554	;	35,0905	;	908165470,0000	;	22/12/09
555	;	35,4381	;	919169970,0000	;	23/12/09
560	;	35,4865	;	928269870,0000	;	28/12/09
561	;	35,5348	;	933468370,0000	;	29/12/09
562	;	35,4286	;	919566970,0000	;	30/12/09
567	;	36,0369	;	932870570,0000	;	04/01/10
568	;	35,7279	;	911474170,0000	;	05/01/10
569	;	36,2107	;	930194770,0000	;	06/01/10
570	;	35,8727	;	919230170,0000	;	07/01/10
571	;	35,6795	;	904605970,0000	;	08/01/10
574	;	35,5638	;	889288270,0000	;	11/01/10
575	;	35,1099	;	874402070,0000	;	12/01/10
576	;	35,0519	;	851173870,0000	;	13/01/10
577	;	34,4436	;	831100470,0000	;	14/01/10
578	;	34,5209	;	852269470,0000	;	15/01/10
581	;	35,2933	;	875437870,0000	;	18/01/10
582	;	35,1292	;	858541970,0000	;	19/01/10
583	;	34,2312	;	839784470,0000	;	20/01/10
584	;	33,1497	;	815231470,0000	;	21/01/10
585	;	33,5552	;	834256570,0000	;	22/01/10
589	;	32,7345	;	813975370,0000	;	26/01/10
590	;	32,9373	;	833883970,0000	;	27/01/10
591	;	33,4201	;	847703170,0000	;	28/01/10
592	;	32,9951	;	831596470,0000	;	29/01/10
595	;	33,1207	;	847465770,0000	;	01/02/10
596	;	32,9276	;	832176170,0000	;	02/02/10
597	;	32,8697	;	816084970,0000	;	03/02/10
598	;	31,1894	;	791804670,0000	;	04/02/10
599	;	30,4362	;	762770870,0000	;	05/02/10
602	;	30,6488	;	781455570,0000	;	08/02/10
603	;	31,1315	;	799559770,0000	;	09/02/10
604	;	31,5178	;	821469670,0000	;	10/02/10
605	;	32,2130	;	845580570,0000	;	11/02/10
606	;	32,6378	;	864707670,0000	;	12/02/10
611	;	33,0724	;	881330070,0000	;	17/02/10
612	;	33,4973	;	898347870,0000	;	18/02/10
613	;	33,1690	;	886458470,0000	;	19/02/10
616	;	33,4587	;	906275970,0000	;	22/02/10
617	;	33,0146	;	889338470,0000	;	23/02/10
618	;	32,7731	;	875777470,0000	;	24/02/10
619	;	33,1979	;	894427570,0000	;	25/02/10
620	;	33,4201	;	912231870,0000	;	26/02/10
623	;	33,7291	;	929191170,0000	;	01/03/10
624	;	33,9125	;	946299270,0000	;	02/03/10
625	;	33,9416	;	966256870,0000	;	03/03/10
626	;	33,9897	;	980325770,0000	;	04/03/10
627	;	34,5787	;	1008560770,0000	;	05/03/10
630	;	34,4726	;	992658670,0000	;	08/03/10
631	;	35,2451	;	1061355270,0000	;	09/03/10
632	;	35,7279	;	1093551670,0000	;	10/03/10
633	;	35,7761	;	1113001270,0000	;	11/03/10
634	;	35,7858	;	1126941570,0000	;	12/03/10
637	;	35,5058	;	1107101970,0000	;	15/03/10
638	;	35,9308	;	1119909470,0000	;	16/03/10
639	;	35,8727	;	1109611370,0000	;	17/03/10
640	;	35,7472	;	1097549670,0000	;	18/03/10
641	;	34,9844	;	1073243170,0000	;	19/03/10
644	;	34,9939	;	1086732370,0000	;	22/03/10
645	;	34,5885	;	1069525370,0000	;	23/03/10
646	;	34,8491	;	1088208870,0000	;	24/03/10
647	;	33,9897	;	1070510070,0000	;	25/03/10
648	;	33,3139	;	1041689770,0000	;	26/03/10
651	;	33,7000	;	1061002570,0000	;	29/03/10
652	;	33,6036	;	1048636670,0000	;	30/03/10
653	;	34,1733	;	1065188370,0000	;	31/03/10
654	;	34,5209	;	1078910270,0000	;	01/04/10
658	;	34,7719	;	1091030570,0000	;	05/04/10
659	;	34,8395	;	1104440770,0000	;	06/04/10
660	;	34,5692	;	1089361370,0000	;	07/04/10
661	;	34,5787	;	1102913470,0000	;	08/04/10
662	;	34,0187	;	1085895670,0000	;	09/04/10
665	;	33,2077	;	1056011870,0000	;	12/04/10
666	;	33,0146	;	1036350270,0000	;	13/04/10
667	;	33,0724	;	1053728170,0000	;	14/04/10
668	;	32,4447	;	1010319370,0000	;	15/04/10
669	;	31,8170	;	961429970,0000	;	16/04/10
672	;	32,3965	;	985426270,0000	;	19/04/10
673	;	33,1207	;	1007585070,0000	;	20/04/10
675	;	32,6861	;	987711770,0000	;	22/04/10
676	;	33,0752	;	1000024570,0000	;	23/04/10
679	;	32,4039	;	986214370,0000	;	26/04/10
680	;	31,2270	;	963194670,0000	;	27/04/10
681	;	31,5090	;	980575570,0000	;	28/04/10
682	;	32,1220	;	992508370,0000	;	29/04/10
683	;	31,9078	;	976820570,0000	;	30/04/10
686	;	30,6432	;	947971170,0000	;	03/05/10
687	;	29,6121	;	908702770,0000	;	04/05/10
688	;	29,3882	;	879231670,0000	;	05/05/10
689	;	28,9992	;	847215670,0000	;	06/05/10
690	;	28,9408	;	822669670,0000	;	07/05/10
693	;	29,3300	;	843657770,0000	;	10/05/10
694	;	28,8143	;	826323170,0000	;	11/05/10
695	;	29,0868	;	841703970,0000	;	12/05/10
696	;	29,1840	;	857826870,0000	;	13/05/10
697	;	29,2716	;	882097070,0000	;	14/05/10
700	;	29,0381	;	855566270,0000	;	17/05/10
701	;	28,4253	;	837887070,0000	;	18/05/10
702	;	27,7736	;	812659870,0000	;	19/05/10
703	;	26,6839	;	787020570,0000	;	20/05/10
704	;	26,8298	;	815549570,0000	;	21/05/10
707	;	26,6044	;	800553470,0000	;	24/05/10
708	;	26,0165	;	776333970,0000	;	25/05/10
709	;	26,5065	;	796802870,0000	;	26/05/10
710	;	27,2512	;	815135770,0000	;	27/05/10
711	;	27,6334	;	835437070,0000	;	28/05/10
714	;	29,0052	;	849707670,0000	;	31/05/10
715	;	28,0744	;	823719770,0000	;	01/06/10
716	;	28,5153	;	837579070,0000	;	02/06/10
718	;	28,6622	;	852757070,0000	;	04/06/10
721	;	28,9268	;	869209070,0000	;	07/06/10
722	;	29,0641	;	885329870,0000	;	08/06/10
723	;	28,9562	;	865194870,0000	;	09/06/10
724	;	29,2992	;	883084470,0000	;	10/06/10
725	;	29,0249	;	871470570,0000	;	11/06/10
728	;	28,4663	;	856188070,0000	;	14/06/10
729	;	28,4172	;	843580270,0000	;	15/06/10
730	;	29,0542	;	868017170,0000	;	16/06/10
731	;	28,9268	;	852440370,0000	;	17/06/10
732	;	28,8975	;	840074170,0000	;	18/06/10
735	;	28,8093	;	816315870,0000	;	21/06/10
736	;	28,5252	;	796737670,0000	;	22/06/10
737	;	27,9274	;	772619670,0000	;	23/06/10
738	;	26,9377	;	750790770,0000	;	24/06/10
739	;	27,3493	;	761528770,0000	;	25/06/10
742	;	26,8690	;	754249870,0000	;	28/06/10
743	;	26,2909	;	737958970,0000	;	29/06/10
744	;	26,3203	;	755969870,0000	;	30/06/10
745	;	25,9186	;	737337570,0000	;	01/07/10
746	;	26,2321	;	747425870,0000	;	02/07/10
749	;	26,0067	;	740541970,0000	;	05/07/10
750	;	26,5065	;	756438270,0000	;	06/07/10
751	;	26,8494	;	772993670,0000	;	07/07/10
752	;	27,0258	;	783491770,0000	;	08/07/10
756	;	26,6829	;	774126770,0000	;	12/07/10
757	;	26,7515	;	786793970,0000	;	13/07/10
758	;	26,7515	;	786793970,0000	;	14/07/10
759	;	26,5653	;	778879970,0000	;	15/07/10
760	;	26,3008	;	769073870,0000	;	16/07/10
763	;	26,4085	;	781542570,0000	;	19/07/10
764	;	27,0944	;	797577970,0000	;	20/07/10
765	;	26,9474	;	785926170,0000	;	21/07/10
766	;	27,4178	;	799308870,0000	;	22/07/10
767	;	27,2316	;	786546670,0000	;	23/07/10
770	;	27,3394	;	794212870,0000	;	26/07/10
771	;	27,4178	;	804572270,0000	;	27/07/10
772	;	27,2414	;	793254970,0000	;	28/07/10
773	;	27,1826	;	782930770,0000	;	29/07/10
774	;	27,2904	;	795859470,0000	;	30/07/10
777	;	28,0701	;	813599670,0000	;	02/08/10
778	;	28,7018	;	837618170,0000	;	03/08/10
779	;	28,9584	;	858512870,0000	;	04/08/10
780	;	29,0473	;	869638070,0000	;	05/08/10
781	;	28,7117	;	858441370,0000	;	06/08/10
784	;	28,4550	;	848166470,0000	;	09/08/10
785	;	28,0406	;	831726870,0000	;	10/08/10
786	;	27,1424	;	814830970,0000	;	11/08/10
787	;	27,1720	;	828391270,0000	;	12/08/10
788	;	27,3003	;	840735470,0000	;	13/08/10
791	;	27,2510	;	825442670,0000	;	16/08/10
792	;	27,9319	;	840989370,0000	;	17/08/10
793	;	27,3200	;	820530770,0000	;	18/08/10
794	;	26,4318	;	794164970,0000	;	19/08/10
795	;	26,4318	;	794164970,0000	;	20/08/10
798	;	26,3133	;	783719970,0000	;	23/08/10
799	;	25,8000	;	767978070,0000	;	24/08/10
800	;	25,7409	;	746487470,0000	;	25/08/10
801	;	25,3658	;	724465570,0000	;	26/08/10
802	;	26,2146	;	739344370,0000	;	27/08/10
805	;	25,1190	;	717277070,0000	;	30/08/10
806	;	25,7211	;	733158170,0000	;	31/08/10
807	;	26,6784	;	752517370,0000	;	01/09/10
808	;	27,2410	;	779278770,0000	;	02/09/10
809	;	28,4255	;	825468970,0000	;	03/09/10
812	;	28,7117	;	845104770,0000	;	06/09/10
814	;	27,4681	;	812766370,0000	;	08/09/10
815	;	27,2410	;	792574570,0000	;	09/09/10
816	;	27,1621	;	775909270,0000	;	10/09/10
819	;	27,9319	;	800080470,0000	;	13/09/10
820	;	26,5008	;	760883670,0000	;	14/09/10
821	;	26,1060	;	719954970,0000	;	15/09/10
822	;	26,0172	;	699649670,0000	;	16/09/10
823	;	26,0962	;	717662170,0000	;	17/09/10
826	;	26,7476	;	744510770,0000	;	20/09/10
827	;	26,0073	;	715895470,0000	;	21/09/10
828	;	25,6421	;	672280770,0000	;	22/09/10
829	;	26,4515	;	727566370,0000	;	23/09/10
830	;	25,9580	;	641692570,0000	;	24/09/10
833	;	26,1553	;	699680470,0000	;	27/09/10
834	;	26,3528	;	734314770,0000	;	28/09/10
835	;	27,1424	;	811658470,0000	;	29/09/10
836	;	26,9351	;	776281070,0000	;	30/09/10
837	;	27,1424	;	798712170,0000	;	01/10/10
840	;	27,0239	;	773711070,0000	;	04/10/10
841	;	26,6291	;	731333270,0000	;	05/10/10
842	;	25,5237	;	663764070,0000	;	06/10/10
843	;	24,9710	;	604554370,0000	;	07/10/10
844	;	25,6619	;	637225270,0000	;	08/10/10
847	;	25,5138	;	622886970,0000	;	11/10/10
849	;	25,3756	;	592730970,0000	;	13/10/10
850	;	26,0962	;	633117370,0000	;	14/10/10
851	;	25,9481	;	606426270,0000	;	15/10/10
854	;	26,0567	;	634428170,0000	;	18/10/10
855	;	24,9512	;	602681970,0000	;	19/10/10
856	;	24,6650	;	571809370,0000	;	20/10/10
857	;	23,8458	;	527129970,0000	;	21/10/10
858	;	23,8951	;	555868170,0000	;	22/10/10
861	;	24,2504	;	577515270,0000	;	25/10/10
862	;	25,5138	;	624327670,0000	;	26/10/10
863	;	25,8494	;	681077770,0000	;	27/10/10
864	;	25,9185	;	717775470,0000	;	28/10/10
865	;	25,5138	;	686189770,0000	;	29/10/10
868	;	26,1455	;	708322370,0000	;	01/11/10
870	;	26,7905	;	744610670,0000	;	03/11/10
871	;	27,2866	;	777065670,0000	;	04/11/10
872	;	27,0385	;	760304370,0000	;	05/11/10
875	;	27,3163	;	785355970,0000	;	08/11/10
876	;	26,9095	;	764598270,0000	;	09/11/10
877	;	26,9194	;	785827570,0000	;	10/11/10
878	;	26,5126	;	758471670,0000	;	11/11/10
879	;	25,6494	;	716946170,0000	;	12/11/10
883	;	25,2029	;	684763070,0000	;	16/11/10
884	;	25,2525	;	701605670,0000	;	17/11/10
885	;	25,6990	;	726245670,0000	;	18/11/10
886	;	25,5005	;	709764170,0000	;	19/11/10
889	;	24,8655	;	690514270,0000	;	22/11/10
890	;	24,4587	;	662944970,0000	;	23/11/10
891	;	25,0441	;	686917470,0000	;	24/11/10
892	;	24,6571	;	678021170,0000	;	25/11/10
893	;	24,4091	;	660943070,0000	;	26/11/10
896	;	24,5083	;	679600170,0000	;	29/11/10
897	;	24,3992	;	651242270,0000	;	30/11/10
898	;	25,0640	;	673570670,0000	;	01/12/10
899	;	25,2029	;	692631470,0000	;	02/12/10
900	;	25,5005	;	708469970,0000	;	03/12/10
903	;	25,6593	;	726329570,0000	;	06/12/10
904	;	25,1533	;	699279570,0000	;	07/12/10
905	;	24,8060	;	677785370,0000	;	08/12/10
906	;	25,2029	;	699126970,0000	;	09/12/10
907	;	25,5005	;	713234570,0000	;	10/12/10
910	;	25,7089	;	730130970,0000	;	13/12/10
911	;	25,6295	;	714466370,0000	;	14/12/10
912	;	25,1731	;	690928170,0000	;	15/12/10
913	;	25,1533	;	675276370,0000	;	16/12/10
914	;	25,7387	;	693023470,0000	;	17/12/10
917	;	25,3716	;	661202470,0000	;	20/12/10
918	;	25,5700	;	677221070,0000	;	21/12/10
919	;	25,7200	;	688797570,0000	;	22/12/10
920	;	25,7500	;	701234570,0000	;	23/12/10
924	;	26,0500	;	713279770,0000	;	27/12/10
925	;	26,6600	;	734857070,0000	;	28/12/10
926	;	26,9700	;	755152370,0000	;	29/12/10
927	;	27,2900	;	784771770,0000	;	30/12/10
931	;	27,0000	;	762033270,0000	;	03/01/11
932	;	26,9000	;	731096670,0000	;	04/01/11
933	;	27,2200	;	755403470,0000	;	05/01/11
934	;	27,1100	;	731074670,0000	;	06/01/11
935	;	26,7300	;	713620870,0000	;	07/01/11
938	;	26,9800	;	727987070,0000	;	10/01/11
939	;	27,1500	;	751177170,0000	;	11/01/11
940	;	27,9000	;	790370670,0000	;	12/01/11
941	;	27,3100	;	758544570,0000	;	13/01/11
942	;	27,5500	;	778764870,0000	;	14/01/11
945	;	27,4500	;	759476070,0000	;	17/01/11
946	;	27,7200	;	781615470,0000	;	18/01/11
947	;	27,3000	;	758983870,0000	;	19/01/11
948	;	27,2700	;	737497670,0000	;	20/01/11
949	;	27,0500	;	719370570,0000	;	21/01/11
952	;	27,0000	;	708604870,0000	;	24/01/11
954	;	26,8300	;	687207970,0000	;	26/01/11
955	;	26,8700	;	705760070,0000	;	27/01/11
956	;	26,6700	;	677722870,0000	;	28/01/11
959	;	27,0900	;	711670070,0000	;	31/01/11
960	;	27,6400	;	740452570,0000	;	01/02/11
961	;	27,8000	;	773609270,0000	;	02/02/11
962	;	28,0300	;	801248670,0000	;	03/02/11
963	;	27,6200	;	773546670,0000	;	04/02/11
966	;	27,2200	;	749672970,0000	;	07/02/11
967	;	26,9600	;	718411970,0000	;	08/02/11
968	;	26,1800	;	685792470,0000	;	09/02/11
969	;	26,2700	;	704400870,0000	;	10/02/11
970	;	26,4000	;	723905070,0000	;	11/02/11
973	;	26,7500	;	742163270,0000	;	14/02/11
974	;	26,9700	;	770102870,0000	;	15/02/11
975	;	27,3100	;	794296370,0000	;	16/02/11
976	;	27,2500	;	775152770,0000	;	17/02/11
977	;	27,3700	;	791921770,0000	;	18/02/11
980	;	27,4000	;	814125970,0000	;	21/02/11
981	;	27,7700	;	850736870,0000	;	22/02/11
982	;	28,7100	;	913358970,0000	;	23/02/11
983	;	28,3700	;	862945570,0000	;	24/02/11
984	;	28,6000	;	890146570,0000	;	25/02/11
987	;	28,5800	;	861255470,0000	;	28/02/11
988	;	28,2900	;	834707570,0000	;	01/03/11
989	;	28,9000	;	860515970,0000	;	02/03/11
990	;	28,9600	;	877821270,0000	;	03/03/11
991	;	29,0800	;	898841070,0000	;	04/03/11
996	;	28,5500	;	882957370,0000	;	09/03/11
997	;	28,1200	;	860206170,0000	;	10/03/11
998	;	28,1700	;	881010070,0000	;	11/03/11
