-165	;	23,8851	;	154570007,0000	;	03/01/08
-164	;	23,1766	;	153162207,0000	;	04/01/08
-161	;	22,0546	;	151501007,0000	;	07/01/08
-160	;	22,8370	;	153085507,0000	;	08/01/08
-159	;	23,5397	;	154659407,0000	;	09/01/08
-158	;	23,0289	;	152445207,0000	;	10/01/08
-157	;	22,4592	;	149680307,0000	;	11/01/08
-154	;	23,7375	;	151796107,0000	;	14/01/08
-153	;	23,3271	;	149864907,0000	;	15/01/08
-152	;	23,4570	;	152025407,0000	;	16/01/08
-151	;	22,3204	;	150270007,0000	;	17/01/08
-150	;	23,8556	;	152802707,0000	;	18/01/08
-147	;	21,9070	;	149861607,0000	;	21/01/08
-146	;	22,4385	;	153099907,0000	;	22/01/08
-145	;	20,9918	;	150868807,0000	;	23/01/08
-144	;	22,4385	;	152922407,0000	;	24/01/08
-140	;	22,8813	;	154500107,0000	;	28/01/08
-139	;	23,8112	;	156903807,0000	;	29/01/08
-138	;	24,3575	;	158579007,0000	;	30/01/08
-137	;	24,3575	;	158579007,0000	;	31/01/08
-136	;	25,9666	;	161735907,0000	;	01/02/08
-131	;	26,2471	;	164337707,0000	;	06/02/08
-130	;	27,3985	;	167860707,0000	;	07/02/08
-129	;	27,1475	;	165754107,0000	;	08/02/08
-126	;	27,2509	;	168095507,0000	;	11/02/08
-125	;	27,6052	;	170538607,0000	;	12/02/08
-124	;	27,6790	;	173234007,0000	;	13/02/08
-123	;	27,2804	;	171145907,0000	;	14/02/08
-122	;	27,5756	;	172136407,0000	;	15/02/08
-119	;	27,4723	;	170994807,0000	;	18/02/08
-118	;	27,5461	;	172523007,0000	;	19/02/08
-117	;	28,9484	;	174238407,0000	;	20/02/08
-116	;	30,5518	;	177720807,0000	;	21/02/08
-115	;	30,9149	;	180601407,0000	;	22/02/08
-112	;	31,1481	;	182532907,0000	;	25/02/08
-111	;	30,9562	;	180607007,0000	;	26/02/08
-110	;	30,0262	;	178095807,0000	;	27/02/08
-109	;	29,7250	;	176187607,0000	;	28/02/08
-108	;	28,9338	;	174903607,0000	;	29/02/08
-105	;	30,4100	;	176886607,0000	;	03/03/08
-104	;	30,7495	;	178659707,0000	;	04/03/08
-103	;	30,5577	;	176885307,0000	;	05/03/08
-102	;	30,1768	;	175430307,0000	;	06/03/08
-101	;	29,6128	;	173768507,0000	;	07/03/08
-98	;	28,1218	;	172520107,0000	;	10/03/08
-97	;	29,6424	;	173871507,0000	;	11/03/08
-96	;	30,2624	;	175074507,0000	;	12/03/08
-95	;	30,5871	;	176745607,0000	;	13/03/08
-94	;	31,0005	;	178195207,0000	;	14/03/08
-91	;	29,7605	;	176247807,0000	;	17/03/08
-90	;	30,9384	;	178370607,0000	;	18/03/08
-89	;	30,1117	;	176026307,0000	;	19/03/08
-88	;	29,5538	;	174273607,0000	;	20/03/08
-84	;	29,0815	;	172603007,0000	;	24/03/08
-83	;	30,2181	;	174063607,0000	;	25/03/08
-82	;	29,9524	;	173102507,0000	;	26/03/08
-81	;	29,7688	;	171894907,0000	;	27/03/08
-80	;	29,7420	;	170927107,0000	;	28/03/08
-77	;	29,3248	;	169800707,0000	;	31/03/08
-76	;	30,4722	;	170939507,0000	;	01/04/08
-75	;	30,5288	;	173184907,0000	;	02/04/08
-74	;	31,2471	;	175021907,0000	;	03/04/08
-73	;	32,1559	;	176756307,0000	;	04/04/08
-70	;	31,9026	;	175164407,0000	;	07/04/08
-69	;	32,4241	;	176727707,0000	;	08/04/08
-68	;	31,8639	;	175960607,0000	;	09/04/08
-67	;	31,9444	;	177103207,0000	;	10/04/08
-66	;	31,2916	;	176416907,0000	;	11/04/08
-63	;	30,7820	;	175508307,0000	;	14/04/08
-62	;	31,5092	;	177289907,0000	;	15/04/08
-61	;	33,5268	;	180181507,0000	;	16/04/08
-60	;	32,4688	;	177644607,0000	;	17/04/08
-59	;	32,1263	;	175868707,0000	;	18/04/08
-55	;	33,0799	;	177923807,0000	;	22/04/08
-54	;	33,1959	;	179200807,0000	;	23/04/08
-53	;	33,3779	;	180406007,0000	;	24/04/08
-52	;	33,9591	;	181930007,0000	;	25/04/08
-49	;	34,3912	;	183138307,0000	;	28/04/08
-48	;	32,8861	;	181268607,0000	;	29/04/08
-47	;	36,2805	;	185381607,0000	;	30/04/08
-45	;	35,9407	;	181566607,0000	;	02/05/08
-42	;	36,0302	;	185119007,0000	;	05/05/08
-41	;	36,9913	;	187355907,0000	;	06/05/08
-40	;	36,9019	;	184502007,0000	;	07/05/08
-39	;	37,5277	;	186191007,0000	;	08/05/08
-38	;	38,3994	;	189099407,0000	;	09/05/08
-35	;	39,0475	;	191047107,0000	;	12/05/08
-34	;	38,8912	;	188893707,0000	;	13/05/08
-33	;	38,8955	;	191321507,0000	;	14/05/08
-32	;	40,0086	;	192964707,0000	;	15/05/08
-31	;	41,6626	;	194778107,0000	;	16/05/08
-28	;	42,2884	;	197471107,0000	;	19/05/08
-27	;	41,2335	;	193716407,0000	;	20/05/08
-26	;	39,6957	;	190460907,0000	;	21/05/08
-24	;	39,6509	;	188462407,0000	;	23/05/08
-21	;	39,8968	;	189210007,0000	;	26/05/08
-20	;	39,1147	;	186700807,0000	;	27/05/08
-19	;	40,0086	;	189907407,0000	;	28/05/08
-18	;	39,1100	;	188105007,0000	;	29/05/08
-17	;	39,1147	;	190526907,0000	;	30/05/08
-14	;	38,8912	;	189146407,0000	;	02/06/08
-13	;	38,4441	;	187344907,0000	;	03/06/08
-12	;	36,9465	;	184677307,0000	;	04/06/08
-11	;	38,4217	;	186976807,0000	;	05/06/08
-10	;	38,7794	;	189001907,0000	;	06/06/08
-7	;	38,4887	;	187611707,0000	;	09/06/08
-6	;	37,7735	;	184877707,0000	;	10/06/08
-5	;	37,2817	;	183284507,0000	;	11/06/08
-4	;	37,5500	;	184470307,0000	;	12/06/08
-3	;	37,2505	;	183543507,0000	;	13/06/08
0	;	36,9690	;	182588907,0000	;	16/06/08
1	;	38,8464	;	184851207,0000	;	17/06/08
2	;	37,7735	;	182895007,0000	;	18/06/08
3	;	38,1312	;	184541307,0000	;	19/06/08
4	;	36,1061	;	182817107,0000	;	20/06/08
7	;	35,0153	;	181229207,0000	;	23/06/08
8	;	34,4253	;	179025907,0000	;	24/06/08
9	;	36,2536	;	181606607,0000	;	25/06/08
10	;	35,3595	;	179863907,0000	;	26/06/08
11	;	35,6278	;	181439807,0000	;	27/06/08
14	;	35,3149	;	179602507,0000	;	30/06/08
15	;	33,7056	;	177558507,0000	;	01/07/08
16	;	32,1410	;	175322907,0000	;	02/07/08
17	;	30,4870	;	172305107,0000	;	03/07/08
18	;	29,9506	;	170959407,0000	;	04/07/08
21	;	31,2916	;	173114107,0000	;	07/07/08
22	;	31,1397	;	170602207,0000	;	08/07/08
24	;	32,8607	;	172830707,0000	;	10/07/08
25	;	33,0307	;	174180307,0000	;	11/07/08
28	;	33,0799	;	175601707,0000	;	14/07/08
29	;	32,8831	;	172658407,0000	;	15/07/08
30	;	33,5715	;	175159907,0000	;	16/07/08
31	;	32,0918	;	172386307,0000	;	17/07/08
32	;	31,7298	;	170513407,0000	;	18/07/08
35	;	32,7221	;	172037207,0000	;	21/07/08
36	;	31,5823	;	170097607,0000	;	22/07/08
37	;	31,1710	;	167572207,0000	;	23/07/08
38	;	29,0789	;	164275807,0000	;	24/07/08
39	;	27,9614	;	161536207,0000	;	25/07/08
42	;	28,1402	;	163190807,0000	;	28/07/08
43	;	29,1907	;	165813107,0000	;	29/07/08
44	;	31,6493	;	169736107,0000	;	30/07/08
45	;	30,8447	;	167269807,0000	;	31/07/08
46	;	29,1683	;	164956907,0000	;	01/08/08
49	;	27,2237	;	162627207,0000	;	04/08/08
50	;	27,4919	;	164396907,0000	;	05/08/08
51	;	27,3579	;	162456507,0000	;	06/08/08
52	;	27,3355	;	160730707,0000	;	07/08/08
53	;	26,8616	;	158816907,0000	;	08/08/08
56	;	25,7709	;	156561507,0000	;	11/08/08
57	;	24,9888	;	153472807,0000	;	12/08/08
58	;	25,1719	;	158766507,0000	;	13/08/08
59	;	25,0333	;	156271207,0000	;	14/08/08
60	;	24,0946	;	153650907,0000	;	15/08/08
63	;	23,5582	;	151806007,0000	;	18/08/08
64	;	23,5314	;	149849807,0000	;	19/08/08
65	;	25,0787	;	152379207,0000	;	20/08/08
66	;	25,9316	;	154402707,0000	;	21/08/08
67	;	25,5439	;	153182807,0000	;	22/08/08
70	;	25,0878	;	152103407,0000	;	25/08/08
71	;	24,7000	;	150064707,0000	;	26/08/08
72	;	25,3158	;	151827807,0000	;	27/08/08
73	;	25,7674	;	153591207,0000	;	28/08/08
74	;	26,0913	;	155999707,0000	;	29/08/08
77	;	25,9545	;	155122007,0000	;	01/09/08
78	;	24,3123	;	152508407,0000	;	02/09/08
79	;	23,3452	;	149616207,0000	;	03/09/08
80	;	22,0087	;	146222207,0000	;	04/09/08
81	;	21,8948	;	143147907,0000	;	05/09/08
84	;	21,5754	;	140778907,0000	;	08/09/08
85	;	19,7053	;	136583507,0000	;	09/09/08
86	;	20,1159	;	141130907,0000	;	10/09/08
87	;	20,3484	;	146479707,0000	;	11/09/08
88	;	20,9825	;	151349007,0000	;	12/09/08
91	;	19,4818	;	148987807,0000	;	15/09/08
92	;	19,2081	;	142889007,0000	;	16/09/08
93	;	17,3288	;	137740307,0000	;	17/09/08
94	;	18,1545	;	144211607,0000	;	18/09/08
95	;	21,4387	;	151188907,0000	;	19/09/08
98	;	21,3930	;	145824407,0000	;	22/09/08
99	;	20,1386	;	141716407,0000	;	23/09/08
100	;	19,7783	;	138807507,0000	;	24/09/08
101	;	21,0281	;	141359307,0000	;	25/09/08
102	;	20,8320	;	137814507,0000	;	26/09/08
105	;	17,7576	;	135175207,0000	;	29/09/08
106	;	18,4783	;	138777307,0000	;	30/09/08
107	;	18,0266	;	135467907,0000	;	01/10/08
108	;	16,3755	;	132012407,0000	;	02/10/08
109	;	15,6457	;	128954307,0000	;	03/10/08
112	;	13,9123	;	124143607,0000	;	06/10/08
113	;	13,1734	;	120697507,0000	;	07/10/08
114	;	12,0877	;	115385407,0000	;	08/10/08
115	;	12,1790	;	119420507,0000	;	09/10/08
116	;	12,3158	;	123759207,0000	;	10/10/08
119	;	13,9123	;	127332307,0000	;	13/10/08
120	;	14,3228	;	134033907,0000	;	14/10/08
121	;	12,2428	;	130569107,0000	;	15/10/08
122	;	12,4298	;	135124607,0000	;	16/10/08
123	;	12,5440	;	139406007,0000	;	17/10/08
126	;	13,6842	;	141648707,0000	;	20/10/08
127	;	13,5109	;	138869707,0000	;	21/10/08
128	;	11,7685	;	134913207,0000	;	22/10/08
129	;	11,5495	;	131619807,0000	;	23/10/08
130	;	10,9018	;	127461707,0000	;	24/10/08
133	;	10,3772	;	125131207,0000	;	27/10/08
134	;	12,0742	;	129708107,0000	;	28/10/08
135	;	12,7720	;	135105507,0000	;	29/10/08
136	;	13,6842	;	138669107,0000	;	30/10/08
137	;	12,7720	;	134942407,0000	;	31/10/08
140	;	12,6215	;	132357107,0000	;	03/11/08
141	;	13,0912	;	137366407,0000	;	04/11/08
142	;	11,9372	;	133550807,0000	;	05/11/08
143	;	11,1754	;	130378307,0000	;	06/11/08
144	;	10,9520	;	127201407,0000	;	07/11/08
147	;	11,0523	;	130055307,0000	;	10/11/08
148	;	11,0614	;	134518507,0000	;	11/11/08
149	;	10,0352	;	129750207,0000	;	12/11/08
150	;	10,4319	;	134639707,0000	;	13/11/08
151	;	9,9439	;	129846707,0000	;	14/11/08
154	;	9,8709	;	127097307,0000	;	17/11/08
155	;	9,7387	;	123621507,0000	;	18/11/08
156	;	9,1821	;	119485507,0000	;	19/11/08
158	;	8,7351	;	116919807,0000	;	21/11/08
161	;	9,9668	;	120724007,0000	;	24/11/08
162	;	10,2404	;	123719907,0000	;	25/11/08
163	;	10,7148	;	126687007,0000	;	26/11/08
164	;	10,6280	;	125701607,0000	;	27/11/08
165	;	10,6600	;	128701007,0000	;	28/11/08
168	;	10,3088	;	125436907,0000	;	01/12/08
169	;	10,1629	;	122324807,0000	;	02/12/08
170	;	10,2404	;	125673507,0000	;	03/12/08
171	;	10,3088	;	127672007,0000	;	04/12/08
172	;	10,1263	;	125028707,0000	;	05/12/08
175	;	11,6863	;	128901407,0000	;	08/12/08
176	;	11,9509	;	132133507,0000	;	09/12/08
177	;	12,4526	;	136675107,0000	;	10/12/08
178	;	12,4983	;	139771207,0000	;	11/12/08
179	;	12,5393	;	142421407,0000	;	12/12/08
182	;	12,2245	;	140408707,0000	;	15/12/08
183	;	12,9910	;	142859507,0000	;	16/12/08
184	;	13,0001	;	145787107,0000	;	17/12/08
185	;	13,0456	;	148613007,0000	;	18/12/08
186	;	13,0229	;	146696207,0000	;	19/12/08
189	;	12,3067	;	144182007,0000	;	22/12/08
190	;	11,4720	;	142583307,0000	;	23/12/08
193	;	11,5860	;	143544707,0000	;	26/12/08
196	;	12,2885	;	145210207,0000	;	29/12/08
197	;	12,4655	;	147352107,0000	;	30/12/08
200	;	13,4948	;	149085907,0000	;	02/01/09
203	;	14,3832	;	152181807,0000	;	05/01/09
204	;	14,6512	;	155442107,0000	;	06/01/09
205	;	14,1246	;	153167607,0000	;	07/01/09
206	;	14,7076	;	155895107,0000	;	08/01/09
207	;	14,4349	;	152282807,0000	;	09/01/09
210	;	13,8427	;	148328507,0000	;	12/01/09
211	;	13,7863	;	145211307,0000	;	13/01/09
212	;	13,1800	;	142210707,0000	;	14/01/09
213	;	13,6547	;	145346607,0000	;	15/01/09
214	;	14,0730	;	147678707,0000	;	16/01/09
217	;	13,9838	;	146273807,0000	;	19/01/09
218	;	13,3022	;	144165207,0000	;	20/01/09
219	;	13,8192	;	147146907,0000	;	21/01/09
220	;	13,8756	;	151025907,0000	;	22/01/09
221	;	13,3022	;	147096207,0000	;	23/01/09
224	;	12,9167	;	141887407,0000	;	26/01/09
225	;	12,9684	;	144693207,0000	;	27/01/09
226	;	13,6688	;	148357207,0000	;	28/01/09
227	;	13,7253	;	151459307,0000	;	29/01/09
228	;	13,5653	;	148992307,0000	;	30/01/09
231	;	13,2129	;	147430707,0000	;	02/02/09
232	;	13,3068	;	150599307,0000	;	03/02/09
233	;	14,0072	;	155757707,0000	;	04/02/09
234	;	14,5195	;	159463807,0000	;	05/02/09
235	;	15,0460	;	162513807,0000	;	06/02/09
238	;	14,3597	;	158678007,0000	;	09/02/09
239	;	13,8662	;	154241807,0000	;	10/02/09
240	;	13,4760	;	150662007,0000	;	11/02/09
241	;	13,2552	;	147792707,0000	;	12/02/09
242	;	13,6782	;	151106407,0000	;	13/02/09
245	;	13,5090	;	149118607,0000	;	16/02/09
246	;	12,9026	;	146355007,0000	;	17/02/09
247	;	13,0671	;	149606607,0000	;	18/02/09
248	;	13,0484	;	146854207,0000	;	19/02/09
249	;	12,6911	;	144653107,0000	;	20/02/09
254	;	12,3198	;	142611107,0000	;	25/02/09
255	;	12,3105	;	139796707,0000	;	26/02/09
256	;	12,1881	;	136981007,0000	;	27/02/09
259	;	11,5160	;	133208607,0000	;	02/03/09
260	;	11,5629	;	136812907,0000	;	03/03/09
261	;	12,5030	;	140469507,0000	;	04/03/09
262	;	11,7322	;	136440007,0000	;	05/03/09
263	;	11,6539	;	134057607,0000	;	06/03/09
266	;	11,1599	;	131048807,0000	;	09/03/09
267	;	11,8553	;	135351807,0000	;	10/03/09
268	;	11,7978	;	131800807,0000	;	11/03/09
269	;	11,7595	;	128060707,0000	;	12/03/09
270	;	11,7498	;	125782307,0000	;	13/03/09
273	;	11,3182	;	121829107,0000	;	16/03/09
274	;	11,1743	;	117856207,0000	;	17/03/09
275	;	11,2702	;	121922807,0000	;	18/03/09
276	;	11,9897	;	127498007,0000	;	19/03/09
277	;	12,3541	;	132291407,0000	;	20/03/09
280	;	13,1119	;	135321607,0000	;	23/03/09
281	;	12,9489	;	131317907,0000	;	24/03/09
282	;	13,3325	;	135196707,0000	;	25/03/09
283	;	14,2581	;	140635107,0000	;	26/03/09
284	;	14,3635	;	144379007,0000	;	27/03/09
287	;	13,5004	;	140457907,0000	;	30/03/09
288	;	14,1477	;	144225807,0000	;	31/03/09
289	;	14,3827	;	147610507,0000	;	01/04/09
290	;	15,2748	;	153134507,0000	;	02/04/09
291	;	15,2556	;	149400107,0000	;	03/04/09
294	;	15,0590	;	146882707,0000	;	06/04/09
295	;	14,8143	;	143487207,0000	;	07/04/09
296	;	14,9631	;	145551007,0000	;	08/04/09
297	;	15,2028	;	147760107,0000	;	09/04/09
298	;	15,2028	;	147760107,0000	;	10/04/09
301	;	15,1069	;	145241407,0000	;	13/04/09
302	;	14,7712	;	140686207,0000	;	14/04/09
303	;	15,0110	;	143919907,0000	;	15/04/09
304	;	15,9702	;	148314507,0000	;	16/04/09
305	;	16,6464	;	153814207,0000	;	17/04/09
308	;	15,8359	;	150442207,0000	;	20/04/09
310	;	16,0709	;	154893607,0000	;	22/04/09
311	;	16,2819	;	158010807,0000	;	23/04/09
312	;	16,1907	;	155901407,0000	;	24/04/09
315	;	15,2892	;	151243207,0000	;	27/04/09
316	;	15,0351	;	146089007,0000	;	28/04/09
317	;	15,2748	;	150004907,0000	;	29/04/09
318	;	15,4426	;	153279007,0000	;	30/04/09
322	;	16,3970	;	157448707,0000	;	04/05/09
323	;	16,3586	;	152229607,0000	;	05/05/09
324	;	16,5984	;	160249107,0000	;	06/05/09
325	;	16,2771	;	155787007,0000	;	07/05/09
326	;	16,7854	;	159344307,0000	;	08/05/09
329	;	17,2170	;	162351307,0000	;	11/05/09
330	;	16,6655	;	158582407,0000	;	12/05/09
331	;	16,0229	;	155342607,0000	;	13/05/09
332	;	15,3947	;	148732407,0000	;	14/05/09
333	;	15,3228	;	145620007,0000	;	15/05/09
336	;	16,2099	;	149084407,0000	;	18/05/09
337	;	16,8813	;	155554507,0000	;	19/05/09
338	;	17,1308	;	159723607,0000	;	20/05/09
339	;	16,6320	;	156407007,0000	;	21/05/09
340	;	16,6177	;	154788907,0000	;	22/05/09
343	;	16,9581	;	155786607,0000	;	25/05/09
344	;	17,1500	;	158610907,0000	;	26/05/09
345	;	17,1836	;	163337707,0000	;	27/05/09
346	;	17,8166	;	167016707,0000	;	28/05/09
347	;	18,9436	;	173486807,0000	;	29/05/09
350	;	19,5478	;	177777407,0000	;	01/06/09
351	;	19,7494	;	182966407,0000	;	02/06/09
352	;	18,8716	;	177655007,0000	;	03/06/09
353	;	19,0395	;	180629407,0000	;	04/06/09
354	;	19,3513	;	183733707,0000	;	05/06/09
357	;	19,8789	;	186730307,0000	;	08/06/09
358	;	19,6151	;	182893707,0000	;	09/06/09
359	;	19,6725	;	186831007,0000	;	10/06/09
361	;	19,9988	;	189184107,0000	;	12/06/09
364	;	19,3033	;	185329607,0000	;	15/06/09
365	;	18,6271	;	181595007,0000	;	16/06/09
366	;	18,5983	;	177447607,0000	;	17/06/09
367	;	18,6318	;	179550107,0000	;	18/06/09
368	;	18,7709	;	181184407,0000	;	19/06/09
371	;	17,9173	;	178187807,0000	;	22/06/09
372	;	18,2962	;	181085407,0000	;	23/06/09
373	;	18,6080	;	183672307,0000	;	24/06/09
374	;	19,6631	;	187534207,0000	;	25/06/09
375	;	19,8309	;	190936807,0000	;	26/06/09
378	;	20,5742	;	193766607,0000	;	29/06/09
379	;	19,9556	;	190307407,0000	;	30/06/09
380	;	20,4783	;	192964707,0000	;	01/07/09
381	;	19,8069	;	189069207,0000	;	02/07/09
382	;	19,5336	;	187647107,0000	;	03/07/09
385	;	19,6582	;	190443607,0000	;	06/07/09
386	;	19,0683	;	188124807,0000	;	07/07/09
387	;	18,7758	;	185088507,0000	;	08/07/09
388	;	18,7758	;	185088507,0000	;	09/07/09
389	;	18,0276	;	181307507,0000	;	10/07/09
392	;	17,0300	;	171837207,0000	;	13/07/09
393	;	16,9581	;	167334907,0000	;	14/07/09
394	;	17,7639	;	172497107,0000	;	15/07/09
395	;	18,2243	;	176291707,0000	;	16/07/09
396	;	18,4640	;	179729307,0000	;	17/07/09
399	;	18,9579	;	182429907,0000	;	20/07/09
400	;	19,6486	;	186073007,0000	;	21/07/09
401	;	19,9076	;	190391007,0000	;	22/07/09
402	;	20,6221	;	196023307,0000	;	23/07/09
403	;	20,0850	;	192711907,0000	;	24/07/09
406	;	20,0659	;	190233907,0000	;	27/07/09
407	;	20,6221	;	193215307,0000	;	28/07/09
408	;	20,3344	;	190595407,0000	;	29/07/09
409	;	21,0682	;	193893707,0000	;	30/07/09
410	;	21,2360	;	195809007,0000	;	31/07/09
413	;	21,8451	;	197778707,0000	;	03/08/09
414	;	21,6239	;	194753807,0000	;	04/08/09
415	;	21,6722	;	197883607,0000	;	05/08/09
416	;	21,7925	;	201448107,0000	;	06/08/09
417	;	22,3127	;	204145907,0000	;	07/08/09
420	;	22,6161	;	206953307,0000	;	10/08/09
421	;	22,5969	;	202510407,0000	;	11/08/09
422	;	23,3626	;	207012807,0000	;	12/08/09
423	;	24,1283	;	210590807,0000	;	13/08/09
424	;	23,4108	;	206925307,0000	;	14/08/09
427	;	22,5776	;	204867407,0000	;	17/08/09
428	;	22,2019	;	202353107,0000	;	18/08/09
429	;	22,0092	;	199572407,0000	;	19/08/09
430	;	22,5631	;	202426407,0000	;	20/08/09
431	;	23,2614	;	204476707,0000	;	21/08/09
434	;	22,8088	;	201542407,0000	;	24/08/09
435	;	22,4668	;	198836107,0000	;	25/08/09
436	;	22,1875	;	195587107,0000	;	26/08/09
437	;	22,1539	;	192812007,0000	;	27/08/09
438	;	21,9226	;	190526707,0000	;	28/08/09
441	;	21,3351	;	187691707,0000	;	31/08/09
442	;	21,0221	;	184453007,0000	;	01/09/09
443	;	20,7089	;	181156907,0000	;	02/09/09
444	;	20,8390	;	183351507,0000	;	03/09/09
445	;	21,1906	;	185868307,0000	;	04/09/09
449	;	22,0719	;	188731807,0000	;	08/09/09
450	;	21,7925	;	186338007,0000	;	09/09/09
451	;	21,7685	;	184017707,0000	;	10/09/09
452	;	21,5758	;	181921807,0000	;	11/09/09
455	;	21,6433	;	184178007,0000	;	14/09/09
456	;	21,7878	;	186727407,0000	;	15/09/09
457	;	22,6305	;	192726407,0000	;	16/09/09
458	;	22,5198	;	189258407,0000	;	17/09/09
459	;	22,6354	;	191100707,0000	;	18/09/09
462	;	22,6642	;	194097707,0000	;	21/09/09
463	;	22,9339	;	196576007,0000	;	22/09/09
464	;	22,5872	;	193445107,0000	;	23/09/09
465	;	22,4475	;	190509707,0000	;	24/09/09
466	;	22,5872	;	191676007,0000	;	25/09/09
469	;	22,7125	;	192841507,0000	;	28/09/09
470	;	22,5969	;	190808407,0000	;	29/09/09
471	;	22,4957	;	188408207,0000	;	30/09/09
472	;	22,0768	;	185982407,0000	;	01/10/09
473	;	22,2983	;	188761807,0000	;	02/10/09
476	;	22,6354	;	190725207,0000	;	05/10/09
477	;	22,5391	;	188454907,0000	;	06/10/09
478	;	22,8762	;	191427007,0000	;	07/10/09
479	;	23,5505	;	196077807,0000	;	08/10/09
480	;	23,9308	;	198270207,0000	;	09/10/09
483	;	23,9308	;	198270207,0000	;	12/10/09
484	;	24,2054	;	201050907,0000	;	13/10/09
485	;	25,4287	;	205138307,0000	;	14/10/09
486	;	25,6213	;	207943507,0000	;	15/10/09
487	;	25,2361	;	205105807,0000	;	16/10/09
490	;	26,1029	;	208696007,0000	;	19/10/09
491	;	25,1157	;	205639207,0000	;	20/10/09
492	;	25,1446	;	208222307,0000	;	21/10/09
493	;	25,0386	;	205989907,0000	;	22/10/09
494	;	24,5667	;	203927507,0000	;	23/10/09
497	;	24,6100	;	205653207,0000	;	26/10/09
498	;	23,5263	;	202602107,0000	;	27/10/09
499	;	22,0092	;	197096107,0000	;	28/10/09
500	;	22,6642	;	201837507,0000	;	29/10/09
501	;	22,1539	;	197370207,0000	;	30/10/09
505	;	22,1104	;	193400207,0000	;	03/11/09
506	;	22,3463	;	196361607,0000	;	04/11/09
507	;	22,5872	;	198646807,0000	;	05/11/09
508	;	23,0207	;	202633507,0000	;	06/11/09
511	;	23,7816	;	205938007,0000	;	09/11/09
512	;	24,0078	;	208419107,0000	;	10/11/09
513	;	24,0321	;	210983007,0000	;	11/11/09
514	;	23,1170	;	206801307,0000	;	12/11/09
515	;	23,5986	;	208836907,0000	;	13/11/09
518	;	24,1765	;	211088207,0000	;	16/11/09
519	;	24,1765	;	211088207,0000	;	17/11/09
520	;	24,0657	;	209281707,0000	;	18/11/09
521	;	23,8008	;	207412907,0000	;	19/11/09
522	;	23,8008	;	207412907,0000	;	20/11/09
525	;	23,7430	;	205663207,0000	;	23/11/09
526	;	24,2150	;	209406907,0000	;	24/11/09
527	;	24,8026	;	212878007,0000	;	25/11/09
528	;	24,3210	;	211538707,0000	;	26/11/09
529	;	24,2969	;	209916107,0000	;	27/11/09
532	;	24,6581	;	212266007,0000	;	30/11/09
533	;	24,8316	;	215236507,0000	;	01/12/09
534	;	24,8748	;	217059307,0000	;	02/12/09
535	;	24,7545	;	215281607,0000	;	03/12/09
536	;	24,6341	;	213071107,0000	;	04/12/09
539	;	25,0290	;	215211807,0000	;	07/12/09
540	;	24,2246	;	212833207,0000	;	08/12/09
541	;	23,8393	;	209550407,0000	;	09/12/09
542	;	23,9165	;	212934807,0000	;	10/12/09
543	;	24,3306	;	215019907,0000	;	11/12/09
546	;	24,2728	;	212687207,0000	;	14/12/09
547	;	24,2535	;	210819507,0000	;	15/12/09
548	;	23,7816	;	208348707,0000	;	16/12/09
549	;	23,5505	;	206485007,0000	;	17/12/09
550	;	23,0447	;	203834107,0000	;	18/12/09
553	;	22,4908	;	201205007,0000	;	21/12/09
554	;	23,1410	;	203596807,0000	;	22/12/09
555	;	23,2663	;	204796007,0000	;	23/12/09
560	;	23,5023	;	205441607,0000	;	28/12/09
561	;	23,9646	;	207169007,0000	;	29/12/09
562	;	24,1033	;	209019507,0000	;	30/12/09
567	;	24,8890	;	210967007,0000	;	04/01/10
568	;	24,9622	;	212991507,0000	;	05/01/10
569	;	24,9379	;	211051707,0000	;	06/01/10
570	;	25,1721	;	213387907,0000	;	07/01/10
571	;	24,8158	;	211585307,0000	;	08/01/10
574	;	24,8842	;	212991107,0000	;	11/01/10
575	;	24,2057	;	210701307,0000	;	12/01/10
576	;	24,2546	;	213624107,0000	;	13/01/10
577	;	24,3912	;	215164707,0000	;	14/01/10
578	;	24,5475	;	216823207,0000	;	15/01/10
581	;	24,4498	;	216260307,0000	;	18/01/10
582	;	24,6939	;	217605607,0000	;	19/01/10
583	;	23,7617	;	214789507,0000	;	20/01/10
584	;	22,5953	;	210359807,0000	;	21/01/10
585	;	22,6930	;	213534507,0000	;	22/01/10
589	;	22,7125	;	217074707,0000	;	26/01/10
590	;	23,1809	;	219770707,0000	;	27/01/10
591	;	23,7421	;	223135107,0000	;	28/01/10
592	;	24,2057	;	226608107,0000	;	29/01/10
595	;	24,6011	;	228640007,0000	;	01/02/10
596	;	24,6889	;	231057807,0000	;	02/02/10
597	;	24,4986	;	229173007,0000	;	03/02/10
598	;	23,5470	;	227175607,0000	;	04/02/10
599	;	23,2785	;	224268807,0000	;	05/02/10
602	;	22,9370	;	222056507,0000	;	08/02/10
603	;	23,1078	;	224953307,0000	;	09/02/10
604	;	22,9370	;	222244307,0000	;	10/02/10
605	;	22,9127	;	218819907,0000	;	11/02/10
606	;	22,5221	;	215207207,0000	;	12/02/10
611	;	23,5763	;	219292207,0000	;	17/02/10
612	;	24,0594	;	221776207,0000	;	18/02/10
613	;	24,1570	;	223941307,0000	;	19/02/10
616	;	24,0106	;	221550107,0000	;	22/02/10
617	;	23,5957	;	219724307,0000	;	23/02/10
618	;	23,0834	;	217996907,0000	;	24/02/10
619	;	24,2790	;	221714307,0000	;	25/02/10
620	;	25,0452	;	225607607,0000	;	26/02/10
623	;	25,3771	;	227990607,0000	;	01/03/10
624	;	25,3771	;	227990607,0000	;	02/03/10
625	;	25,1331	;	225021907,0000	;	03/03/10
626	;	25,6210	;	227532907,0000	;	04/03/10
627	;	26,4702	;	230561107,0000	;	05/03/10
630	;	26,6849	;	233867407,0000	;	08/03/10
631	;	27,6219	;	238269607,0000	;	09/03/10
632	;	27,8171	;	242787207,0000	;	10/03/10
633	;	27,6219	;	240749007,0000	;	11/03/10
634	;	27,1340	;	238540207,0000	;	12/03/10
637	;	27,1485	;	239824907,0000	;	15/03/10
638	;	27,7683	;	241673507,0000	;	16/03/10
639	;	27,6171	;	239605207,0000	;	17/03/10
640	;	27,3779	;	237759007,0000	;	18/03/10
641	;	27,0364	;	235438307,0000	;	19/03/10
644	;	26,7435	;	233584307,0000	;	22/03/10
645	;	27,3047	;	235825207,0000	;	23/03/10
646	;	27,5732	;	238227507,0000	;	24/03/10
647	;	27,5701	;	236058807,0000	;	25/03/10
648	;	27,7952	;	238385607,0000	;	26/03/10
651	;	29,3855	;	241661107,0000	;	29/03/10
652	;	29,5079	;	244809807,0000	;	30/03/10
653	;	29,8113	;	247326907,0000	;	31/03/10
654	;	30,7802	;	249402507,0000	;	01/04/10
658	;	30,8585	;	251857907,0000	;	05/04/10
659	;	29,8259	;	247530707,0000	;	06/04/10
660	;	29,3366	;	243321607,0000	;	07/04/10
661	;	29,9629	;	246456107,0000	;	08/04/10
662	;	29,9483	;	244255007,0000	;	09/04/10
665	;	29,6302	;	242149107,0000	;	12/04/10
666	;	30,2566	;	245523307,0000	;	13/04/10
667	;	30,0951	;	242445507,0000	;	14/04/10
668	;	29,4003	;	240163007,0000	;	15/04/10
669	;	29,4051	;	242184507,0000	;	16/04/10
672	;	28,6614	;	238746907,0000	;	19/04/10
673	;	28,5537	;	235982607,0000	;	20/04/10
675	;	28,6760	;	238706007,0000	;	22/04/10
676	;	28,5928	;	236429807,0000	;	23/04/10
679	;	28,5048	;	234929507,0000	;	26/04/10
680	;	27,5015	;	232428607,0000	;	27/04/10
681	;	27,6973	;	234817607,0000	;	28/04/10
682	;	28,3971	;	237335107,0000	;	29/04/10
683	;	27,4575	;	233721807,0000	;	30/04/10
686	;	26,9828	;	231977507,0000	;	03/05/10
687	;	26,2293	;	228459907,0000	;	04/05/10
688	;	25,9455	;	225963107,0000	;	05/05/10
689	;	25,1772	;	221795807,0000	;	06/05/10
690	;	24,6193	;	217749707,0000	;	07/05/10
693	;	26,0335	;	219943807,0000	;	10/05/10
694	;	25,7888	;	217484007,0000	;	11/05/10
695	;	25,9455	;	219375007,0000	;	12/05/10
696	;	25,1037	;	217218907,0000	;	13/05/10
697	;	24,5410	;	215530707,0000	;	14/05/10
700	;	23,5672	;	212298507,0000	;	17/05/10
701	;	22,5738	;	208591007,0000	;	18/05/10
702	;	22,0208	;	205468207,0000	;	19/05/10
703	;	21,1155	;	201965007,0000	;	20/05/10
704	;	22,2165	;	204891307,0000	;	21/05/10
707	;	22,1236	;	202352607,0000	;	24/05/10
708	;	21,3700	;	198853607,0000	;	25/05/10
709	;	21,5315	;	204504707,0000	;	26/05/10
710	;	22,4025	;	208067107,0000	;	27/05/10
711	;	22,1676	;	204733707,0000	;	28/05/10
714	;	22,4612	;	206299307,0000	;	31/05/10
715	;	22,0697	;	204062807,0000	;	01/06/10
716	;	22,3878	;	206263207,0000	;	02/06/10
718	;	21,4825	;	202912907,0000	;	04/06/10
721	;	20,5087	;	199518207,0000	;	07/06/10
722	;	20,9051	;	202320107,0000	;	08/06/10
723	;	20,9883	;	205125707,0000	;	09/06/10
724	;	22,2165	;	209247607,0000	;	10/06/10
725	;	22,5151	;	211907707,0000	;	11/06/10
728	;	22,7549	;	215470607,0000	;	14/06/10
729	;	23,1218	;	217723307,0000	;	15/06/10
730	;	23,0485	;	214515607,0000	;	16/06/10
731	;	22,8674	;	210809807,0000	;	17/06/10
732	;	22,8234	;	208421907,0000	;	18/06/10
735	;	23,0387	;	210063407,0000	;	21/06/10
736	;	23,2442	;	212707607,0000	;	22/06/10
737	;	24,1348	;	217104307,0000	;	23/06/10
738	;	24,5997	;	222023107,0000	;	24/06/10
739	;	24,9863	;	224872207,0000	;	25/06/10
742	;	25,2261	;	227112407,0000	;	28/06/10
743	;	24,3208	;	222529207,0000	;	29/06/10
744	;	23,5427	;	213962207,0000	;	30/06/10
745	;	24,1397	;	219581907,0000	;	01/07/10
746	;	24,3844	;	222149307,0000	;	02/07/10
749	;	24,3452	;	220178807,0000	;	05/07/10
750	;	25,0059	;	223986407,0000	;	06/07/10
751	;	25,5441	;	227641707,0000	;	07/07/10
752	;	25,8965	;	231011507,0000	;	08/07/10
756	;	25,4560	;	227997107,0000	;	12/07/10
757	;	24,6633	;	222941407,0000	;	13/07/10
758	;	23,9048	;	217749007,0000	;	14/07/10
759	;	23,6357	;	214720207,0000	;	15/07/10
760	;	23,1414	;	212279407,0000	;	16/07/10
763	;	23,8363	;	214241507,0000	;	19/07/10
764	;	24,7025	;	217981007,0000	;	20/07/10
765	;	25,3533	;	222165207,0000	;	21/07/10
766	;	25,6909	;	224876007,0000	;	22/07/10
767	;	26,0580	;	226847607,0000	;	23/07/10
770	;	26,0629	;	228297707,0000	;	26/07/10
771	;	26,3271	;	231454007,0000	;	27/07/10
772	;	25,9259	;	229733407,0000	;	28/07/10
773	;	25,3973	;	225221607,0000	;	29/07/10
774	;	24,2131	;	217140407,0000	;	30/07/10
777	;	24,4187	;	220681807,0000	;	02/08/10
778	;	24,5703	;	224013007,0000	;	03/08/10
779	;	25,3729	;	227383507,0000	;	04/08/10
780	;	25,1087	;	224825907,0000	;	05/08/10
781	;	24,7123	;	222566707,0000	;	06/08/10
784	;	24,5312	;	221224907,0000	;	09/08/10
785	;	24,2230	;	218784807,0000	;	10/08/10
786	;	23,5623	;	215929607,0000	;	11/08/10
787	;	23,9880	;	218675407,0000	;	12/08/10
788	;	23,4645	;	215168207,0000	;	13/08/10
791	;	23,3910	;	212498207,0000	;	16/08/10
792	;	23,6308	;	215057307,0000	;	17/08/10
793	;	23,4301	;	210910507,0000	;	18/08/10
794	;	23,0289	;	207784607,0000	;	19/08/10
795	;	22,6081	;	204842207,0000	;	20/08/10
798	;	22,7010	;	206715207,0000	;	23/08/10
799	;	22,7010	;	206715207,0000	;	24/08/10
800	;	22,2117	;	202678807,0000	;	25/08/10
801	;	21,4874	;	197831007,0000	;	26/08/10
802	;	22,0404	;	200839407,0000	;	27/08/10
805	;	21,5315	;	199062107,0000	;	30/08/10
806	;	21,5461	;	201326207,0000	;	31/08/10
807	;	22,1921	;	204307007,0000	;	01/09/10
808	;	21,9475	;	201440707,0000	;	02/09/10
809	;	21,7761	;	198292107,0000	;	03/09/10
812	;	21,8251	;	198935007,0000	;	06/09/10
814	;	22,0991	;	202794307,0000	;	08/09/10
815	;	22,1480	;	204592607,0000	;	09/09/10
816	;	21,8349	;	202866407,0000	;	10/09/10
819	;	22,0257	;	205632407,0000	;	13/09/10
820	;	21,6293	;	200950007,0000	;	14/09/10
821	;	21,4580	;	197617607,0000	;	15/09/10
822	;	21,7027	;	202478607,0000	;	16/09/10
823	;	21,3847	;	199867007,0000	;	17/09/10
826	;	21,8251	;	202410607,0000	;	20/09/10
827	;	22,1921	;	205889207,0000	;	21/09/10
828	;	22,2117	;	209427507,0000	;	22/09/10
829	;	22,0942	;	205686807,0000	;	23/09/10
830	;	21,7027	;	201208107,0000	;	24/09/10
833	;	22,0208	;	203026807,0000	;	27/09/10
834	;	22,6081	;	208427807,0000	;	28/09/10
835	;	22,0697	;	202658407,0000	;	29/09/10
836	;	22,2165	;	207483907,0000	;	30/09/10
837	;	22,1089	;	200972207,0000	;	01/10/10
840	;	21,9229	;	196230407,0000	;	04/10/10
841	;	22,1187	;	200596507,0000	;	05/10/10
842	;	21,6293	;	195785807,0000	;	06/10/10
843	;	21,0715	;	189141607,0000	;	07/10/10
844	;	21,1056	;	195078707,0000	;	08/10/10
847	;	20,9274	;	191687907,0000	;	11/10/10
849	;	20,7195	;	184150407,0000	;	13/10/10
850	;	20,8581	;	191591507,0000	;	14/10/10
851	;	21,3729	;	197192307,0000	;	15/10/10
854	;	21,0660	;	193156607,0000	;	18/10/10
855	;	20,5710	;	188683507,0000	;	19/10/10
856	;	19,8286	;	179802907,0000	;	20/10/10
857	;	19,7890	;	174954607,0000	;	21/10/10
858	;	20,3830	;	185551007,0000	;	22/10/10
861	;	19,9276	;	181465307,0000	;	25/10/10
862	;	19,8583	;	175396007,0000	;	26/10/10
863	;	19,8484	;	170311307,0000	;	27/10/10
864	;	20,7492	;	181038407,0000	;	28/10/10
865	;	21,0165	;	187486207,0000	;	29/10/10
868	;	21,2739	;	190406307,0000	;	01/11/10
870	;	21,2442	;	185430607,0000	;	03/11/10
871	;	22,1055	;	192329007,0000	;	04/11/10
872	;	22,0560	;	186405807,0000	;	05/11/10
875	;	22,7093	;	191863807,0000	;	08/11/10
876	;	22,2342	;	187459107,0000	;	09/11/10
877	;	22,5311	;	190246807,0000	;	10/11/10
878	;	22,3232	;	187612407,0000	;	11/11/10
879	;	21,9471	;	184693107,0000	;	12/11/10
883	;	21,1749	;	180301407,0000	;	16/11/10
884	;	21,1254	;	177423107,0000	;	17/11/10
885	;	21,4026	;	181567107,0000	;	18/11/10
886	;	21,3828	;	178972907,0000	;	19/11/10
889	;	20,4820	;	173124707,0000	;	22/11/10
890	;	19,6504	;	166842507,0000	;	23/11/10
891	;	20,0167	;	172553207,0000	;	24/11/10
892	;	19,7791	;	169401107,0000	;	25/11/10
893	;	19,1554	;	163782807,0000	;	26/11/10
896	;	19,0762	;	158545307,0000	;	29/11/10
897	;	18,5120	;	151067407,0000	;	30/11/10
898	;	18,7693	;	158050107,0000	;	01/12/10
899	;	18,7099	;	151109807,0000	;	02/12/10
900	;	18,5912	;	145313507,0000	;	03/12/10
903	;	19,2544	;	152153107,0000	;	06/12/10
904	;	19,2049	;	145231507,0000	;	07/12/10
905	;	18,7099	;	140187207,0000	;	08/12/10
906	;	18,6605	;	135629007,0000	;	09/12/10
907	;	18,9772	;	139781707,0000	;	10/12/10
910	;	19,7098	;	145808607,0000	;	13/12/10
911	;	19,3732	;	140975207,0000	;	14/12/10
912	;	18,9376	;	135770707,0000	;	15/12/10
913	;	18,8980	;	131907307,0000	;	16/12/10
914	;	18,9475	;	135258607,0000	;	17/12/10
917	;	18,7099	;	130239607,0000	;	20/12/10
918	;	19,2940	;	134498407,0000	;	21/12/10
919	;	18,9079	;	131074207,0000	;	22/12/10
920	;	18,7792	;	127911207,0000	;	23/12/10
924	;	18,5120	;	124938707,0000	;	27/12/10
925	;	18,1259	;	119637507,0000	;	28/12/10
926	;	18,6308	;	122807307,0000	;	29/12/10
927	;	19,1600	;	127415107,0000	;	30/12/10
931	;	19,1800	;	132393407,0000	;	03/01/11
932	;	19,9400	;	140875707,0000	;	04/01/11
933	;	20,4000	;	149342307,0000	;	05/01/11
934	;	20,2500	;	141066607,0000	;	06/01/11
935	;	20,6000	;	149087507,0000	;	07/01/11
938	;	20,3000	;	144113307,0000	;	10/01/11
939	;	20,6900	;	150717407,0000	;	11/01/11
940	;	20,9000	;	157310407,0000	;	12/01/11
941	;	20,2900	;	151072107,0000	;	13/01/11
942	;	20,3500	;	157407807,0000	;	14/01/11
945	;	20,1900	;	155105207,0000	;	17/01/11
946	;	19,9300	;	149454907,0000	;	18/01/11
947	;	19,4600	;	144320907,0000	;	19/01/11
948	;	19,8000	;	150717407,0000	;	20/01/11
949	;	19,7500	;	145991707,0000	;	21/01/11
952	;	19,5000	;	142521107,0000	;	24/01/11
954	;	18,9100	;	135579007,0000	;	26/01/11
955	;	18,9000	;	128121407,0000	;	27/01/11
956	;	18,7000	;	119325607,0000	;	28/01/11
959	;	19,4300	;	127922007,0000	;	31/01/11
960	;	20,1400	;	134996407,0000	;	01/02/11
961	;	19,3000	;	128719107,0000	;	02/02/11
962	;	19,4700	;	132978607,0000	;	03/02/11
963	;	18,9500	;	127330107,0000	;	04/02/11
966	;	19,0300	;	130584807,0000	;	07/02/11
967	;	19,2500	;	134656807,0000	;	08/02/11
968	;	18,7800	;	130478207,0000	;	09/02/11
969	;	19,1000	;	136204807,0000	;	10/02/11
970	;	19,0500	;	129486207,0000	;	11/02/11
973	;	18,9400	;	124024607,0000	;	14/02/11
974	;	18,8000	;	119147507,0000	;	15/02/11
975	;	19,6400	;	126583407,0000	;	16/02/11
976	;	20,3000	;	136138707,0000	;	17/02/11
977	;	21,0300	;	149950807,0000	;	18/02/11
980	;	20,4200	;	145597207,0000	;	21/02/11
981	;	20,0800	;	138876807,0000	;	22/02/11
982	;	19,0400	;	122845307,0000	;	23/02/11
983	;	18,6500	;	111620207,0000	;	24/02/11
984	;	18,6000	;	104394607,0000	;	25/02/11
987	;	19,0000	;	109689007,0000	;	28/02/11
988	;	18,3000	;	102933107,0000	;	01/03/11
989	;	18,9500	;	110680307,0000	;	02/03/11
990	;	20,0500	;	125528807,0000	;	03/03/11
991	;	20,8000	;	138746407,0000	;	04/03/11
996	;	20,6500	;	133269807,0000	;	09/03/11
997	;	20,1400	;	128309607,0000	;	10/03/11
998	;	21,0800	;	141169807,0000	;	11/03/11
