-164	;	23,7073	;	15375314249,0000	;	03/01/08
-163	;	23,4327	;	15371083449,0000	;	04/01/08
-160	;	23,9903	;	15373817649,0000	;	07/01/08
-159	;	24,4828	;	15376944249,0000	;	08/01/08
-158	;	24,9189	;	15380302049,0000	;	09/01/08
-157	;	25,6378	;	15382993649,0000	;	10/01/08
-156	;	24,3293	;	15381091549,0000	;	11/01/08
-153	;	24,2327	;	15378933849,0000	;	14/01/08
-152	;	23,6752	;	15376094449,0000	;	15/01/08
-151	;	23,6670	;	15370980649,0000	;	16/01/08
-150	;	23,4163	;	15367734049,0000	;	17/01/08
-149	;	23,0614	;	15364888049,0000	;	18/01/08
-146	;	21,8821	;	15361839649,0000	;	21/01/08
-145	;	23,1823	;	15365043949,0000	;	22/01/08
-144	;	22,1323	;	15360561849,0000	;	23/01/08
-143	;	23,7881	;	15363970349,0000	;	24/01/08
-139	;	23,5053	;	15360475749,0000	;	28/01/08
-138	;	23,9903	;	15363600449,0000	;	29/01/08
-137	;	24,5555	;	15367622849,0000	;	30/01/08
-136	;	23,6267	;	15363822849,0000	;	31/01/08
-135	;	23,4246	;	15359871249,0000	;	01/02/08
-130	;	22,8996	;	15355992249,0000	;	06/02/08
-129	;	22,6170	;	15352771549,0000	;	07/02/08
-128	;	22,6170	;	15352771549,0000	;	08/02/08
-125	;	22,8189	;	15354908149,0000	;	11/02/08
-124	;	23,2229	;	15357486149,0000	;	12/02/08
-123	;	23,2309	;	15361073549,0000	;	13/02/08
-122	;	22,8189	;	15358099849,0000	;	14/02/08
-121	;	23,0614	;	15359496349,0000	;	15/02/08
-118	;	23,9094	;	15361080549,0000	;	18/02/08
-117	;	24,2730	;	15365473249,0000	;	19/02/08
-116	;	24,9515	;	15368907749,0000	;	20/02/08
-115	;	25,6057	;	15372679949,0000	;	21/02/08
-114	;	25,1611	;	15369768449,0000	;	22/02/08
-111	;	24,2327	;	15365427349,0000	;	25/02/08
-110	;	23,0235	;	15350572349,0000	;	26/02/08
-109	;	22,8615	;	15341793649,0000	;	27/02/08
-108	;	22,7399	;	15338358449,0000	;	28/02/08
-107	;	22,8778	;	15344174849,0000	;	29/02/08
-104	;	22,4973	;	15338476949,0000	;	03/03/08
-103	;	22,0115	;	15332464049,0000	;	04/03/08
-102	;	22,4487	;	15336912749,0000	;	05/03/08
-101	;	22,0115	;	15333672049,0000	;	06/03/08
-100	;	21,6880	;	15324765849,0000	;	07/03/08
-97	;	21,4452	;	15321981349,0000	;	10/03/08
-96	;	21,5182	;	15327956349,0000	;	11/03/08
-95	;	20,8547	;	15324035049,0000	;	12/03/08
-94	;	20,8787	;	15328944449,0000	;	13/03/08
-93	;	21,4452	;	15334435149,0000	;	14/03/08
-90	;	20,3930	;	15331853149,0000	;	17/03/08
-89	;	20,8386	;	15334937549,0000	;	18/03/08
-88	;	20,4337	;	15330980549,0000	;	19/03/08
-87	;	20,1464	;	15328325749,0000	;	20/03/08
-83	;	20,7571	;	15330147549,0000	;	24/03/08
-82	;	21,1640	;	15332422549,0000	;	25/03/08
-81	;	20,7571	;	15325660149,0000	;	26/03/08
-80	;	20,0244	;	15322341149,0000	;	27/03/08
-79	;	19,0637	;	15313855949,0000	;	28/03/08
-76	;	18,8114	;	15307915649,0000	;	31/03/08
-75	;	20,0737	;	15316272149,0000	;	01/04/08
-74	;	20,5536	;	15321454649,0000	;	02/04/08
-73	;	20,2684	;	15317827149,0000	;	03/04/08
-72	;	20,0737	;	15314573249,0000	;	04/04/08
-69	;	20,3092	;	15317217749,0000	;	07/04/08
-68	;	20,4318	;	15319581349,0000	;	08/04/08
-67	;	19,8210	;	15316648949,0000	;	09/04/08
-66	;	19,1777	;	15310058149,0000	;	10/04/08
-65	;	19,0474	;	15307606049,0000	;	11/04/08
-62	;	18,4128	;	15302778149,0000	;	14/04/08
-61	;	18,5348	;	15307243749,0000	;	15/04/08
-60	;	19,8210	;	15313413349,0000	;	16/04/08
-59	;	20,6350	;	15318554549,0000	;	17/04/08
-58	;	20,6755	;	15325704549,0000	;	18/04/08
-54	;	20,4318	;	15322594149,0000	;	22/04/08
-53	;	19,9839	;	15318607049,0000	;	23/04/08
-52	;	20,6105	;	15320973849,0000	;	24/04/08
-51	;	21,6523	;	15326751649,0000	;	25/04/08
-48	;	21,7748	;	15331190249,0000	;	28/04/08
-47	;	21,4571	;	15328216949,0000	;	29/04/08
-46	;	23,5246	;	15336608249,0000	;	30/04/08
-44	;	24,7702	;	15348166549,0000	;	02/05/08
-41	;	24,4202	;	15342179549,0000	;	05/05/08
-40	;	23,5246	;	15337771749,0000	;	06/05/08
-39	;	22,7838	;	15332247649,0000	;	07/05/08
-38	;	23,4026	;	15334983349,0000	;	08/05/08
-37	;	23,2394	;	15332232549,0000	;	09/05/08
-34	;	23,5978	;	15334583849,0000	;	12/05/08
-33	;	23,1176	;	15331684749,0000	;	13/05/08
-32	;	23,5441	;	15339382049,0000	;	14/05/08
-31	;	24,2006	;	15345632149,0000	;	15/05/08
-30	;	24,5288	;	15348903049,0000	;	16/05/08
-27	;	24,7338	;	15352433149,0000	;	19/05/08
-26	;	24,6929	;	15350161749,0000	;	20/05/08
-25	;	23,9135	;	15347534049,0000	;	21/05/08
-23	;	23,2406	;	15345116849,0000	;	23/05/08
-20	;	23,2572	;	15346191349,0000	;	26/05/08
-19	;	23,8725	;	15348992749,0000	;	27/05/08
-18	;	25,3081	;	15355499849,0000	;	28/05/08
-17	;	25,4397	;	15360097149,0000	;	29/05/08
-16	;	26,6946	;	15369611149,0000	;	30/05/08
-13	;	25,9810	;	15364933249,0000	;	02/06/08
-12	;	25,0209	;	15361483649,0000	;	03/06/08
-11	;	24,7829	;	15358658649,0000	;	04/06/08
-10	;	26,0874	;	15361247449,0000	;	05/06/08
-9	;	25,3734	;	15358793749,0000	;	06/06/08
-6	;	24,9801	;	15355169249,0000	;	09/06/08
-5	;	24,8569	;	15352717549,0000	;	10/06/08
-4	;	24,3648	;	15348817649,0000	;	11/06/08
-3	;	24,2909	;	15345840849,0000	;	12/06/08
-2	;	23,6264	;	15343476749,0000	;	13/06/08
1	;	24,1185	;	15345493849,0000	;	16/06/08
2	;	24,4057	;	15349589749,0000	;	17/06/08
3	;	23,3802	;	15345908949,0000	;	18/06/08
4	;	23,3802	;	15345908949,0000	;	19/06/08
5	;	22,4861	;	15343991449,0000	;	20/06/08
8	;	22,1825	;	15342163649,0000	;	23/06/08
9	;	22,2424	;	15343856549,0000	;	24/06/08
10	;	23,3807	;	15349983549,0000	;	25/06/08
11	;	22,4814	;	15347763149,0000	;	26/06/08
12	;	22,0529	;	15342509349,0000	;	27/06/08
15	;	21,5664	;	15338075749,0000	;	30/06/08
16	;	20,3293	;	15328934849,0000	;	01/07/08
17	;	19,7931	;	15324154649,0000	;	02/07/08
18	;	19,4796	;	15320548249,0000	;	03/07/08
19	;	19,6281	;	15322582049,0000	;	04/07/08
22	;	19,0263	;	15320114949,0000	;	07/07/08
23	;	19,9992	;	15324611349,0000	;	08/07/08
25	;	19,9581	;	15320784449,0000	;	10/07/08
26	;	19,6281	;	15318153949,0000	;	11/07/08
29	;	19,9168	;	15321948049,0000	;	14/07/08
30	;	20,1228	;	15326441549,0000	;	15/07/08
31	;	20,9144	;	15331153649,0000	;	16/07/08
32	;	20,2961	;	15327286949,0000	;	17/07/08
33	;	20,5764	;	15330701149,0000	;	18/07/08
36	;	20,6344	;	15333080449,0000	;	21/07/08
37	;	19,7931	;	15328759049,0000	;	22/07/08
38	;	20,4530	;	15333466749,0000	;	23/07/08
39	;	20,3951	;	15329326149,0000	;	24/07/08
40	;	19,9992	;	15326670749,0000	;	25/07/08
43	;	19,0263	;	15323219549,0000	;	28/07/08
44	;	20,1228	;	15325544449,0000	;	29/07/08
45	;	20,8486	;	15328990349,0000	;	30/07/08
46	;	20,7004	;	15326121149,0000	;	31/07/08
47	;	19,6362	;	15321535849,0000	;	01/08/08
50	;	18,6220	;	15318073649,0000	;	04/08/08
51	;	18,9686	;	15321060549,0000	;	05/08/08
52	;	19,9168	;	15323554749,0000	;	06/08/08
53	;	19,6281	;	15321215049,0000	;	07/08/08
54	;	19,2984	;	15318951749,0000	;	08/08/08
57	;	18,6139	;	15316037449,0000	;	11/08/08
58	;	17,9788	;	15311785149,0000	;	12/08/08
59	;	17,4838	;	15305368649,0000	;	13/08/08
60	;	17,9788	;	15307426249,0000	;	14/08/08
61	;	18,3827	;	15311203449,0000	;	15/08/08
64	;	18,4984	;	15313781749,0000	;	18/08/08
65	;	18,4071	;	15310973449,0000	;	19/08/08
66	;	18,7803	;	15313334949,0000	;	20/08/08
67	;	19,3190	;	15315811649,0000	;	21/08/08
68	;	19,4933	;	15318715549,0000	;	22/08/08
71	;	18,8879	;	15317163849,0000	;	25/08/08
72	;	18,4071	;	15314681949,0000	;	26/08/08
73	;	19,4022	;	15317370249,0000	;	27/08/08
74	;	20,0652	;	15325866249,0000	;	28/08/08
75	;	19,7252	;	15324207649,0000	;	29/08/08
78	;	19,1780	;	15322965049,0000	;	01/09/08
79	;	19,3522	;	15325610549,0000	;	02/09/08
80	;	19,1532	;	15321346149,0000	;	03/09/08
81	;	18,5727	;	15318249049,0000	;	04/09/08
82	;	18,6558	;	15321712249,0000	;	05/09/08
85	;	18,1999	;	15318253349,0000	;	08/09/08
86	;	17,8186	;	15314882249,0000	;	09/09/08
87	;	18,4405	;	15317448849,0000	;	10/09/08
88	;	18,7388	;	15319873649,0000	;	11/09/08
89	;	18,6144	;	15318096849,0000	;	12/09/08
92	;	16,9643	;	15315243049,0000	;	15/09/08
93	;	18,1004	;	15319050649,0000	;	16/09/08
94	;	16,4999	;	15315482149,0000	;	17/09/08
95	;	17,4124	;	15320053749,0000	;	18/09/08
96	;	19,0539	;	15324255549,0000	;	19/09/08
99	;	18,2412	;	15322068149,0000	;	22/09/08
100	;	18,4819	;	15325603849,0000	;	23/09/08
101	;	18,5401	;	15327960349,0000	;	24/09/08
102	;	19,0409	;	15330363349,0000	;	25/09/08
103	;	18,9993	;	15327853549,0000	;	26/09/08
106	;	17,0952	;	15324219949,0000	;	29/09/08
107	;	18,9993	;	15327336149,0000	;	30/09/08
108	;	18,7904	;	15323376749,0000	;	01/10/08
109	;	16,9533	;	15317579149,0000	;	02/10/08
110	;	15,8675	;	15313939849,0000	;	03/10/08
113	;	14,7233	;	15309240949,0000	;	06/10/08
114	;	13,8632	;	15305371949,0000	;	07/10/08
115	;	13,2786	;	15298629049,0000	;	08/10/08
116	;	12,2348	;	15294380649,0000	;	09/10/08
117	;	11,6918	;	15289674949,0000	;	10/10/08
120	;	14,1139	;	15294543649,0000	;	13/10/08
121	;	15,0240	;	15301284149,0000	;	14/10/08
122	;	13,4538	;	15297240849,0000	;	15/10/08
123	;	12,8193	;	15292638449,0000	;	16/10/08
124	;	12,6021	;	15290612149,0000	;	17/10/08
127	;	13,8632	;	15293094449,0000	;	20/10/08
128	;	13,6961	;	15291057449,0000	;	21/10/08
129	;	11,5916	;	15286909949,0000	;	22/10/08
130	;	10,9318	;	15282014749,0000	;	23/10/08
131	;	10,6477	;	15277967449,0000	;	24/10/08
134	;	9,7712	;	15273752049,0000	;	27/10/08
135	;	11,0655	;	15279115449,0000	;	28/10/08
136	;	11,6918	;	15286375149,0000	;	29/10/08
137	;	12,2428	;	15292421249,0000	;	30/10/08
138	;	12,3350	;	15297428449,0000	;	31/10/08
141	;	11,9590	;	15291784749,0000	;	03/11/08
142	;	13,8296	;	15306691449,0000	;	04/11/08
143	;	13,4039	;	15301156049,0000	;	05/11/08
144	;	12,5270	;	15296563049,0000	;	06/11/08
145	;	12,7776	;	15299891749,0000	;	07/11/08
148	;	12,0342	;	15293944049,0000	;	10/11/08
149	;	11,8923	;	15289578849,0000	;	11/11/08
150	;	11,0154	;	15282028149,0000	;	12/11/08
151	;	11,7752	;	15287227249,0000	;	13/11/08
152	;	11,7535	;	15282835549,0000	;	14/11/08
155	;	11,8884	;	15286148849,0000	;	17/11/08
156	;	11,2981	;	15281977449,0000	;	18/11/08
157	;	11,2308	;	15277302949,0000	;	19/11/08
159	;	9,6204	;	15266458049,0000	;	21/11/08
162	;	10,5392	;	15270666949,0000	;	24/11/08
163	;	10,8597	;	15274647349,0000	;	25/11/08
164	;	11,8800	;	15282125549,0000	;	26/11/08
165	;	11,9306	;	15283991949,0000	;	27/11/08
166	;	12,0568	;	15286193949,0000	;	28/11/08
169	;	12,0568	;	15286193949,0000	;	01/12/08
170	;	12,0149	;	15281019649,0000	;	02/12/08
171	;	12,0568	;	15284933449,0000	;	03/12/08
172	;	12,3099	;	15288000149,0000	;	04/12/08
173	;	13,2794	;	15293790249,0000	;	05/12/08
176	;	14,4770	;	15299774349,0000	;	08/12/08
177	;	14,2915	;	15294187049,0000	;	09/12/08
178	;	13,7434	;	15289630449,0000	;	10/12/08
179	;	13,1531	;	15286109549,0000	;	11/12/08
180	;	13,1952	;	15290758649,0000	;	12/12/08
183	;	12,5629	;	15287356249,0000	;	15/12/08
184	;	13,1952	;	15292682649,0000	;	16/12/08
185	;	12,8581	;	15286697149,0000	;	17/12/08
186	;	12,9424	;	15290548249,0000	;	18/12/08
187	;	12,8157	;	15288041049,0000	;	19/12/08
190	;	12,6892	;	15284553249,0000	;	22/12/08
191	;	11,9310	;	15282458349,0000	;	23/12/08
194	;	11,9310	;	15282458349,0000	;	26/12/08
197	;	11,9310	;	15282458349,0000	;	29/12/08
198	;	12,5104	;	15285294649,0000	;	30/12/08
201	;	12,7829	;	15288096249,0000	;	02/01/09
204	;	13,0219	;	15293357749,0000	;	05/01/09
205	;	13,7376	;	15297400249,0000	;	06/01/09
206	;	13,4308	;	15295592549,0000	;	07/01/09
207	;	13,1240	;	15289210949,0000	;	08/01/09
208	;	13,5331	;	15298821849,0000	;	09/01/09
211	;	13,4222	;	15294490749,0000	;	12/01/09
212	;	12,8938	;	15289289049,0000	;	13/01/09
213	;	12,0246	;	15283974749,0000	;	14/01/09
214	;	12,7829	;	15288085749,0000	;	15/01/09
215	;	12,2716	;	15283728249,0000	;	16/01/09
218	;	12,3060	;	15286482449,0000	;	19/01/09
219	;	11,4622	;	15281908149,0000	;	20/01/09
220	;	11,7178	;	15286778349,0000	;	21/01/09
221	;	11,5474	;	15282317849,0000	;	22/01/09
222	;	11,3343	;	15277336149,0000	;	23/01/09
225	;	12,0246	;	15283443249,0000	;	26/01/09
226	;	12,2291	;	15287597749,0000	;	27/01/09
227	;	12,5362	;	15292990649,0000	;	28/01/09
228	;	12,0587	;	15290467149,0000	;	29/01/09
229	;	12,1013	;	15292966249,0000	;	30/01/09
232	;	11,7265	;	15290296449,0000	;	02/02/09
233	;	12,0844	;	15293076049,0000	;	03/02/09
234	;	11,8969	;	15288422849,0000	;	04/02/09
235	;	12,2716	;	15291676249,0000	;	05/02/09
236	;	12,4253	;	15297242749,0000	;	06/02/09
239	;	12,1864	;	15293568949,0000	;	09/02/09
240	;	12,0502	;	15289106749,0000	;	10/02/09
241	;	12,2122	;	15291547349,0000	;	11/02/09
242	;	11,8883	;	15287746149,0000	;	12/02/09
243	;	12,1271	;	15291180749,0000	;	13/02/09
246	;	12,0502	;	15288830849,0000	;	16/02/09
247	;	11,6326	;	15284897649,0000	;	17/02/09
248	;	11,5133	;	15281181149,0000	;	18/02/09
249	;	11,7605	;	15286114649,0000	;	19/02/09
250	;	11,8862	;	15289355449,0000	;	20/02/09
255	;	12,1129	;	15292257149,0000	;	25/02/09
256	;	12,2088	;	15295923549,0000	;	26/02/09
257	;	12,0693	;	15293789649,0000	;	27/02/09
260	;	11,4158	;	15290223249,0000	;	02/03/09
261	;	11,5726	;	15293170149,0000	;	03/03/09
262	;	12,0693	;	15295657049,0000	;	04/03/09
263	;	11,5986	;	15292191349,0000	;	05/03/09
264	;	11,8252	;	15295117649,0000	;	06/03/09
267	;	11,7207	;	15293785849,0000	;	09/03/09
268	;	12,2262	;	15296266749,0000	;	10/03/09
269	;	12,3131	;	15300585049,0000	;	11/03/09
270	;	12,4616	;	15303617749,0000	;	12/03/09
271	;	12,7141	;	15306349049,0000	;	13/03/09
274	;	12,6793	;	15302790649,0000	;	16/03/09
275	;	13,0539	;	15307040349,0000	;	17/03/09
276	;	13,5158	;	15311442549,0000	;	18/03/09
277	;	13,7684	;	15317574649,0000	;	19/03/09
278	;	13,5072	;	15314161349,0000	;	20/03/09
281	;	14,4657	;	15319285949,0000	;	23/03/09
282	;	14,0734	;	15316602349,0000	;	24/03/09
283	;	14,0909	;	15319743349,0000	;	25/03/09
284	;	14,5577	;	15322493849,0000	;	26/03/09
285	;	14,9717	;	15325709749,0000	;	27/03/09
288	;	14,7074	;	15321902049,0000	;	30/03/09
289	;	14,8571	;	15326100749,0000	;	31/03/09
290	;	15,6409	;	15329658049,0000	;	01/04/09
291	;	16,0548	;	15334845049,0000	;	02/04/09
292	;	16,8210	;	15340492449,0000	;	03/04/09
295	;	16,7329	;	15334475149,0000	;	06/04/09
296	;	16,6361	;	15327391449,0000	;	07/04/09
297	;	15,2798	;	15305323249,0000	;	08/04/09
298	;	14,8483	;	15285166149,0000	;	09/04/09
299	;	14,8483	;	15285166149,0000	;	10/04/09
302	;	14,8748	;	15292886649,0000	;	13/04/09
303	;	15,0861	;	15303185349,0000	;	14/04/09
304	;	15,4120	;	15309078549,0000	;	15/04/09
305	;	16,1605	;	15314934149,0000	;	16/04/09
306	;	16,2132	;	15319490449,0000	;	17/04/09
309	;	15,8522	;	15316346549,0000	;	20/04/09
311	;	15,6763	;	15310265249,0000	;	22/04/09
312	;	16,3982	;	15315863749,0000	;	23/04/09
313	;	16,3806	;	15313082949,0000	;	24/04/09
316	;	15,9581	;	15308805149,0000	;	27/04/09
317	;	16,1692	;	15312288449,0000	;	28/04/09
318	;	16,8210	;	15316393249,0000	;	29/04/09
319	;	16,2571	;	15312176949,0000	;	30/04/09
323	;	17,0320	;	15316112549,0000	;	04/05/09
324	;	17,2174	;	15319057049,0000	;	05/05/09
325	;	18,5471	;	15325825449,0000	;	06/05/09
326	;	17,6137	;	15322411749,0000	;	07/05/09
327	;	17,9042	;	15325028449,0000	;	08/05/09
330	;	17,9394	;	15327451249,0000	;	11/05/09
331	;	17,5256	;	15324574149,0000	;	12/05/09
332	;	17,0412	;	15322340049,0000	;	13/05/09
333	;	17,7855	;	15325131449,0000	;	14/05/09
334	;	17,4581	;	15323913649,0000	;	15/05/09
337	;	18,3602	;	15326689249,0000	;	18/05/09
338	;	18,6167	;	15329669649,0000	;	19/05/09
339	;	18,2631	;	15326572349,0000	;	20/05/09
340	;	17,9976	;	15324452749,0000	;	21/05/09
341	;	17,8651	;	15322101049,0000	;	22/05/09
344	;	17,8651	;	15322101049,0000	;	25/05/09
345	;	18,6078	;	15324335749,0000	;	26/05/09
346	;	18,5725	;	15322003049,0000	;	27/05/09
347	;	19,0589	;	15324006849,0000	;	28/05/09
348	;	18,7143	;	15321534849,0000	;	29/05/09
351	;	19,0766	;	15323975849,0000	;	01/06/09
352	;	19,5454	;	15327498049,0000	;	02/06/09
353	;	18,9086	;	15324665349,0000	;	03/06/09
354	;	19,7667	;	15327444949,0000	;	04/06/09
355	;	19,2800	;	15324528749,0000	;	05/06/09
358	;	19,6248	;	15326313649,0000	;	08/06/09
359	;	19,3242	;	15324237949,0000	;	09/06/09
360	;	19,5013	;	15327203849,0000	;	10/06/09
362	;	19,5454	;	15329662249,0000	;	12/06/09
365	;	18,9263	;	15326917349,0000	;	15/06/09
366	;	18,5725	;	15324785449,0000	;	16/06/09
367	;	18,5285	;	15322371249,0000	;	17/06/09
368	;	18,1302	;	15320618749,0000	;	18/06/09
369	;	18,5725	;	15322915849,0000	;	19/06/09
372	;	18,0595	;	15321395449,0000	;	22/06/09
373	;	18,0754	;	15323562649,0000	;	23/06/09
374	;	17,8880	;	15320667449,0000	;	24/06/09
375	;	19,0032	;	15323282749,0000	;	25/06/09
376	;	18,9139	;	15321572949,0000	;	26/06/09
379	;	19,0210	;	15323061549,0000	;	29/06/09
380	;	18,8961	;	15320890749,0000	;	30/06/09
381	;	19,0479	;	15323536649,0000	;	01/07/09
382	;	19,4493	;	15326951249,0000	;	02/07/09
383	;	19,4493	;	15326951249,0000	;	03/07/09
386	;	19,5384	;	15328496749,0000	;	06/07/09
387	;	19,3424	;	15324058249,0000	;	07/07/09
388	;	18,7355	;	15321463249,0000	;	08/07/09
389	;	18,7355	;	15321463249,0000	;	09/07/09
390	;	18,3789	;	15319085349,0000	;	10/07/09
393	;	18,3789	;	15319085349,0000	;	13/07/09
394	;	18,3789	;	15319085349,0000	;	14/07/09
395	;	19,2174	;	15321973049,0000	;	15/07/09
396	;	19,2174	;	15321973049,0000	;	16/07/09
397	;	19,2710	;	15324099749,0000	;	17/07/09
400	;	19,5832	;	15327164749,0000	;	20/07/09
401	;	19,8241	;	15329300849,0000	;	21/07/09
402	;	19,7527	;	15327304849,0000	;	22/07/09
403	;	20,2523	;	15331356449,0000	;	23/07/09
404	;	20,6983	;	15333891949,0000	;	24/07/09
407	;	20,7875	;	15336216749,0000	;	27/07/09
408	;	21,0107	;	15338714149,0000	;	28/07/09
409	;	20,6539	;	15335724249,0000	;	29/07/09
410	;	21,2070	;	15338098949,0000	;	30/07/09
411	;	21,0909	;	15336038949,0000	;	31/07/09
414	;	21,4924	;	15338107949,0000	;	03/08/09
415	;	21,9206	;	15340418049,0000	;	04/08/09
416	;	22,6521	;	15345082449,0000	;	05/08/09
417	;	21,7690	;	15341595449,0000	;	06/08/09
418	;	21,8583	;	15345264049,0000	;	07/08/09
421	;	21,9477	;	15347074649,0000	;	10/08/09
422	;	22,0366	;	15349893649,0000	;	11/08/09
423	;	22,1617	;	15352574549,0000	;	12/08/09
424	;	22,6881	;	15356748149,0000	;	13/08/09
425	;	22,5713	;	15353595549,0000	;	14/08/09
428	;	21,9149	;	15351894249,0000	;	17/08/09
429	;	22,4274	;	15354142949,0000	;	18/08/09
430	;	22,7421	;	15356680249,0000	;	19/08/09
431	;	23,0477	;	15358467949,0000	;	20/08/09
432	;	23,0477	;	15358467949,0000	;	21/08/09
435	;	23,0566	;	15360805449,0000	;	24/08/09
436	;	23,2993	;	15363406549,0000	;	25/08/09
437	;	23,6409	;	15365638349,0000	;	26/08/09
438	;	23,8207	;	15368433249,0000	;	27/08/09
439	;	23,9286	;	15371439949,0000	;	28/08/09
442	;	23,5150	;	15367840849,0000	;	31/08/09
443	;	23,1466	;	15365050349,0000	;	01/09/09
444	;	22,9307	;	15362299549,0000	;	02/09/09
445	;	23,1736	;	15364889749,0000	;	03/09/09
446	;	23,8654	;	15367731849,0000	;	04/09/09
450	;	24,2613	;	15369443949,0000	;	08/09/09
451	;	24,6656	;	15372022949,0000	;	09/09/09
452	;	24,8994	;	15375015449,0000	;	10/09/09
453	;	24,7825	;	15371513549,0000	;	11/09/09
456	;	25,3489	;	15374776749,0000	;	14/09/09
457	;	25,9241	;	15378170149,0000	;	15/09/09
458	;	26,2928	;	15381769749,0000	;	16/09/09
459	;	26,6074	;	15387997149,0000	;	17/09/09
460	;	26,7961	;	15391442549,0000	;	18/09/09
463	;	26,5175	;	15388874549,0000	;	21/09/09
464	;	27,0380	;	15391632449,0000	;	22/09/09
465	;	26,4680	;	15388143849,0000	;	23/09/09
466	;	26,3231	;	15385618549,0000	;	24/09/09
467	;	26,7033	;	15387413849,0000	;	25/09/09
470	;	27,1374	;	15389192849,0000	;	28/09/09
471	;	27,6531	;	15392236449,0000	;	29/09/09
472	;	28,2501	;	15396976249,0000	;	30/09/09
473	;	27,7255	;	15393152649,0000	;	01/10/09
474	;	27,4269	;	15388157149,0000	;	02/10/09
477	;	27,9065	;	15391119349,0000	;	05/10/09
478	;	27,5446	;	15386732849,0000	;	06/10/09
479	;	26,8660	;	15382311249,0000	;	07/10/09
480	;	27,3636	;	15385481849,0000	;	08/10/09
481	;	27,9337	;	15387613849,0000	;	09/10/09
484	;	27,9337	;	15387613849,0000	;	12/10/09
485	;	28,4038	;	15390635749,0000	;	13/10/09
486	;	29,3084	;	15395047149,0000	;	14/10/09
487	;	28,9918	;	15392797549,0000	;	15/10/09
488	;	28,2592	;	15388387249,0000	;	16/10/09
491	;	28,3947	;	15392036749,0000	;	19/10/09
492	;	27,5264	;	15387622649,0000	;	20/10/09
493	;	27,5446	;	15390982849,0000	;	21/10/09
494	;	28,0871	;	15392791249,0000	;	22/10/09
495	;	27,4992	;	15390592349,0000	;	23/10/09
498	;	27,2007	;	15388760749,0000	;	26/10/09
499	;	26,3231	;	15385313349,0000	;	27/10/09
500	;	24,5143	;	15380169949,0000	;	28/10/09
501	;	26,3686	;	15384059249,0000	;	29/10/09
502	;	25,5181	;	15380326349,0000	;	30/10/09
506	;	26,3052	;	15384091249,0000	;	03/11/09
507	;	27,0923	;	15387452749,0000	;	04/11/09
508	;	27,0923	;	15387452749,0000	;	05/11/09
509	;	26,8207	;	15386361449,0000	;	06/11/09
512	;	27,9514	;	15389591149,0000	;	09/11/09
513	;	28,2592	;	15392193949,0000	;	10/11/09
514	;	28,1505	;	15389852349,0000	;	11/11/09
515	;	28,1053	;	15385225049,0000	;	12/11/09
516	;	29,0613	;	15388346349,0000	;	13/11/09
519	;	28,9709	;	15385872949,0000	;	16/11/09
520	;	28,9709	;	15385872949,0000	;	17/11/09
521	;	28,0625	;	15383178349,0000	;	18/11/09
522	;	27,8354	;	15380526849,0000	;	19/11/09
523	;	27,8354	;	15380526849,0000	;	20/11/09
526	;	28,0446	;	15383707249,0000	;	23/11/09
527	;	27,9718	;	15379840149,0000	;	24/11/09
528	;	27,9988	;	15382385749,0000	;	25/11/09
529	;	27,4177	;	15380542349,0000	;	26/11/09
530	;	27,9535	;	15382381449,0000	;	27/11/09
533	;	28,0625	;	15392585949,0000	;	30/11/09
534	;	27,9082	;	15387368849,0000	;	01/12/09
535	;	27,6085	;	15383525649,0000	;	02/12/09
536	;	27,6993	;	15385709249,0000	;	03/12/09
537	;	27,5267	;	15383681849,0000	;	04/12/09
540	;	28,2442	;	15386143349,0000	;	07/12/09
541	;	28,0625	;	15382841049,0000	;	08/12/09
542	;	27,8536	;	15379626549,0000	;	09/12/09
543	;	27,8717	;	15381774849,0000	;	10/12/09
544	;	27,9535	;	15384276049,0000	;	11/12/09
547	;	28,1533	;	15387480049,0000	;	14/12/09
548	;	28,1533	;	15387480049,0000	;	15/12/09
549	;	27,8354	;	15384285149,0000	;	16/12/09
550	;	26,7456	;	15379833349,0000	;	17/12/09
551	;	26,8820	;	15382308749,0000	;	18/12/09
554	;	26,5187	;	15380728949,0000	;	21/12/09
555	;	26,4604	;	15377836849,0000	;	22/12/09
556	;	26,5152	;	15379614349,0000	;	23/12/09
561	;	26,5152	;	15379614349,0000	;	28/12/09
562	;	26,4604	;	15378484049,0000	;	29/12/09
563	;	27,1458	;	15380577349,0000	;	30/12/09
568	;	27,3287	;	15384202049,0000	;	04/01/10
569	;	27,0545	;	15381137149,0000	;	05/01/10
570	;	27,0911	;	15383870249,0000	;	06/01/10
571	;	27,1000	;	15385412449,0000	;	07/01/10
572	;	27,2555	;	15387451349,0000	;	08/01/10
575	;	27,4659	;	15389864149,0000	;	11/01/10
576	;	27,2373	;	15387188149,0000	;	12/01/10
577	;	27,5845	;	15389662249,0000	;	13/01/10
578	;	27,1916	;	15387968949,0000	;	14/01/10
579	;	26,7346	;	15385766049,0000	;	15/01/10
582	;	26,7437	;	15386650049,0000	;	18/01/10
583	;	27,1916	;	15388288149,0000	;	19/01/10
584	;	26,3781	;	15384720849,0000	;	20/01/10
585	;	25,9484	;	15381473749,0000	;	21/01/10
586	;	26,0857	;	15383978949,0000	;	22/01/10
590	;	25,3818	;	15380195949,0000	;	26/01/10
591	;	25,1807	;	15377167449,0000	;	27/01/10
592	;	25,2263	;	15382053549,0000	;	28/01/10
593	;	25,6834	;	15385571249,0000	;	29/01/10
596	;	27,4202	;	15393446049,0000	;	01/02/10
597	;	27,9686	;	15398728749,0000	;	02/02/10
598	;	27,2828	;	15396088149,0000	;	03/02/10
599	;	26,7803	;	15393174349,0000	;	04/02/10
600	;	25,5008	;	15386825949,0000	;	05/02/10
603	;	25,8204	;	15390274249,0000	;	08/02/10
604	;	27,1093	;	15395428549,0000	;	09/02/10
605	;	27,7856	;	15398751749,0000	;	10/02/10
606	;	28,3523	;	15402571349,0000	;	11/02/10
607	;	27,8771	;	15399639849,0000	;	12/02/10
612	;	27,7675	;	15397209849,0000	;	17/02/10
613	;	28,0142	;	15400099749,0000	;	18/02/10
614	;	28,0690	;	15405143849,0000	;	19/02/10
617	;	27,9686	;	15401717449,0000	;	22/02/10
618	;	27,5845	;	15397671249,0000	;	23/02/10
619	;	27,8315	;	15401714349,0000	;	24/02/10
620	;	27,8534	;	15406769449,0000	;	25/02/10
621	;	28,0768	;	15409793049,0000	;	26/02/10
624	;	28,2939	;	15412855349,0000	;	01/03/10
625	;	27,9448	;	15409006949,0000	;	02/03/10
626	;	27,7466	;	15405382749,0000	;	03/03/10
627	;	27,7279	;	15403252949,0000	;	04/03/10
628	;	28,1051	;	15405109549,0000	;	05/03/10
631	;	27,7089	;	15401966149,0000	;	08/03/10
632	;	28,1994	;	15405474249,0000	;	09/03/10
633	;	28,4824	;	15409078149,0000	;	10/03/10
634	;	28,4447	;	15407243549,0000	;	11/03/10
635	;	28,1994	;	15405226749,0000	;	12/03/10
638	;	28,3031	;	15406607849,0000	;	15/03/10
639	;	28,5295	;	15408154949,0000	;	16/03/10
640	;	28,3785	;	15405918049,0000	;	17/03/10
641	;	28,1428	;	15403266949,0000	;	18/03/10
642	;	27,8221	;	15400592049,0000	;	19/03/10
645	;	27,9448	;	15402904749,0000	;	22/03/10
646	;	27,8221	;	15401854149,0000	;	23/03/10
647	;	27,8143	;	15399893549,0000	;	24/03/10
648	;	27,9188	;	15401961549,0000	;	25/03/10
649	;	28,0611	;	15403962149,0000	;	26/03/10
652	;	28,2511	;	15406236149,0000	;	29/03/10
653	;	28,2132	;	15404716949,0000	;	30/03/10
654	;	28,3460	;	15407496149,0000	;	31/03/10
655	;	28,2986	;	15403898549,0000	;	01/04/10
659	;	28,4886	;	15406164749,0000	;	05/04/10
660	;	28,5266	;	15409091949,0000	;	06/04/10
661	;	28,4789	;	15405779749,0000	;	07/04/10
662	;	29,2198	;	15409641449,0000	;	08/04/10
663	;	29,4381	;	15413152849,0000	;	09/04/10
666	;	29,5332	;	15418531749,0000	;	12/04/10
667	;	29,2957	;	15416604349,0000	;	13/04/10
668	;	29,0107	;	15409349849,0000	;	14/04/10
669	;	29,3432	;	15414340749,0000	;	15/04/10
670	;	28,9633	;	15410126049,0000	;	16/04/10
673	;	28,6310	;	15407937149,0000	;	19/04/10
674	;	28,4315	;	15405217449,0000	;	20/04/10
676	;	28,1752	;	15402186549,0000	;	22/04/10
677	;	28,3460	;	15405035549,0000	;	23/04/10
680	;	28,3175	;	15402807349,0000	;	26/04/10
681	;	27,3964	;	15399880249,0000	;	27/04/10
682	;	27,9569	;	15402952749,0000	;	28/04/10
683	;	28,4886	;	15405691349,0000	;	29/04/10
684	;	28,4789	;	15402553449,0000	;	30/04/10
687	;	28,0231	;	15400379349,0000	;	03/05/10
688	;	26,6463	;	15394232449,0000	;	04/05/10
689	;	26,8076	;	15397132649,0000	;	05/05/10
690	;	26,3994	;	15392569549,0000	;	06/05/10
691	;	26,2285	;	15389397349,0000	;	07/05/10
694	;	27,0641	;	15391818449,0000	;	10/05/10
695	;	26,4942	;	15389402849,0000	;	11/05/10
696	;	26,4563	;	15386687449,0000	;	12/05/10
697	;	26,1241	;	15384945749,0000	;	13/05/10
698	;	25,3073	;	15382145849,0000	;	14/05/10
701	;	25,8296	;	15385127749,0000	;	17/05/10
702	;	25,5352	;	15380859049,0000	;	18/05/10
703	;	24,6520	;	15376930149,0000	;	19/05/10
704	;	24,0253	;	15374157149,0000	;	20/05/10
705	;	24,8610	;	15377101049,0000	;	21/05/10
708	;	24,6387	;	15375107949,0000	;	24/05/10
709	;	24,5905	;	15370271749,0000	;	25/05/10
710	;	24,8602	;	15378578749,0000	;	26/05/10
711	;	25,4865	;	15382680549,0000	;	27/05/10
712	;	24,9470	;	15377993149,0000	;	28/05/10
715	;	25,0338	;	15379972249,0000	;	31/05/10
716	;	24,7350	;	15376992949,0000	;	01/06/10
717	;	25,7371	;	15379519449,0000	;	02/06/10
719	;	25,8528	;	15382826849,0000	;	04/06/10
722	;	25,4385	;	15380044749,0000	;	07/06/10
723	;	25,5829	;	15382324249,0000	;	08/06/10
724	;	25,2939	;	15380929849,0000	;	09/06/10
725	;	25,7852	;	15382573049,0000	;	10/06/10
726	;	25,9202	;	15384717349,0000	;	11/06/10
729	;	26,4983	;	15387252049,0000	;	14/06/10
730	;	26,2286	;	15384808249,0000	;	15/06/10
731	;	26,3924	;	15387320949,0000	;	16/06/10
732	;	26,2479	;	15384437449,0000	;	17/06/10
733	;	26,2286	;	15381581849,0000	;	18/06/10
736	;	27,1631	;	15385574949,0000	;	21/06/10
737	;	27,2210	;	15391195449,0000	;	22/06/10
738	;	26,7006	;	15386232849,0000	;	23/06/10
739	;	26,3731	;	15380366949,0000	;	24/06/10
740	;	26,1129	;	15376575949,0000	;	25/06/10
743	;	25,6310	;	15371045749,0000	;	28/06/10
744	;	24,5711	;	15363100049,0000	;	29/06/10
745	;	23,7522	;	15350975549,0000	;	30/06/10
746	;	25,2071	;	15382336449,0000	;	01/07/10
747	;	25,5347	;	15395303349,0000	;	02/07/10
750	;	25,3421	;	15387569749,0000	;	05/07/10
751	;	25,9685	;	15396703349,0000	;	06/07/10
752	;	26,7393	;	15412359149,0000	;	07/07/10
753	;	26,6815	;	15399625749,0000	;	08/07/10
757	;	26,7779	;	15406692649,0000	;	12/07/10
758	;	27,4040	;	15415721149,0000	;	13/07/10
759	;	27,2595	;	15410708349,0000	;	14/07/10
760	;	27,6835	;	15415246649,0000	;	15/07/10
761	;	26,8934	;	15411166749,0000	;	16/07/10
764	;	27,1728	;	15415178649,0000	;	19/07/10
765	;	27,0765	;	15410339849,0000	;	20/07/10
766	;	27,2307	;	15414592549,0000	;	21/07/10
767	;	28,0209	;	15423863749,0000	;	22/07/10
768	;	28,4062	;	15427242149,0000	;	23/07/10
771	;	27,9919	;	15423760649,0000	;	26/07/10
772	;	27,6548	;	15419412949,0000	;	27/07/10
773	;	28,8109	;	15425577249,0000	;	28/07/10
774	;	28,8109	;	15425577249,0000	;	29/07/10
775	;	29,4276	;	15429895349,0000	;	30/07/10
778	;	29,3505	;	15425779049,0000	;	02/08/10
779	;	28,5219	;	15421992749,0000	;	03/08/10
780	;	28,2328	;	15419174949,0000	;	04/08/10
781	;	28,9073	;	15422230249,0000	;	05/08/10
782	;	29,2349	;	15424671749,0000	;	06/08/10
785	;	29,5818	;	15430481049,0000	;	09/08/10
786	;	29,2059	;	15425994449,0000	;	10/08/10
787	;	28,6182	;	15421707349,0000	;	11/08/10
788	;	29,2446	;	15425606049,0000	;	12/08/10
789	;	29,3313	;	15429637349,0000	;	13/08/10
792	;	29,1964	;	15426061249,0000	;	16/08/10
793	;	29,0518	;	15421365749,0000	;	17/08/10
794	;	28,8302	;	15417372249,0000	;	18/08/10
795	;	28,3260	;	15414029349,0000	;	19/08/10
796	;	28,7432	;	15417437849,0000	;	20/08/10
799	;	28,5199	;	15415196549,0000	;	23/08/10
800	;	28,1222	;	15411644249,0000	;	24/08/10
801	;	28,1222	;	15411644249,0000	;	25/08/10
802	;	27,3559	;	15407267349,0000	;	26/08/10
803	;	27,4043	;	15414717049,0000	;	27/08/10
806	;	26,8611	;	15408789749,0000	;	30/08/10
807	;	27,6276	;	15414809649,0000	;	31/08/10
808	;	28,5685	;	15419818149,0000	;	01/09/10
809	;	28,0835	;	15416592949,0000	;	02/09/10
810	;	27,6371	;	15413284749,0000	;	03/09/10
813	;	27,3849	;	15412246249,0000	;	06/09/10
815	;	27,4140	;	15414525349,0000	;	08/09/10
816	;	27,4237	;	15416642049,0000	;	09/09/10
817	;	27,1618	;	15414220849,0000	;	10/09/10
820	;	28,1320	;	15417996449,0000	;	13/09/10
821	;	28,4715	;	15422291749,0000	;	14/09/10
822	;	28,7236	;	15425316049,0000	;	15/09/10
823	;	28,6170	;	15422646749,0000	;	16/09/10
824	;	28,2871	;	15419332649,0000	;	17/09/10
827	;	28,8981	;	15422148849,0000	;	20/09/10
828	;	29,1019	;	15428675949,0000	;	21/09/10
829	;	29,4901	;	15436628849,0000	;	22/09/10
830	;	30,2580	;	15446735949,0000	;	23/09/10
831	;	29,6225	;	15433772649,0000	;	24/09/10
834	;	30,2091	;	15437993549,0000	;	27/09/10
835	;	30,3069	;	15442693349,0000	;	28/09/10
836	;	30,8739	;	15447970249,0000	;	29/09/10
837	;	31,4116	;	15454227549,0000	;	30/09/10
838	;	31,9884	;	15460428049,0000	;	01/10/10
841	;	32,1547	;	15463790149,0000	;	04/10/10
842	;	32,4283	;	15468529149,0000	;	05/10/10
843	;	32,3111	;	15463043549,0000	;	06/10/10
844	;	31,8809	;	15458933449,0000	;	07/10/10
845	;	32,5066	;	15463452149,0000	;	08/10/10
848	;	32,6532	;	15466549149,0000	;	11/10/10
850	;	34,0709	;	15476415149,0000	;	13/10/10
851	;	33,5625	;	15469198749,0000	;	14/10/10
852	;	34,0218	;	15473530249,0000	;	15/10/10
855	;	33,7287	;	15468469849,0000	;	18/10/10
856	;	33,1518	;	15462970749,0000	;	19/10/10
857	;	33,6308	;	15467028649,0000	;	20/10/10
858	;	32,7705	;	15461905949,0000	;	21/10/10
859	;	32,8194	;	15464722449,0000	;	22/10/10
862	;	32,9954	;	15468602449,0000	;	25/10/10
863	;	33,3375	;	15473517549,0000	;	26/10/10
864	;	33,0932	;	15468752249,0000	;	27/10/10
865	;	32,6043	;	15465245749,0000	;	28/10/10
866	;	32,3600	;	15461302649,0000	;	29/10/10
869	;	32,9270	;	15464074149,0000	;	01/11/10
871	;	33,3474	;	15469340349,0000	;	03/11/10
872	;	34,1978	;	15474307949,0000	;	04/11/10
873	;	34,0512	;	15471530849,0000	;	05/11/10
876	;	33,8947	;	15468304349,0000	;	08/11/10
877	;	33,0835	;	15463092649,0000	;	09/11/10
878	;	33,0541	;	15459336249,0000	;	10/11/10
879	;	32,9662	;	15455560449,0000	;	11/11/10
880	;	33,0932	;	15461022049,0000	;	12/11/10
884	;	33,1421	;	15467210149,0000	;	16/11/10
885	;	33,0443	;	15463655049,0000	;	17/11/10
886	;	33,4745	;	15469516549,0000	;	18/11/10
887	;	33,5332	;	15472524149,0000	;	19/11/10
890	;	33,0443	;	15469915749,0000	;	22/11/10
891	;	31,6896	;	15462665749,0000	;	23/11/10
892	;	32,1215	;	15468609549,0000	;	24/11/10
893	;	32,2982	;	15470657749,0000	;	25/11/10
894	;	32,3080	;	15474577749,0000	;	26/11/10
897	;	32,5633	;	15478369849,0000	;	29/11/10
898	;	32,2982	;	15470629349,0000	;	30/11/10
899	;	33,1523	;	15475786949,0000	;	01/12/10
900	;	32,8774	;	15471175549,0000	;	02/12/10
901	;	32,0037	;	15464966949,0000	;	03/12/10
904	;	31,3655	;	15459994649,0000	;	06/12/10
905	;	31,2969	;	15455690749,0000	;	07/12/10
906	;	30,8354	;	15449151949,0000	;	08/12/10
907	;	30,4329	;	15442871149,0000	;	09/12/10
908	;	30,2857	;	15436958049,0000	;	10/12/10
911	;	30,6097	;	15441188249,0000	;	13/12/10
912	;	30,5901	;	15437778549,0000	;	14/12/10
913	;	30,4820	;	15434345949,0000	;	15/12/10
914	;	30,1875	;	15429632249,0000	;	16/12/10
915	;	30,0599	;	15426796049,0000	;	17/12/10
918	;	29,5004	;	15421307649,0000	;	20/12/10
919	;	29,9912	;	15425306649,0000	;	21/12/10
920	;	30,3348	;	15429942749,0000	;	22/12/10
921	;	30,7105	;	15433720049,0000	;	23/12/10
925	;	30,5225	;	15431309749,0000	;	27/12/10
926	;	30,4631	;	15429102249,0000	;	28/12/10
927	;	30,6709	;	15431623749,0000	;	29/12/10
928	;	31,0864	;	15435813549,0000	;	30/12/10
932	;	31,0666	;	15432500149,0000	;	03/01/11
933	;	31,1953	;	15436013449,0000	;	04/01/11
934	;	31,6405	;	15440128249,0000	;	05/01/11
935	;	31,3635	;	15435670349,0000	;	06/01/11
936	;	30,6214	;	15432017249,0000	;	07/01/11
939	;	30,6709	;	15435937449,0000	;	10/01/11
940	;	31,0370	;	15439387549,0000	;	11/01/11
941	;	31,5811	;	15442434149,0000	;	12/01/11
942	;	31,2645	;	15439228149,0000	;	13/01/11
943	;	31,4327	;	15443091249,0000	;	14/01/11
946	;	31,0666	;	15440655449,0000	;	17/01/11
947	;	31,2151	;	15443775449,0000	;	18/01/11
948	;	30,7698	;	15440240849,0000	;	19/01/11
949	;	30,5621	;	15431890549,0000	;	20/01/11
950	;	30,4235	;	15427459549,0000	;	21/01/11
953	;	30,7006	;	15430534049,0000	;	24/01/11
955	;	30,6709	;	15425028549,0000	;	26/01/11
956	;	30,6709	;	15425028549,0000	;	27/01/11
957	;	30,0377	;	15416533349,0000	;	28/01/11
960	;	29,4441	;	15409452049,0000	;	31/01/11
961	;	29,5826	;	15414071649,0000	;	01/02/11
962	;	29,2660	;	15410649649,0000	;	02/02/11
963	;	28,9494	;	15405274049,0000	;	03/02/11
964	;	27,8017	;	15395258949,0000	;	04/02/11
967	;	27,9798	;	15400419749,0000	;	07/02/11
968	;	28,4943	;	15409873149,0000	;	08/02/11
969	;	27,7819	;	15403520549,0000	;	09/02/11
970	;	27,9402	;	15410168949,0000	;	10/02/11
971	;	29,2660	;	15418110349,0000	;	11/02/11
974	;	29,4540	;	15423606349,0000	;	14/02/11
975	;	30,0773	;	15432331249,0000	;	15/02/11
976	;	31,0963	;	15443544749,0000	;	16/02/11
977	;	30,8985	;	15433945549,0000	;	17/02/11
978	;	30,8094	;	15428597149,0000	;	18/02/11
981	;	30,3345	;	15425490149,0000	;	21/02/11
982	;	29,3500	;	15415914049,0000	;	22/02/11
983	;	29,4000	;	15422672449,0000	;	23/02/11
984	;	29,3000	;	15416796649,0000	;	24/02/11
985	;	29,1700	;	15408749649,0000	;	25/02/11
988	;	29,7500	;	15415494249,0000	;	28/02/11
989	;	28,9500	;	15409540649,0000	;	01/03/11
990	;	29,1800	;	15414270549,0000	;	02/03/11
991	;	29,5400	;	15420018849,0000	;	03/03/11
992	;	29,6200	;	15423821149,0000	;	04/03/11
997	;	28,8500	;	15419226549,0000	;	09/03/11
998	;	28,0100	;	15410136349,0000	;	10/03/11
999	;	28,1800	;	15416594149,0000	;	11/03/11
