-165	;	53,6198	;	78801471,8700	;	03/01/08
-164	;	51,6849	;	76691271,8700	;	04/01/08
-161	;	50,7638	;	74191371,8700	;	07/01/08
-160	;	51,7769	;	76706071,8700	;	08/01/08
-159	;	51,2243	;	71288471,8700	;	09/01/08
-158	;	52,3391	;	76017771,8700	;	10/01/08
-157	;	51,6849	;	72425871,8700	;	11/01/08
-154	;	51,5929	;	66747071,8700	;	14/01/08
-153	;	49,6582	;	63983571,8700	;	15/01/08
-152	;	47,3640	;	58832271,8700	;	16/01/08
-151	;	47,0324	;	53745071,8700	;	17/01/08
-150	;	47,5298	;	59650371,8700	;	18/01/08
-147	;	42,5826	;	54146171,8700	;	21/01/08
-146	;	43,8541	;	60433471,8700	;	22/01/08
-145	;	41,4585	;	56034471,8700	;	23/01/08
-144	;	46,1757	;	60896871,8700	;	24/01/08
-140	;	46,2954	;	65719871,8700	;	28/01/08
-139	;	47,0601	;	69612771,8700	;	29/01/08
-138	;	48,2670	;	71277571,8700	;	30/01/08
-137	;	47,7511	;	67951771,8700	;	31/01/08
-136	;	50,5794	;	71926871,8700	;	01/02/08
-131	;	48,9302	;	70244871,8700	;	06/02/08
-130	;	48,2761	;	67244271,8700	;	07/02/08
-129	;	49,2896	;	69095171,8700	;	08/02/08
-126	;	51,1321	;	70959071,8700	;	11/02/08
-125	;	51,5099	;	73243971,8700	;	12/02/08
-124	;	52,3206	;	76320271,8700	;	13/02/08
-123	;	51,8786	;	73533771,8700	;	14/02/08
-122	;	50,8742	;	71889771,8700	;	15/02/08
-119	;	53,0578	;	73721471,8700	;	18/02/08
-118	;	53,3526	;	78752471,8700	;	19/02/08
-117	;	55,2781	;	83115071,8700	;	20/02/08
-116	;	55,0937	;	79795071,8700	;	21/02/08
-115	;	55,9229	;	82162371,8700	;	22/02/08
-112	;	55,9229	;	82162371,8700	;	25/02/08
-111	;	55,9229	;	82162371,8700	;	26/02/08
-110	;	55,7479	;	79149371,8700	;	27/02/08
-109	;	57,5813	;	82506371,8700	;	28/02/08
-108	;	54,0436	;	77438471,8700	;	29/02/08
-105	;	53,7119	;	74792271,8700	;	03/03/08
-104	;	52,5694	;	71843471,8700	;	04/03/08
-103	;	54,1448	;	75122771,8700	;	05/03/08
-102	;	52,7262	;	72327671,8700	;	06/03/08
-101	;	51,6113	;	70138571,8700	;	07/03/08
-98	;	50,2109	;	67291871,8700	;	10/03/08
-97	;	52,2746	;	70770771,8700	;	11/03/08
-96	;	52,7906	;	73170071,8700	;	12/03/08
-95	;	53,0669	;	76137471,8700	;	13/03/08
-94	;	54,2647	;	79961571,8700	;	14/03/08
-91	;	50,9756	;	76402171,8700	;	17/03/08
-90	;	52,5879	;	78041671,8700	;	18/03/08
-89	;	48,9763	;	75063071,8700	;	19/03/08
-88	;	48,5802	;	72927071,8700	;	20/03/08
-84	;	51,0862	;	74710971,8700	;	24/03/08
-83	;	52,5326	;	76088671,8700	;	25/03/08
-82	;	54,8265	;	78345271,8700	;	26/03/08
-81	;	55,0477	;	81449371,8700	;	27/03/08
-80	;	55,0937	;	82894271,8700	;	28/03/08
-77	;	55,7388	;	84554371,8700	;	31/03/08
-76	;	56,8904	;	86554971,8700	;	01/04/08
-75	;	56,2915	;	84265171,8700	;	02/04/08
-74	;	57,0008	;	86337971,8700	;	03/04/08
-73	;	57,5904	;	88783771,8700	;	04/04/08
-70	;	57,4984	;	84855671,8700	;	07/04/08
-69	;	57,7656	;	88030571,8700	;	08/04/08
-68	;	56,7519	;	85177771,8700	;	09/04/08
-67	;	56,3928	;	82668971,8700	;	10/04/08
-66	;	55,7774	;	81107171,8700	;	11/04/08
-63	;	55,0442	;	79657271,8700	;	14/04/08
-62	;	56,3898	;	81155871,8700	;	15/04/08
-61	;	58,0970	;	83307171,8700	;	16/04/08
-60	;	58,1341	;	85026271,8700	;	17/04/08
-59	;	58,6446	;	86996471,8700	;	18/04/08
-55	;	60,5560	;	91203571,8700	;	22/04/08
-54	;	60,1291	;	88813971,8700	;	23/04/08
-53	;	57,7630	;	85054471,8700	;	24/04/08
-52	;	58,4589	;	88273371,8700	;	25/04/08
-49	;	59,2570	;	89517371,8700	;	28/04/08
-48	;	57,8094	;	88318271,8700	;	29/04/08
-47	;	60,9085	;	91160371,8700	;	30/04/08
-45	;	60,6860	;	87902571,8700	;	02/05/08
-42	;	61,7995	;	90434071,8700	;	05/05/08
-41	;	62,9315	;	92777271,8700	;	06/05/08
-40	;	61,1962	;	90649871,8700	;	07/05/08
-39	;	61,9294	;	92853371,8700	;	08/05/08
-38	;	61,6231	;	91505071,8700	;	09/05/08
-35	;	62,4583	;	92524671,8700	;	12/05/08
-34	;	62,6346	;	94308071,8700	;	13/05/08
-33	;	62,4119	;	91699571,8700	;	14/05/08
-32	;	64,5832	;	93592871,8700	;	15/05/08
-31	;	66,8936	;	95661271,8700	;	16/05/08
-28	;	66,3463	;	93399471,8700	;	19/05/08
-27	;	66,3463	;	93399471,8700	;	20/05/08
-26	;	64,2121	;	91481271,8700	;	21/05/08
-24	;	63,3304	;	89899771,8700	;	23/05/08
-21	;	62,6346	;	89234571,8700	;	26/05/08
-20	;	61,4190	;	87395671,8700	;	27/05/08
-19	;	62,7831	;	89303671,8700	;	28/05/08
-18	;	59,8044	;	85742171,8700	;	29/05/08
-17	;	60,7881	;	88568971,8700	;	30/05/08
-14	;	60,5837	;	85263071,8700	;	02/06/08
-13	;	58,4218	;	81986371,8700	;	03/06/08
-12	;	56,3618	;	79772971,8700	;	04/06/08
-11	;	58,3197	;	81658371,8700	;	05/06/08
-10	;	57,3360	;	78598971,8700	;	06/06/08
-7	;	55,3968	;	75504871,8700	;	09/06/08
-6	;	54,1905	;	72322271,8700	;	10/06/08
-5	;	52,5110	;	68911771,8700	;	11/06/08
-4	;	52,6037	;	71113171,8700	;	12/06/08
-3	;	52,6687	;	72847171,8700	;	13/06/08
0	;	52,7059	;	75354071,8700	;	16/06/08
1	;	54,2648	;	78564471,8700	;	17/06/08
2	;	53,9771	;	73926171,8700	;	18/06/08
3	;	53,8656	;	71426071,8700	;	19/06/08
4	;	51,4437	;	69543671,8700	;	20/06/08
7	;	52,4089	;	71203671,8700	;	23/06/08
8	;	53,3462	;	73687971,8700	;	24/06/08
9	;	54,4503	;	76902971,8700	;	25/06/08
10	;	52,5202	;	74764071,8700	;	26/06/08
11	;	52,1769	;	73699171,8700	;	27/06/08
14	;	53,2626	;	74774371,8700	;	30/06/08
15	;	51,0449	;	72599271,8700	;	01/07/08
16	;	48,4281	;	70089571,8700	;	02/07/08
17	;	47,2775	;	68535271,8700	;	03/07/08
18	;	47,7879	;	69413971,8700	;	04/07/08
21	;	47,8436	;	71548771,8700	;	07/07/08
22	;	47,3238	;	69641571,8700	;	08/07/08
24	;	47,3238	;	69641571,8700	;	10/07/08
25	;	46,5537	;	66805171,8700	;	11/07/08
28	;	47,3238	;	69057371,8700	;	14/07/08
29	;	46,3125	;	64113371,8700	;	15/07/08
30	;	45,6537	;	53615671,8700	;	16/07/08
31	;	43,1854	;	46171871,8700	;	17/07/08
32	;	42,6936	;	38280271,8700	;	18/07/08
35	;	44,2618	;	41938771,8700	;	21/07/08
36	;	42,6008	;	37619071,8700	;	22/07/08
37	;	42,5637	;	34531671,8700	;	23/07/08
38	;	40,5778	;	25416371,8700	;	24/07/08
39	;	40,3645	;	21293171,8700	;	25/07/08
42	;	40,8192	;	25894871,8700	;	28/07/08
43	;	41,8028	;	30282271,8700	;	29/07/08
44	;	44,6329	;	33901771,8700	;	30/07/08
45	;	43,9277	;	30329871,8700	;	31/07/08
46	;	41,1904	;	26806671,8700	;	01/08/08
49	;	38,2211	;	24086671,8700	;	04/08/08
50	;	38,6293	;	27611971,8700	;	05/08/08
51	;	39,1582	;	29768571,8700	;	06/08/08
52	;	39,3439	;	33382471,8700	;	07/08/08
53	;	38,6850	;	30605671,8700	;	08/08/08
56	;	37,2561	;	26272671,8700	;	11/08/08
57	;	37,0426	;	22885071,8700	;	12/08/08
58	;	38,7407	;	27650371,8700	;	13/08/08
59	;	39,1582	;	30575971,8700	;	14/08/08
60	;	38,4158	;	28048171,8700	;	15/08/08
63	;	37,5622	;	26601471,8700	;	18/08/08
64	;	38,1375	;	29734971,8700	;	19/08/08
65	;	40,2346	;	33240171,8700	;	20/08/08
66	;	41,0140	;	36092671,8700	;	21/08/08
67	;	40,3459	;	33197271,8700	;	22/08/08
70	;	39,1211	;	31382171,8700	;	25/08/08
71	;	39,1582	;	32940071,8700	;	26/08/08
72	;	40,4387	;	35535971,8700	;	27/08/08
73	;	40,6429	;	39146771,8700	;	28/08/08
74	;	40,3366	;	36712671,8700	;	29/08/08
77	;	39,7057	;	35640471,8700	;	01/09/08
78	;	38,7870	;	32989671,8700	;	02/09/08
79	;	38,6015	;	29098471,8700	;	03/09/08
80	;	37,4323	;	26028471,8700	;	04/09/08
81	;	37,8499	;	29047271,8700	;	05/09/08
84	;	36,4765	;	24496371,8700	;	08/09/08
85	;	34,6672	;	20151771,8700	;	09/09/08
86	;	36,6992	;	24901671,8700	;	10/09/08
87	;	38,6015	;	28406971,8700	;	11/09/08
88	;	39,5852	;	31407471,8700	;	12/09/08
91	;	36,0961	;	28872471,8700	;	15/09/08
92	;	37,0239	;	32710671,8700	;	16/09/08
93	;	34,4259	;	27596071,8700	;	17/09/08
94	;	36,9312	;	31883071,8700	;	18/09/08
95	;	39,9934	;	36628171,8700	;	19/09/08
98	;	38,8799	;	32499371,8700	;	22/09/08
99	;	36,0312	;	27438471,8700	;	23/09/08
100	;	36,6527	;	30546071,8700	;	24/09/08
101	;	37,9334	;	35573871,8700	;	25/09/08
102	;	35,7250	;	27774871,8700	;	26/09/08
105	;	31,3637	;	19115771,8700	;	29/09/08
106	;	33,9154	;	24036571,8700	;	30/09/08
107	;	33,7670	;	19018771,8700	;	01/10/08
108	;	30,2039	;	9378071,8700	;	02/10/08
109	;	30,3801	;	13786171,8700	;	03/10/08
112	;	28,0697	;	7458071,8700	;	06/10/08
113	;	26,9283	;	-212328,1300	;	07/10/08
114	;	26,9097	;	-10798628,1300	;	08/10/08
115	;	25,9261	;	-17874528,1300	;	09/10/08
116	;	26,2602	;	-10731228,1300	;	10/10/08
119	;	29,6934	;	-3924728,1300	;	13/10/08
120	;	29,2203	;	-14631828,1300	;	14/10/08
121	;	23,7918	;	-28996328,1300	;	15/10/08
122	;	23,1915	;	-37282928,1300	;	16/10/08
123	;	24,0110	;	-29054828,1300	;	17/10/08
126	;	27,2029	;	-24459128,1300	;	20/10/08
127	;	27,4792	;	-17461228,1300	;	21/10/08
128	;	25,9166	;	-23599628,1300	;	22/10/08
129	;	24,4397	;	-30602828,1300	;	23/10/08
130	;	23,2392	;	-37548228,1300	;	24/10/08
133	;	21,0573	;	-41573428,1300	;	27/10/08
134	;	23,9729	;	-33728228,1300	;	28/10/08
135	;	24,7161	;	-28243928,1300	;	29/10/08
136	;	26,4787	;	-22398628,1300	;	30/10/08
137	;	27,0504	;	-11679328,1300	;	31/10/08
140	;	27,6316	;	-5104328,1300	;	03/11/08
141	;	29,5754	;	209671,8700	;	04/11/08
142	;	27,0601	;	-6368728,1300	;	05/11/08
143	;	26,2024	;	-13831628,1300	;	06/11/08
144	;	25,3926	;	-18782528,1300	;	07/11/08
147	;	26,5836	;	-13833928,1300	;	10/11/08
148	;	26,9172	;	-9211328,1300	;	11/11/08
149	;	25,1640	;	-14723028,1300	;	12/11/08
150	;	26,0024	;	-10889328,1300	;	13/11/08
151	;	25,7737	;	-13607828,1300	;	14/11/08
154	;	25,4402	;	-16125928,1300	;	17/11/08
155	;	24,3445	;	-18999928,1300	;	18/11/08
156	;	23,8205	;	-21733628,1300	;	19/11/08
158	;	21,7242	;	-25910228,1300	;	21/11/08
161	;	24,8781	;	-21938828,1300	;	24/11/08
162	;	25,5450	;	-18769528,1300	;	25/11/08
163	;	26,2882	;	-15866628,1300	;	26/11/08
164	;	25,7737	;	-17383828,1300	;	27/11/08
165	;	26,2310	;	-14736628,1300	;	28/11/08
168	;	24,2969	;	-17271728,1300	;	01/12/08
169	;	23,3918	;	-20328628,1300	;	02/12/08
170	;	23,6966	;	-17325428,1300	;	03/12/08
171	;	22,9534	;	-19548928,1300	;	04/12/08
172	;	22,4389	;	-25378028,1300	;	05/12/08
175	;	25,2497	;	-17722128,1300	;	08/12/08
176	;	25,6023	;	-13045928,1300	;	09/12/08
177	;	27,3554	;	-5461628,1300	;	10/12/08
178	;	26,7837	;	-9724328,1300	;	11/12/08
179	;	26,8791	;	-4104128,1300	;	12/12/08
182	;	27,0504	;	-771028,1300	;	15/12/08
183	;	28,4893	;	3418771,8700	;	16/12/08
184	;	28,8704	;	11278571,8700	;	17/12/08
185	;	27,4506	;	7344471,8700	;	18/12/08
186	;	27,3364	;	4201771,8700	;	19/12/08
189	;	25,6118	;	2243671,8700	;	22/12/08
190	;	24,6399	;	108371,8700	;	23/12/08
193	;	25,8214	;	1204271,8700	;	26/12/08
196	;	25,7642	;	-665628,1300	;	29/12/08
197	;	26,3835	;	1299371,8700	;	30/12/08
200	;	29,0609	;	4785871,8700	;	02/01/09
203	;	30,6426	;	8750771,8700	;	05/01/09
204	;	31,4906	;	12640771,8700	;	06/01/09
205	;	29,5374	;	9778171,8700	;	07/01/09
206	;	30,8521	;	13752271,8700	;	08/01/09
207	;	30,3473	;	9125871,8700	;	09/01/09
210	;	27,9271	;	4652371,8700	;	12/01/09
211	;	28,6798	;	7813471,8700	;	13/01/09
212	;	27,3459	;	370871,8700	;	14/01/09
213	;	28,0604	;	5874571,8700	;	15/01/09
214	;	28,5845	;	8954571,8700	;	16/01/09
217	;	28,2700	;	8041471,8700	;	19/01/09
218	;	27,0219	;	4838671,8700	;	20/01/09
219	;	27,8126	;	7883371,8700	;	21/01/09
220	;	27,8509	;	12612471,8700	;	22/01/09
221	;	28,8228	;	18047771,8700	;	23/01/09
224	;	29,3658	;	21602271,8700	;	26/01/09
225	;	30,5950	;	28688271,8700	;	27/01/09
226	;	32,3386	;	34859271,8700	;	28/01/09
227	;	31,4716	;	32025471,8700	;	29/01/09
228	;	30,9666	;	28746571,8700	;	30/01/09
231	;	30,7855	;	25103971,8700	;	02/02/09
232	;	32,3100	;	31945171,8700	;	03/02/09
233	;	33,7392	;	42515271,8700	;	04/02/09
234	;	35,2066	;	52238971,8700	;	05/02/09
235	;	36,9217	;	64697371,8700	;	06/02/09
238	;	35,8259	;	57729771,8700	;	09/02/09
239	;	34,7778	;	49671171,8700	;	10/02/09
240	;	33,8059	;	45082271,8700	;	11/02/09
241	;	33,1675	;	40702771,8700	;	12/02/09
242	;	34,6730	;	43396871,8700	;	13/02/09
245	;	34,7874	;	44818771,8700	;	16/02/09
246	;	32,5005	;	38498271,8700	;	17/02/09
247	;	33,1580	;	43167771,8700	;	18/02/09
248	;	33,3676	;	45085671,8700	;	19/02/09
249	;	30,7093	;	34482671,8700	;	20/02/09
254	;	29,0609	;	28637871,8700	;	25/02/09
255	;	29,0609	;	28637871,8700	;	26/02/09
256	;	29,4135	;	34022471,8700	;	27/02/09
259	;	27,7461	;	27196671,8700	;	02/03/09
260	;	28,2796	;	32498171,8700	;	03/03/09
261	;	31,1477	;	38972971,8700	;	04/03/09
262	;	29,7470	;	34354471,8700	;	05/03/09
263	;	28,9657	;	29007471,8700	;	06/03/09
266	;	28,2986	;	26554471,8700	;	09/03/09
267	;	30,3948	;	30759571,8700	;	10/03/09
268	;	30,6998	;	33669471,8700	;	11/03/09
269	;	30,1662	;	29538071,8700	;	12/03/09
270	;	29,3658	;	26810271,8700	;	13/03/09
273	;	29,2324	;	24191571,8700	;	16/03/09
274	;	29,9661	;	27817571,8700	;	17/03/09
275	;	29,6707	;	21194371,8700	;	18/03/09
276	;	30,2996	;	25427471,8700	;	19/03/09
277	;	29,8709	;	22140371,8700	;	20/03/09
280	;	31,7479	;	25910771,8700	;	23/03/09
281	;	30,5950	;	23059071,8700	;	24/03/09
282	;	30,6808	;	26551671,8700	;	25/03/09
283	;	31,5286	;	29819971,8700	;	26/03/09
284	;	30,7283	;	27209971,8700	;	27/03/09
287	;	28,9942	;	20104271,8700	;	30/03/09
288	;	29,5374	;	25673271,8700	;	31/03/09
289	;	30,0138	;	28325471,8700	;	01/04/09
290	;	31,9861	;	33591171,8700	;	02/04/09
291	;	32,3481	;	37068171,8700	;	03/04/09
294	;	31,5002	;	34374871,8700	;	06/04/09
295	;	30,8141	;	28329371,8700	;	07/04/09
296	;	31,0618	;	32970471,8700	;	08/04/09
297	;	33,0628	;	36988171,8700	;	09/04/09
298	;	33,0628	;	36988171,8700	;	10/04/09
301	;	33,9204	;	40613871,8700	;	13/04/09
302	;	33,9488	;	44839171,8700	;	14/04/09
303	;	34,1966	;	48401471,8700	;	15/04/09
304	;	34,4138	;	52624871,8700	;	16/04/09
305	;	34,1334	;	49435371,8700	;	17/04/09
308	;	32,7603	;	45514871,8700	;	20/04/09
310	;	33,1470	;	49388771,8700	;	22/04/09
311	;	34,0850	;	52780371,8700	;	23/04/09
312	;	34,7232	;	56144671,8700	;	24/04/09
315	;	33,7563	;	53317671,8700	;	27/04/09
316	;	33,1663	;	49632571,8700	;	28/04/09
317	;	33,8529	;	53320671,8700	;	29/04/09
318	;	34,8876	;	59932371,8700	;	30/04/09
322	;	38,6780	;	72752671,8700	;	04/05/09
323	;	38,3879	;	66911371,8700	;	05/05/09
324	;	38,6780	;	70567371,8700	;	06/05/09
325	;	37,2276	;	65687771,8700	;	07/05/09
326	;	37,7594	;	69610271,8700	;	08/05/09
329	;	37,8754	;	72891371,8700	;	11/05/09
330	;	36,8602	;	66903171,8700	;	12/05/09
331	;	35,3904	;	59533771,8700	;	13/05/09
332	;	35,6223	;	62783371,8700	;	14/05/09
333	;	35,3904	;	58956171,8700	;	15/05/09
336	;	37,7110	;	62691971,8700	;	18/05/09
337	;	38,0012	;	65979671,8700	;	19/05/09
338	;	38,1173	;	70278671,8700	;	20/05/09
339	;	36,5701	;	64722671,8700	;	21/05/09
340	;	36,5024	;	61266371,8700	;	22/05/09
343	;	36,8312	;	61746771,8700	;	25/05/09
344	;	37,5950	;	65418571,8700	;	26/05/09
345	;	36,5991	;	61732171,8700	;	27/05/09
346	;	37,4984	;	66309571,8700	;	28/05/09
347	;	36,7635	;	62519271,8700	;	29/05/09
350	;	38,5814	;	66802371,8700	;	01/06/09
351	;	37,2663	;	62623371,8700	;	02/06/09
352	;	35,7191	;	56920671,8700	;	03/06/09
353	;	36,5314	;	60126471,8700	;	04/06/09
354	;	36,9181	;	65447371,8700	;	05/06/09
357	;	37,1309	;	68511271,8700	;	08/06/09
358	;	37,1406	;	71369171,8700	;	09/06/09
359	;	37,4693	;	73784571,8700	;	10/06/09
361	;	37,2469	;	70435971,8700	;	12/06/09
364	;	36,5121	;	64816371,8700	;	15/06/09
365	;	35,8738	;	59373971,8700	;	16/06/09
366	;	35,5934	;	54948971,8700	;	17/06/09
367	;	35,3807	;	52174871,8700	;	18/06/09
368	;	35,3421	;	49955071,8700	;	19/06/09
371	;	33,4275	;	45902171,8700	;	22/06/09
372	;	33,6982	;	48586971,8700	;	23/06/09
373	;	32,9343	;	45912671,8700	;	24/06/09
374	;	34,0367	;	49703871,8700	;	25/06/09
375	;	33,4566	;	46407271,8700	;	26/06/09
378	;	33,7563	;	48277671,8700	;	29/06/09
379	;	33,3598	;	45388671,8700	;	30/06/09
380	;	33,4855	;	49048071,8700	;	01/07/09
381	;	33,2148	;	46683971,8700	;	02/07/09
382	;	33,0503	;	45751571,8700	;	03/07/09
385	;	32,4605	;	42258371,8700	;	06/07/09
386	;	30,8360	;	38602771,8700	;	07/07/09
387	;	31,4839	;	43276171,8700	;	08/07/09
388	;	31,4839	;	43276171,8700	;	09/07/09
389	;	31,4260	;	41238471,8700	;	10/07/09
392	;	31,4260	;	41238471,8700	;	13/07/09
393	;	31,1551	;	38491771,8700	;	14/07/09
394	;	33,5724	;	44459871,8700	;	15/07/09
395	;	33,6305	;	47574971,8700	;	16/07/09
396	;	33,6015	;	45657371,8700	;	17/07/09
399	;	34,8876	;	48142571,8700	;	20/07/09
400	;	35,2841	;	50718271,8700	;	21/07/09
401	;	34,5684	;	47224371,8700	;	22/07/09
402	;	35,2937	;	52979871,8700	;	23/07/09
403	;	35,5837	;	56211971,8700	;	24/07/09
406	;	35,8255	;	58724971,8700	;	27/07/09
407	;	35,7191	;	53767871,8700	;	28/07/09
408	;	34,9552	;	48833871,8700	;	29/07/09
409	;	35,3904	;	53587271,8700	;	30/07/09
410	;	35,8255	;	56921971,8700	;	31/07/09
413	;	36,8215	;	60414171,8700	;	03/08/09
414	;	36,7635	;	56259571,8700	;	04/08/09
415	;	36,8215	;	59421771,8700	;	05/08/09
416	;	36,3090	;	55761971,8700	;	06/08/09
417	;	36,6958	;	58186071,8700	;	07/08/09
420	;	36,5991	;	55782271,8700	;	10/08/09
421	;	35,6708	;	52531871,8700	;	11/08/09
422	;	35,9995	;	55554671,8700	;	12/08/09
423	;	36,9277	;	59119771,8700	;	13/08/09
424	;	37,2276	;	62369071,8700	;	14/08/09
427	;	35,6804	;	57321171,8700	;	17/08/09
428	;	35,4871	;	54256471,8700	;	18/08/09
429	;	35,4679	;	51916171,8700	;	19/08/09
430	;	35,7481	;	53560771,8700	;	20/08/09
431	;	36,2605	;	57272971,8700	;	21/08/09
434	;	36,6958	;	61203671,8700	;	24/08/09
435	;	36,4347	;	57709771,8700	;	25/08/09
436	;	36,3380	;	53235771,8700	;	26/08/09
437	;	36,1157	;	49260671,8700	;	27/08/09
438	;	36,6378	;	52813471,8700	;	28/08/09
441	;	35,4679	;	45457371,8700	;	31/08/09
442	;	35,3517	;	41365071,8700	;	01/09/09
443	;	34,8199	;	37741771,8700	;	02/09/09
444	;	35,2743	;	41175471,8700	;	03/09/09
445	;	35,8738	;	44880671,8700	;	04/09/09
449	;	37,0342	;	49734371,8700	;	08/09/09
450	;	36,8891	;	47032871,8700	;	09/09/09
451	;	37,5659	;	51559471,8700	;	10/09/09
452	;	37,1309	;	48645271,8700	;	11/09/09
455	;	37,6143	;	50926471,8700	;	14/09/09
456	;	38,1752	;	55513371,8700	;	15/09/09
457	;	38,9197	;	60631471,8700	;	16/09/09
458	;	38,4363	;	57855971,8700	;	17/09/09
459	;	38,6684	;	60969871,8700	;	18/09/09
462	;	39,3356	;	65347171,8700	;	21/09/09
463	;	40,3896	;	69425771,8700	;	22/09/09
464	;	39,9931	;	65955071,8700	;	23/09/09
465	;	39,2969	;	61406371,8700	;	24/09/09
466	;	39,3453	;	64782471,8700	;	25/09/09
469	;	40,0028	;	66815171,8700	;	28/09/09
470	;	39,6449	;	64637271,8700	;	29/09/09
471	;	39,8287	;	69057071,8700	;	30/09/09
472	;	38,7264	;	65782071,8700	;	01/10/09
473	;	39,6063	;	68681471,8700	;	02/10/09
476	;	40,1286	;	71358771,8700	;	05/10/09
477	;	40,4959	;	74751171,8700	;	06/10/09
478	;	41,4725	;	78406571,8700	;	07/10/09
479	;	42,0624	;	83103471,8700	;	08/10/09
480	;	42,2750	;	86294871,8700	;	09/10/09
483	;	42,2750	;	86294871,8700	;	12/10/09
484	;	41,8689	;	82810671,8700	;	13/10/09
485	;	43,8028	;	88717171,8700	;	14/10/09
486	;	44,2767	;	92629671,8700	;	15/10/09
487	;	44,2297	;	87901471,8700	;	16/10/09
490	;	45,5591	;	91402471,8700	;	19/10/09
491	;	44,7380	;	86087371,8700	;	20/10/09
492	;	45,0703	;	91215571,8700	;	21/10/09
493	;	45,8621	;	95177771,8700	;	22/10/09
494	;	45,0703	;	92176171,8700	;	23/10/09
497	;	45,3538	;	95175471,8700	;	26/10/09
498	;	43,6433	;	92149071,8700	;	27/10/09
499	;	41,7471	;	87993971,8700	;	28/10/09
500	;	45,4516	;	92873271,8700	;	29/10/09
501	;	43,7899	;	86631271,8700	;	30/10/09
505	;	45,4516	;	91821371,8700	;	03/11/09
506	;	45,8817	;	95500671,8700	;	04/11/09
507	;	46,0771	;	97728271,8700	;	05/11/09
508	;	45,7839	;	95139171,8700	;	06/11/09
511	;	47,3577	;	97928671,8700	;	09/11/09
512	;	46,8395	;	94365171,8700	;	10/11/09
513	;	46,7516	;	90270271,8700	;	11/11/09
514	;	45,0606	;	86027171,8700	;	12/11/09
515	;	45,8426	;	91394971,8700	;	13/11/09
518	;	47,6704	;	96298671,8700	;	16/11/09
519	;	48,2960	;	100045171,8700	;	17/11/09
520	;	47,4652	;	96889371,8700	;	18/11/09
521	;	47,5727	;	99644071,8700	;	19/11/09
522	;	47,5727	;	99644071,8700	;	20/11/09
525	;	48,0809	;	101822771,8700	;	23/11/09
526	;	48,3547	;	103794771,8700	;	24/11/09
527	;	49,1659	;	106531171,8700	;	25/11/09
528	;	47,6997	;	105122871,8700	;	26/11/09
529	;	48,4817	;	107485771,8700	;	27/11/09
532	;	47,9148	;	103529771,8700	;	30/11/09
533	;	48,7749	;	107779871,8700	;	01/12/09
534	;	48,3840	;	105227971,8700	;	02/12/09
535	;	47,8463	;	101447471,8700	;	03/12/09
536	;	46,9667	;	98100371,8700	;	04/12/09
539	;	47,0448	;	100702971,8700	;	07/12/09
540	;	46,6245	;	98206171,8700	;	08/12/09
541	;	47,1133	;	100774171,8700	;	09/12/09
542	;	47,8953	;	103171271,8700	;	10/12/09
543	;	48,2863	;	105179271,8700	;	11/12/09
546	;	49,1464	;	106992571,8700	;	14/12/09
547	;	49,0878	;	104942471,8700	;	15/12/09
548	;	48,8335	;	102247271,8700	;	16/12/09
549	;	47,3185	;	99013571,8700	;	17/12/09
550	;	47,2110	;	95940171,8700	;	18/12/09
553	;	47,0546	;	93434471,8700	;	21/12/09
554	;	47,9441	;	95802371,8700	;	22/12/09
555	;	48,5893	;	98764371,8700	;	23/12/09
560	;	48,6772	;	99839771,8700	;	28/12/09
561	;	48,5403	;	98892571,8700	;	29/12/09
562	;	48,3840	;	95814271,8700	;	30/12/09
567	;	50,3290	;	98195671,8700	;	04/01/10
568	;	50,7983	;	101197471,8700	;	05/01/10
569	;	51,8734	;	103940271,8700	;	06/01/10
570	;	52,0886	;	106483371,8700	;	07/01/10
571	;	52,5967	;	108927871,8700	;	08/01/10
574	;	52,4404	;	106142571,8700	;	11/01/10
575	;	52,2938	;	103536171,8700	;	12/01/10
576	;	52,9389	;	106171871,8700	;	13/01/10
577	;	52,9292	;	104578571,8700	;	14/01/10
578	;	52,2448	;	102353171,8700	;	15/01/10
581	;	52,9779	;	103462471,8700	;	18/01/10
582	;	53,7111	;	105351471,8700	;	19/01/10
583	;	52,2448	;	102219771,8700	;	20/01/10
584	;	50,4366	;	98650671,8700	;	21/01/10
585	;	49,3712	;	95175871,8700	;	22/01/10
589	;	48,3741	;	90811771,8700	;	26/01/10
590	;	47,7095	;	87515671,8700	;	27/01/10
591	;	47,6801	;	85132871,8700	;	28/01/10
592	;	47,8073	;	88534871,8700	;	29/01/10
595	;	49,2539	;	91199471,8700	;	01/02/10
596	;	49,2539	;	91199471,8700	;	02/02/10
597	;	49,1464	;	88320471,8700	;	03/02/10
598	;	46,4876	;	84231871,8700	;	04/02/10
599	;	46,0966	;	80456771,8700	;	05/02/10
602	;	46,4290	;	84876171,8700	;	08/02/10
603	;	47,4065	;	89057071,8700	;	09/02/10
604	;	47,4554	;	91694971,8700	;	10/02/10
605	;	48,5697	;	99908571,8700	;	11/02/10
606	;	48,2373	;	96464371,8700	;	12/02/10
611	;	50,1434	;	99373071,8700	;	17/02/10
612	;	50,9938	;	101712871,8700	;	18/02/10
613	;	50,8275	;	100183171,8700	;	19/02/10
616	;	49,8502	;	98181771,8700	;	22/02/10
617	;	49,0878	;	94447871,8700	;	23/02/10
618	;	49,2636	;	97090871,8700	;	24/02/10
619	;	49,5569	;	99873471,8700	;	25/02/10
620	;	49,3126	;	94148071,8700	;	26/02/10
623	;	49,8208	;	96298371,8700	;	01/03/10
624	;	50,8178	;	99972571,8700	;	02/03/10
625	;	50,7103	;	97274071,8700	;	03/03/10
626	;	51,4141	;	100606071,8700	;	04/03/10
627	;	53,0757	;	104810471,8700	;	05/03/10
630	;	52,6848	;	102087771,8700	;	08/03/10
631	;	53,0757	;	106235071,8700	;	09/03/10
632	;	52,3915	;	102772971,8700	;	10/03/10
633	;	51,7073	;	100425871,8700	;	11/03/10
634	;	51,4141	;	98153971,8700	;	12/03/10
637	;	51,7073	;	99671271,8700	;	15/03/10
638	;	52,9975	;	101872871,8700	;	16/03/10
639	;	53,0562	;	104068171,8700	;	17/03/10
640	;	52,5382	;	102281771,8700	;	18/03/10
641	;	51,9712	;	100935371,8700	;	19/03/10
644	;	52,6749	;	102601771,8700	;	22/03/10
645	;	54,5419	;	105907271,8700	;	23/03/10
646	;	54,4442	;	104022571,8700	;	24/03/10
647	;	54,0532	;	101481071,8700	;	25/03/10
648	;	54,5419	;	103819971,8700	;	26/03/10
651	;	55,7638	;	105871371,8700	;	29/03/10
652	;	56,1547	;	108758371,8700	;	30/03/10
653	;	55,8615	;	104694471,8700	;	31/03/10
654	;	56,4284	;	106564771,8700	;	01/04/10
658	;	56,2720	;	104835371,8700	;	05/04/10
659	;	56,1938	;	103282271,8700	;	06/04/10
660	;	56,7608	;	106094871,8700	;	07/04/10
661	;	58,0607	;	110691271,8700	;	08/04/10
662	;	57,9532	;	107734371,8700	;	09/04/10
665	;	57,5525	;	105150971,8700	;	12/04/10
666	;	58,0119	;	107200471,8700	;	13/04/10
667	;	58,5006	;	109964071,8700	;	14/04/10
668	;	58,4235	;	107461471,8700	;	15/04/10
669	;	57,6163	;	104153071,8700	;	16/04/10
672	;	56,6024	;	99822871,8700	;	19/04/10
673	;	55,8149	;	96967871,8700	;	20/04/10
675	;	56,0117	;	101146871,8700	;	22/04/10
676	;	55,5196	;	97678771,8700	;	23/04/10
679	;	55,2932	;	95868271,8700	;	26/04/10
680	;	52,4778	;	91089971,8700	;	27/04/10
681	;	52,1234	;	86465271,8700	;	28/04/10
682	;	53,5507	;	89941371,8700	;	29/04/10
683	;	52,2711	;	85691471,8700	;	30/04/10
686	;	50,9717	;	82294271,8700	;	03/05/10
687	;	48,5895	;	75736071,8700	;	04/05/10
688	;	49,8003	;	81818071,8700	;	05/05/10
689	;	49,0915	;	74879071,8700	;	06/05/10
690	;	48,9242	;	70123271,8700	;	07/05/10
693	;	51,0012	;	74912971,8700	;	10/05/10
694	;	50,5090	;	73199371,8700	;	11/05/10
695	;	50,3318	;	71408971,8700	;	12/05/10
696	;	49,6033	;	69146671,8700	;	13/05/10
697	;	48,1366	;	65938271,8700	;	14/05/10
700	;	47,3885	;	62496571,8700	;	17/05/10
701	;	45,6757	;	58892271,8700	;	18/05/10
702	;	44,7897	;	51866271,8700	;	19/05/10
703	;	43,1655	;	45774671,8700	;	20/05/10
704	;	46,0694	;	49631371,8700	;	21/05/10
707	;	45,5871	;	46992671,8700	;	24/05/10
708	;	45,9907	;	51521971,8700	;	25/05/10
709	;	45,7445	;	45991571,8700	;	26/05/10
710	;	48,6288	;	51060971,8700	;	27/05/10
711	;	48,1858	;	46645371,8700	;	28/05/10
714	;	49,2195	;	51418471,8700	;	31/05/10
715	;	48,1563	;	47848571,8700	;	01/06/10
716	;	49,1702	;	49890171,8700	;	02/06/10
718	;	46,8471	;	45137571,8700	;	04/06/10
721	;	45,3804	;	42309871,8700	;	07/06/10
722	;	45,8627	;	44256871,8700	;	08/06/10
723	;	46,0300	;	47515071,8700	;	09/06/10
724	;	46,8668	;	50106271,8700	;	10/06/10
725	;	47,4377	;	52013371,8700	;	11/06/10
728	;	47,4673	;	54535471,8700	;	14/06/10
729	;	48,1464	;	56430571,8700	;	15/06/10
730	;	47,5460	;	52232571,8700	;	16/06/10
731	;	46,7092	;	49489571,8700	;	17/06/10
732	;	46,2663	;	45999371,8700	;	18/06/10
735	;	47,7134	;	49182571,8700	;	21/06/10
736	;	47,2506	;	45949771,8700	;	22/06/10
737	;	47,8314	;	48089971,8700	;	23/06/10
738	;	46,7585	;	45687071,8700	;	24/06/10
739	;	47,3294	;	47638871,8700	;	25/06/10
742	;	46,4435	;	45280371,8700	;	28/06/10
743	;	44,1991	;	41415871,8700	;	29/06/10
744	;	42,9686	;	38248771,8700	;	30/06/10
745	;	43,1556	;	41476571,8700	;	01/07/10
746	;	42,9391	;	38501371,8700	;	02/07/10
749	;	42,3287	;	37199671,8700	;	05/07/10
750	;	42,8603	;	41022371,8700	;	06/07/10
751	;	43,8940	;	43420371,8700	;	07/07/10
752	;	44,0416	;	45907371,8700	;	08/07/10
756	;	43,3918	;	43921071,8700	;	12/07/10
757	;	43,4706	;	46077071,8700	;	13/07/10
758	;	43,4805	;	47731371,8700	;	14/07/10
759	;	43,1359	;	45559471,8700	;	15/07/10
760	;	42,1810	;	42873371,8700	;	16/07/10
763	;	43,3623	;	44528871,8700	;	19/07/10
764	;	45,8134	;	50708771,8700	;	20/07/10
765	;	46,0792	;	54698771,8700	;	21/07/10
766	;	47,0538	;	57611371,8700	;	22/07/10
767	;	47,4180	;	59519171,8700	;	23/07/10
770	;	47,4377	;	60998571,8700	;	26/07/10
771	;	47,2506	;	58480471,8700	;	27/07/10
772	;	48,0874	;	61064071,8700	;	28/07/10
773	;	47,6444	;	57072871,8700	;	29/07/10
774	;	47,7921	;	60505671,8700	;	30/07/10
777	;	49,7412	;	64249671,8700	;	02/08/10
778	;	49,6821	;	62026571,8700	;	03/08/10
779	;	49,6427	;	59368971,8700	;	04/08/10
780	;	49,8593	;	60940671,8700	;	05/08/10
781	;	49,7904	;	59347871,8700	;	06/08/10
784	;	49,9183	;	60708771,8700	;	09/08/10
785	;	49,2195	;	58080371,8700	;	10/08/10
786	;	47,5558	;	55390771,8700	;	11/08/10
787	;	47,9594	;	57591871,8700	;	12/08/10
788	;	48,0382	;	59624471,8700	;	13/08/10
791	;	48,6682	;	61307871,8700	;	16/08/10
792	;	49,2293	;	63876971,8700	;	17/08/10
793	;	49,5640	;	66982971,8700	;	18/08/10
794	;	49,0718	;	64666771,8700	;	19/08/10
795	;	48,4713	;	61912371,8700	;	20/08/10
798	;	47,0833	;	58068871,8700	;	23/08/10
799	;	46,0694	;	55459271,8700	;	24/08/10
800	;	45,6560	;	51849071,8700	;	25/08/10
801	;	45,1440	;	49167671,8700	;	26/08/10
802	;	46,7092	;	52381271,8700	;	27/08/10
805	;	45,4787	;	50169771,8700	;	30/08/10
806	;	46,1482	;	52858571,8700	;	31/08/10
807	;	48,2843	;	56134071,8700	;	01/09/10
808	;	47,8216	;	54271571,8700	;	02/09/10
809	;	47,6444	;	51924971,8700	;	03/09/10
812	;	47,2506	;	51259771,8700	;	06/09/10
814	;	46,4533	;	49465671,8700	;	08/09/10
815	;	46,5616	;	51166971,8700	;	09/09/10
816	;	46,1285	;	49486471,8700	;	10/09/10
819	;	47,4476	;	51584971,8700	;	13/09/10
820	;	47,0538	;	48753771,8700	;	14/09/10
821	;	47,3294	;	51589771,8700	;	15/09/10
822	;	47,0243	;	48773071,8700	;	16/09/10
823	;	46,3942	;	46282371,8700	;	17/09/10
826	;	47,3491	;	48698871,8700	;	20/09/10
827	;	47,4968	;	51858071,8700	;	21/09/10
828	;	48,3532	;	56353371,8700	;	22/09/10
829	;	48,3729	;	61258371,8700	;	23/09/10
830	;	50,0365	;	66871771,8700	;	24/09/10
833	;	50,9520	;	70021271,8700	;	27/09/10
834	;	51,3458	;	72986071,8700	;	28/09/10
835	;	51,3753	;	76551571,8700	;	29/09/10
836	;	51,4835	;	80474271,8700	;	30/09/10
837	;	51,9758	;	84157371,8700	;	01/10/10
840	;	52,0151	;	87056771,8700	;	04/10/10
841	;	52,6746	;	89970571,8700	;	05/10/10
842	;	52,8322	;	93926571,8700	;	06/10/10
843	;	52,6451	;	89463071,8700	;	07/10/10
844	;	52,4679	;	86235871,8700	;	08/10/10
847	;	52,7633	;	87626871,8700	;	11/10/10
849	;	52,7140	;	83439771,8700	;	13/10/10
850	;	52,9109	;	86744771,8700	;	14/10/10
851	;	53,0652	;	88848971,8700	;	15/10/10
854	;	54,2091	;	91237071,8700	;	18/10/10
855	;	52,9160	;	87985171,8700	;	19/10/10
856	;	54,4876	;	91309971,8700	;	20/10/10
857	;	53,6123	;	87138471,8700	;	21/10/10
858	;	53,6620	;	91136571,8700	;	22/10/10
861	;	54,1096	;	94424871,8700	;	25/10/10
862	;	54,9054	;	97674871,8700	;	26/10/10
863	;	54,3583	;	93011871,8700	;	27/10/10
864	;	53,3139	;	88414971,8700	;	28/10/10
865	;	53,3139	;	88414971,8700	;	29/10/10
868	;	54,5075	;	91415371,8700	;	01/11/10
870	;	53,9107	;	87462371,8700	;	03/11/10
871	;	55,2933	;	90783871,8700	;	04/11/10
872	;	55,4027	;	94001571,8700	;	05/11/10
875	;	55,8006	;	96238671,8700	;	08/11/10
876	;	55,6016	;	93162671,8700	;	09/11/10
877	;	55,5022	;	90648571,8700	;	10/11/10
878	;	55,7409	;	92994871,8700	;	11/11/10
879	;	54,7064	;	90303271,8700	;	12/11/10
883	;	53,6024	;	86723471,8700	;	16/11/10
884	;	53,5228	;	84798171,8700	;	17/11/10
885	;	54,9451	;	87524371,8700	;	18/11/10
886	;	55,1540	;	90689271,8700	;	19/11/10
889	;	55,0048	;	87804071,8700	;	22/11/10
890	;	53,6123	;	84298271,8700	;	23/11/10
891	;	54,9750	;	86427671,8700	;	24/11/10
892	;	54,6269	;	85569271,8700	;	25/11/10
893	;	53,8013	;	83380171,8700	;	26/11/10
896	;	53,9206	;	86963871,8700	;	29/11/10
897	;	53,2741	;	82450171,8700	;	30/11/10
898	;	55,0048	;	85075771,8700	;	01/12/10
899	;	55,6016	;	87737571,8700	;	02/12/10
900	;	56,2979	;	90094471,8700	;	03/12/10
903	;	56,5466	;	91518571,8700	;	06/12/10
904	;	56,4172	;	89521971,8700	;	07/12/10
905	;	55,1640	;	86492871,8700	;	08/12/10
906	;	55,7707	;	88844371,8700	;	09/12/10
907	;	56,4670	;	90981271,8700	;	10/12/10
910	;	57,8794	;	93808971,8700	;	13/12/10
911	;	57,3721	;	91858271,8700	;	14/12/10
912	;	56,4968	;	89384471,8700	;	15/12/10
913	;	56,4471	;	87158071,8700	;	16/12/10
914	;	56,5963	;	90079471,8700	;	17/12/10
917	;	56,1984	;	87871971,8700	;	20/12/10
918	;	56,8847	;	90434771,8700	;	21/12/10
919	;	56,7256	;	88775471,8700	;	22/12/10
920	;	56,5466	;	87318671,8700	;	23/12/10
924	;	54,9352	;	84292071,8700	;	27/12/10
925	;	54,4478	;	81956171,8700	;	28/12/10
926	;	54,8258	;	84636471,8700	;	29/12/10
927	;	55,0347	;	88123271,8700	;	30/12/10
931	;	56,6659	;	93231071,8700	;	03/01/11
932	;	57,8396	;	97335271,8700	;	04/01/11
933	;	58,8840	;	100623671,8700	;	05/01/11
934	;	58,1281	;	97636771,8700	;	06/01/11
935	;	57,6904	;	94861571,8700	;	07/01/11
938	;	57,5810	;	92028371,8700	;	10/01/11
939	;	58,1877	;	94821671,8700	;	11/01/11
940	;	59,7991	;	99716771,8700	;	12/01/11
941	;	59,3813	;	96431671,8700	;	13/01/11
942	;	59,6400	;	99224671,8700	;	14/01/11
945	;	60,1700	;	100721071,8700	;	17/01/11
946	;	60,9200	;	103266471,8700	;	18/01/11
947	;	59,6000	;	100571171,8700	;	19/01/11
948	;	58,6000	;	96147971,8700	;	20/01/11
949	;	59,0000	;	98068171,8700	;	21/01/11
952	;	59,4000	;	99835071,8700	;	24/01/11
954	;	59,3500	;	97120771,8700	;	26/01/11
955	;	58,7600	;	94861571,8700	;	27/01/11
956	;	57,0700	;	91133171,8700	;	28/01/11
959	;	57,0800	;	93336971,8700	;	31/01/11
960	;	58,4900	;	95548771,8700	;	01/02/11
961	;	57,4000	;	93070971,8700	;	02/02/11
962	;	57,2700	;	91077771,8700	;	03/02/11
963	;	56,3400	;	88695271,8700	;	04/02/11
966	;	56,7600	;	91011871,8700	;	07/02/11
967	;	56,3100	;	88035271,8700	;	08/02/11
968	;	54,6000	;	85860771,8700	;	09/02/11
969	;	55,3100	;	89553771,8700	;	10/02/11
970	;	56,4500	;	93029971,8700	;	11/02/11
973	;	57,5500	;	95437671,8700	;	14/02/11
974	;	57,3600	;	93008871,8700	;	15/02/11
975	;	57,9100	;	95916271,8700	;	16/02/11
976	;	57,9900	;	98859671,8700	;	17/02/11
977	;	57,4000	;	96578871,8700	;	18/02/11
980	;	56,1000	;	95803271,8700	;	21/02/11
981	;	54,9800	;	91307871,8700	;	22/02/11
982	;	56,0000	;	94564971,8700	;	23/02/11
983	;	55,5100	;	91030971,8700	;	24/02/11
984	;	55,7000	;	93726671,8700	;	25/02/11
987	;	56,3000	;	96380671,8700	;	28/02/11
988	;	55,2400	;	93907571,8700	;	01/03/11
989	;	56,1800	;	96297571,8700	;	02/03/11
990	;	56,6000	;	98390971,8700	;	03/03/11
991	;	55,6500	;	95641871,8700	;	04/03/11
996	;	53,6200	;	93013771,8700	;	09/03/11
997	;	52,1000	;	87151071,8700	;	10/03/11
998	;	52,8200	;	91048371,8700	;	11/03/11
