-165	;	27,7372	;	11460519973,0000	;	03/01/08
-164	;	27,9316	;	11462961973,0000	;	04/01/08
-161	;	27,9316	;	11462961973,0000	;	07/01/08
-160	;	28,1914	;	11464740973,0000	;	08/01/08
-159	;	28,1914	;	11464740973,0000	;	09/01/08
-158	;	28,7179	;	11467501273,0000	;	10/01/08
-157	;	27,9517	;	11463481873,0000	;	11/01/08
-154	;	28,0615	;	11465894573,0000	;	14/01/08
-153	;	26,8929	;	11463912773,0000	;	15/01/08
-152	;	26,4704	;	11460078973,0000	;	16/01/08
-151	;	25,9505	;	11457125873,0000	;	17/01/08
-150	;	25,3662	;	11453201473,0000	;	18/01/08
-147	;	24,7489	;	11449458873,0000	;	21/01/08
-146	;	24,7489	;	11449458873,0000	;	22/01/08
-145	;	24,5545	;	11444497873,0000	;	23/01/08
-144	;	26,5485	;	11450681073,0000	;	24/01/08
-140	;	26,4119	;	11446829673,0000	;	28/01/08
-139	;	26,6979	;	11449966473,0000	;	29/01/08
-138	;	26,5356	;	11446587173,0000	;	30/01/08
-137	;	25,6779	;	11443731273,0000	;	31/01/08
-136	;	24,9911	;	11438426073,0000	;	01/02/08
-131	;	23,9258	;	11433550373,0000	;	06/02/08
-130	;	23,8472	;	11428662673,0000	;	07/02/08
-129	;	23,6917	;	11426397173,0000	;	08/02/08
-126	;	24,2572	;	11429455673,0000	;	11/02/08
-125	;	25,7456	;	11435343573,0000	;	12/02/08
-124	;	27,0654	;	11441764473,0000	;	13/02/08
-123	;	26,0510	;	11438069173,0000	;	14/02/08
-122	;	26,4541	;	11441543073,0000	;	15/02/08
-119	;	27,2665	;	11442808773,0000	;	18/02/08
-118	;	26,5256	;	11438894573,0000	;	19/02/08
-117	;	27,1689	;	11440862973,0000	;	20/02/08
-116	;	26,9738	;	11437801473,0000	;	21/02/08
-115	;	27,6110	;	11441124173,0000	;	22/02/08
-112	;	28,3527	;	11445761973,0000	;	25/02/08
-111	;	29,1541	;	11450170973,0000	;	26/02/08
-110	;	29,5651	;	11454955573,0000	;	27/02/08
-109	;	29,4265	;	11451767273,0000	;	28/02/08
-108	;	28,2205	;	11448671273,0000	;	29/02/08
-105	;	28,7267	;	11451310073,0000	;	03/03/08
-104	;	28,1107	;	11448543073,0000	;	04/03/08
-103	;	29,2307	;	11451918673,0000	;	05/03/08
-102	;	28,3753	;	11450060273,0000	;	06/03/08
-101	;	27,5735	;	11447565273,0000	;	07/03/08
-98	;	27,2817	;	11445419073,0000	;	10/03/08
-97	;	28,4350	;	11449511173,0000	;	11/03/08
-96	;	27,4476	;	11444800373,0000	;	12/03/08
-95	;	27,9716	;	11449353473,0000	;	13/03/08
-94	;	27,7063	;	11446020373,0000	;	14/03/08
-91	;	26,3802	;	11441059973,0000	;	17/03/08
-90	;	27,1757	;	11446463173,0000	;	18/03/08
-89	;	26,1154	;	11442569173,0000	;	19/03/08
-88	;	26,4135	;	11446757473,0000	;	20/03/08
-84	;	25,9162	;	11441784673,0000	;	24/03/08
-83	;	27,1757	;	11446955573,0000	;	25/03/08
-82	;	26,8974	;	11444643373,0000	;	26/03/08
-81	;	26,1813	;	11442573473,0000	;	27/03/08
-80	;	25,9492	;	11440307273,0000	;	28/03/08
-77	;	26,5198	;	11443291573,0000	;	31/03/08
-76	;	27,3583	;	11450535873,0000	;	01/04/08
-75	;	27,4039	;	11454362973,0000	;	02/04/08
-74	;	27,5236	;	11459572973,0000	;	03/04/08
-73	;	27,3583	;	11455634073,0000	;	04/04/08
-70	;	27,6896	;	11457758273,0000	;	07/04/08
-69	;	28,0539	;	11459405673,0000	;	08/04/08
-68	;	27,3914	;	11457612473,0000	;	09/04/08
-67	;	27,2651	;	11455580173,0000	;	10/04/08
-66	;	26,8939	;	11453571073,0000	;	11/04/08
-63	;	26,4027	;	11452136173,0000	;	14/04/08
-62	;	26,5291	;	11453972373,0000	;	15/04/08
-61	;	27,8553	;	11457627473,0000	;	16/04/08
-60	;	28,8505	;	11460773773,0000	;	17/04/08
-59	;	29,3743	;	11463791273,0000	;	18/04/08
-55	;	29,0489	;	11461419173,0000	;	22/04/08
-54	;	28,6179	;	11459825073,0000	;	23/04/08
-53	;	28,6512	;	11461660273,0000	;	24/04/08
-52	;	29,1156	;	11463611373,0000	;	25/04/08
-49	;	29,5861	;	11465986473,0000	;	28/04/08
-48	;	29,0160	;	11464842573,0000	;	29/04/08
-47	;	31,4514	;	11469605273,0000	;	30/04/08
-45	;	32,5725	;	11477962373,0000	;	02/05/08
-42	;	33,0037	;	11480453773,0000	;	05/05/08
-41	;	31,5839	;	11474020173,0000	;	06/05/08
-40	;	30,9474	;	11469778373,0000	;	07/05/08
-39	;	31,3453	;	11472092873,0000	;	08/05/08
-38	;	31,1131	;	11470695673,0000	;	09/05/08
-35	;	31,3187	;	11472019073,0000	;	12/05/08
-34	;	30,7154	;	11469239873,0000	;	13/05/08
-33	;	30,4497	;	11466728673,0000	;	14/05/08
-32	;	31,1459	;	11469353273,0000	;	15/05/08
-31	;	31,1654	;	11471856473,0000	;	16/05/08
-28	;	31,8161	;	11475422973,0000	;	19/05/08
-27	;	31,3119	;	11473020973,0000	;	20/05/08
-26	;	30,5157	;	11469092173,0000	;	21/05/08
-24	;	30,4165	;	11465513073,0000	;	23/05/08
-21	;	30,4497	;	11466617473,0000	;	26/05/08
-20	;	31,3119	;	11470095873,0000	;	27/05/08
-19	;	32,4064	;	11473797873,0000	;	28/05/08
-18	;	32,1742	;	11469098773,0000	;	29/05/08
-17	;	33,4748	;	11473717473,0000	;	30/05/08
-14	;	32,0238	;	11470249473,0000	;	02/06/08
-13	;	31,1114	;	11467307673,0000	;	03/06/08
-12	;	30,8866	;	11463238873,0000	;	04/06/08
-11	;	32,0238	;	11465210273,0000	;	05/06/08
-10	;	31,1855	;	11461660773,0000	;	06/06/08
-7	;	30,4806	;	11458445373,0000	;	09/06/08
-6	;	29,4519	;	11451966373,0000	;	10/06/08
-5	;	29,0371	;	11447949773,0000	;	11/06/08
-4	;	29,7010	;	11451793473,0000	;	12/06/08
-3	;	30,0408	;	11454337273,0000	;	13/06/08
0	;	30,1153	;	11457086473,0000	;	16/06/08
1	;	30,9032	;	11460364173,0000	;	17/06/08
2	;	29,8252	;	11454859473,0000	;	18/06/08
3	;	29,6593	;	11449993473,0000	;	19/06/08
4	;	28,4561	;	11444163373,0000	;	20/06/08
7	;	28,4561	;	11444163373,0000	;	23/06/08
8	;	27,6269	;	11439698173,0000	;	24/06/08
9	;	28,3734	;	11444658373,0000	;	25/06/08
10	;	26,8138	;	11437855473,0000	;	26/06/08
11	;	26,9629	;	11442017173,0000	;	27/06/08
14	;	27,0464	;	11446295573,0000	;	30/06/08
15	;	26,6761	;	11441209273,0000	;	01/07/08
16	;	26,6093	;	11435892373,0000	;	02/07/08
17	;	25,6629	;	11432227973,0000	;	03/07/08
18	;	25,9698	;	11434074173,0000	;	04/07/08
21	;	25,8284	;	11428590473,0000	;	07/07/08
22	;	26,2274	;	11433138073,0000	;	08/07/08
24	;	26,3103	;	11437594273,0000	;	10/07/08
25	;	25,9033	;	11434655573,0000	;	11/07/08
28	;	25,8617	;	11431847373,0000	;	14/07/08
29	;	25,2314	;	11426269073,0000	;	15/07/08
30	;	27,5640	;	11435392173,0000	;	16/07/08
31	;	27,8632	;	11442802673,0000	;	17/07/08
32	;	28,7181	;	11449120573,0000	;	18/07/08
35	;	28,0703	;	11443756473,0000	;	21/07/08
36	;	28,4689	;	11450219173,0000	;	22/07/08
37	;	28,4772	;	11456744773,0000	;	23/07/08
38	;	27,3155	;	11451210673,0000	;	24/07/08
39	;	26,6510	;	11445874473,0000	;	25/07/08
42	;	26,2356	;	11443524673,0000	;	28/07/08
43	;	27,1493	;	11449332973,0000	;	29/07/08
44	;	27,7301	;	11454872473,0000	;	30/07/08
45	;	27,8132	;	11459629273,0000	;	31/07/08
46	;	27,2930	;	11456452373,0000	;	01/08/08
49	;	26,4211	;	11452469973,0000	;	04/08/08
50	;	27,5839	;	11459342773,0000	;	05/08/08
51	;	28,0907	;	11465359973,0000	;	06/08/08
52	;	27,5839	;	11461105973,0000	;	07/08/08
53	;	27,1766	;	11458038473,0000	;	08/08/08
56	;	26,5371	;	11453952973,0000	;	11/08/08
57	;	26,2959	;	11449902373,0000	;	12/08/08
58	;	25,7728	;	11444719173,0000	;	13/08/08
59	;	26,4211	;	11447994173,0000	;	14/08/08
60	;	26,0055	;	11445957973,0000	;	15/08/08
63	;	25,3626	;	11443694873,0000	;	18/08/08
64	;	25,2456	;	11441533173,0000	;	19/08/08
65	;	26,2973	;	11444393673,0000	;	20/08/08
66	;	26,1051	;	11439927573,0000	;	21/08/08
67	;	26,3391	;	11442464173,0000	;	22/08/08
70	;	25,5042	;	11441174273,0000	;	25/08/08
71	;	25,2122	;	11439141073,0000	;	26/08/08
72	;	25,4877	;	11440709073,0000	;	27/08/08
73	;	26,4228	;	11443805773,0000	;	28/08/08
74	;	25,6712	;	11441480573,0000	;	29/08/08
77	;	25,4492	;	11440388173,0000	;	01/09/08
78	;	25,7332	;	11443383173,0000	;	02/09/08
79	;	26,0091	;	11446839873,0000	;	03/09/08
80	;	25,1487	;	11442974073,0000	;	04/09/08
81	;	25,6411	;	11446375073,0000	;	05/09/08
84	;	25,9001	;	11450849873,0000	;	08/09/08
85	;	25,1487	;	11446731973,0000	;	09/09/08
86	;	25,4407	;	11450804373,0000	;	10/09/08
87	;	25,7750	;	11454773573,0000	;	11/09/08
88	;	25,8169	;	11459585773,0000	;	12/09/08
91	;	24,1041	;	11454506973,0000	;	15/09/08
92	;	24,4881	;	11460569373,0000	;	16/09/08
93	;	23,1261	;	11453413873,0000	;	17/09/08
94	;	24,6469	;	11461098173,0000	;	18/09/08
95	;	26,7355	;	11470589673,0000	;	19/09/08
98	;	25,4827	;	11465445973,0000	;	22/09/08
99	;	25,0646	;	11460395973,0000	;	23/09/08
100	;	24,8979	;	11456523073,0000	;	24/09/08
101	;	25,9001	;	11460854873,0000	;	25/09/08
102	;	25,8082	;	11456162473,0000	;	26/09/08
105	;	24,2795	;	11451089773,0000	;	29/09/08
106	;	26,6523	;	11457866373,0000	;	30/09/08
107	;	26,6723	;	11463287773,0000	;	01/10/08
108	;	25,0837	;	11458960173,0000	;	02/10/08
109	;	23,3027	;	11452533973,0000	;	03/10/08
112	;	22,1990	;	11444095473,0000	;	06/10/08
113	;	21,4883	;	11437900773,0000	;	07/10/08
114	;	20,9032	;	11425471773,0000	;	08/10/08
115	;	19,8578	;	11417403673,0000	;	09/10/08
116	;	19,1391	;	11407442573,0000	;	10/10/08
119	;	23,6121	;	11415764673,0000	;	13/10/08
120	;	24,5063	;	11423817873,0000	;	14/10/08
121	;	21,8142	;	11417000373,0000	;	15/10/08
122	;	20,4849	;	11408396673,0000	;	16/10/08
123	;	19,2807	;	11400729173,0000	;	17/10/08
126	;	20,6607	;	11406983373,0000	;	20/10/08
127	;	20,3181	;	11401201273,0000	;	21/10/08
128	;	17,8513	;	11394134673,0000	;	22/10/08
129	;	16,3795	;	11385485473,0000	;	23/10/08
130	;	14,6323	;	11376945873,0000	;	24/10/08
133	;	14,6323	;	11376945873,0000	;	27/10/08
134	;	15,9282	;	11388508073,0000	;	28/10/08
135	;	18,0266	;	11396553673,0000	;	29/10/08
136	;	19,9333	;	11405175673,0000	;	30/10/08
137	;	19,4816	;	11397598973,0000	;	31/10/08
140	;	22,6739	;	11412090973,0000	;	03/11/08
141	;	23,7701	;	11422866773,0000	;	04/11/08
142	;	21,6863	;	11414245073,0000	;	05/11/08
143	;	20,3472	;	11408990973,0000	;	06/11/08
144	;	21,0919	;	11415322273,0000	;	07/11/08
147	;	21,7615	;	11419199673,0000	;	10/11/08
148	;	21,5524	;	11415647073,0000	;	11/11/08
149	;	20,0543	;	11410688073,0000	;	12/11/08
150	;	21,8951	;	11416649673,0000	;	13/11/08
151	;	21,6024	;	11412457873,0000	;	14/11/08
154	;	21,5691	;	11409299473,0000	;	17/11/08
155	;	19,9199	;	11403895973,0000	;	18/11/08
156	;	18,8824	;	11399501373,0000	;	19/11/08
158	;	17,3752	;	11393823573,0000	;	21/11/08
161	;	20,1299	;	11399475073,0000	;	24/11/08
162	;	21,0603	;	11403917073,0000	;	25/11/08
163	;	22,6042	;	11410483173,0000	;	26/11/08
164	;	22,5021	;	11408671573,0000	;	27/11/08
165	;	22,7236	;	11412315173,0000	;	28/11/08
168	;	22,0187	;	11409251473,0000	;	01/12/08
169	;	22,5732	;	11413199773,0000	;	02/12/08
170	;	22,7956	;	11417413973,0000	;	03/12/08
171	;	22,9918	;	11420854873,0000	;	04/12/08
172	;	23,2224	;	11427040873,0000	;	05/12/08
175	;	25,5361	;	11433620373,0000	;	08/12/08
176	;	25,3138	;	11428558573,0000	;	09/12/08
177	;	25,3567	;	11432390173,0000	;	10/12/08
178	;	24,6142	;	11428296673,0000	;	11/12/08
179	;	25,6123	;	11432389673,0000	;	12/12/08
182	;	23,9058	;	11428951173,0000	;	15/12/08
183	;	25,4421	;	11432374673,0000	;	16/12/08
184	;	26,0398	;	11438302973,0000	;	17/12/08
185	;	25,5278	;	11434789673,0000	;	18/12/08
186	;	24,5886	;	11430773973,0000	;	19/12/08
189	;	23,4440	;	11428194973,0000	;	22/12/08
190	;	22,2063	;	11424707573,0000	;	23/12/08
193	;	22,1125	;	11423184873,0000	;	26/12/08
196	;	22,1125	;	11423184873,0000	;	29/12/08
197	;	22,2830	;	11426813273,0000	;	30/12/08
200	;	24,7295	;	11429126273,0000	;	02/01/09
203	;	24,7890	;	11432713073,0000	;	05/01/09
204	;	25,8084	;	11438056573,0000	;	06/01/09
205	;	24,3269	;	11434926673,0000	;	07/01/09
206	;	24,4729	;	11437928273,0000	;	08/01/09
207	;	24,4470	;	11434755873,0000	;	09/01/09
210	;	23,4107	;	11431280173,0000	;	12/01/09
211	;	22,5548	;	11426205873,0000	;	13/01/09
212	;	20,8593	;	11414347473,0000	;	14/01/09
213	;	21,2358	;	11422602173,0000	;	15/01/09
214	;	20,5079	;	11415776773,0000	;	16/01/09
217	;	20,8074	;	11417998073,0000	;	19/01/09
218	;	19,3866	;	11411059173,0000	;	20/01/09
219	;	20,0374	;	11418776273,0000	;	21/01/09
220	;	19,4805	;	11411188373,0000	;	22/01/09
221	;	19,9259	;	11415557573,0000	;	23/01/09
224	;	19,7974	;	11411604373,0000	;	26/01/09
225	;	19,5149	;	11407668973,0000	;	27/01/09
226	;	20,9622	;	11415015473,0000	;	28/01/09
227	;	20,2939	;	11411248573,0000	;	29/01/09
228	;	20,0199	;	11407792873,0000	;	30/01/09
231	;	19,4149	;	11404444273,0000	;	02/02/09
232	;	19,6974	;	11407618273,0000	;	03/02/09
233	;	20,0580	;	11413907673,0000	;	04/02/09
234	;	20,9143	;	11418499773,0000	;	05/02/09
235	;	22,4050	;	11426595173,0000	;	06/02/09
238	;	22,0623	;	11422984973,0000	;	09/02/09
239	;	21,2055	;	11415533773,0000	;	10/02/09
240	;	21,1626	;	11411103873,0000	;	11/02/09
241	;	20,9743	;	11408010273,0000	;	12/02/09
242	;	21,8481	;	11410845573,0000	;	13/02/09
245	;	21,7624	;	11402278873,0000	;	16/02/09
246	;	20,4770	;	11394995473,0000	;	17/02/09
247	;	20,3063	;	11390571573,0000	;	18/02/09
248	;	20,1172	;	11386113273,0000	;	19/02/09
249	;	19,5345	;	11380227373,0000	;	20/02/09
254	;	19,3206	;	11374827173,0000	;	25/02/09
255	;	19,3636	;	11378857573,0000	;	26/02/09
256	;	19,0208	;	11373984373,0000	;	27/02/09
259	;	18,0036	;	11369000573,0000	;	02/03/09
260	;	17,9177	;	11364181673,0000	;	03/03/09
261	;	18,9981	;	11370200173,0000	;	04/03/09
262	;	18,8609	;	11361136273,0000	;	05/03/09
263	;	19,1183	;	11367424773,0000	;	06/03/09
266	;	18,8921	;	11363489273,0000	;	09/03/09
267	;	20,0877	;	11368342073,0000	;	10/03/09
268	;	20,1301	;	11373188773,0000	;	11/03/09
269	;	20,6501	;	11379298473,0000	;	12/03/09
270	;	20,7795	;	11383804373,0000	;	13/03/09
273	;	20,8752	;	11390007173,0000	;	16/03/09
274	;	21,3342	;	11395790373,0000	;	17/03/09
275	;	22,0007	;	11402489873,0000	;	18/03/09
276	;	21,4378	;	11394976173,0000	;	19/03/09
277	;	21,1262	;	11391580473,0000	;	20/03/09
280	;	23,1610	;	11400808873,0000	;	23/03/09
281	;	22,3294	;	11394716273,0000	;	24/03/09
282	;	22,4077	;	11401941473,0000	;	25/03/09
283	;	23,1171	;	11407025773,0000	;	26/03/09
284	;	23,0310	;	11402311273,0000	;	27/03/09
287	;	22,3643	;	11396750173,0000	;	30/03/09
288	;	22,2085	;	11388713873,0000	;	31/03/09
289	;	22,5670	;	11394747373,0000	;	01/04/09
290	;	23,6496	;	11403851273,0000	;	02/04/09
291	;	24,2560	;	11412253973,0000	;	03/04/09
294	;	24,4984	;	11418630473,0000	;	06/04/09
295	;	24,5509	;	11424772873,0000	;	07/04/09
296	;	24,5155	;	11417632873,0000	;	08/04/09
297	;	25,3388	;	11427067673,0000	;	09/04/09
298	;	25,3388	;	11427067673,0000	;	10/04/09
301	;	25,1657	;	11420593273,0000	;	13/04/09
302	;	23,9873	;	11412394373,0000	;	14/04/09
303	;	23,9873	;	11412394373,0000	;	15/04/09
304	;	24,6803	;	11420547673,0000	;	16/04/09
305	;	24,5155	;	11415405473,0000	;	17/04/09
308	;	23,6327	;	11410345073,0000	;	20/04/09
310	;	23,2251	;	11401083973,0000	;	22/04/09
311	;	24,1695	;	11408566273,0000	;	23/04/09
312	;	24,7670	;	11414240873,0000	;	24/04/09
315	;	23,9096	;	11410001773,0000	;	27/04/09
316	;	24,4294	;	11416246673,0000	;	28/04/09
317	;	26,0579	;	11425725773,0000	;	29/04/09
318	;	26,3352	;	11433894273,0000	;	30/04/09
322	;	27,7623	;	11440771273,0000	;	04/05/09
323	;	28,4464	;	11448824273,0000	;	05/05/09
324	;	28,1256	;	11437783773,0000	;	06/05/09
325	;	25,9960	;	11426704373,0000	;	07/05/09
326	;	26,2987	;	11437036773,0000	;	08/05/09
329	;	25,6145	;	11429286673,0000	;	11/05/09
330	;	25,1994	;	11421797473,0000	;	12/05/09
331	;	24,5327	;	11415076473,0000	;	13/05/09
332	;	24,8527	;	11421318473,0000	;	14/05/09
333	;	24,5843	;	11415413873,0000	;	15/05/09
336	;	25,7708	;	11422091573,0000	;	18/05/09
337	;	25,5020	;	11416205173,0000	;	19/05/09
338	;	26,0045	;	11425788573,0000	;	20/05/09
339	;	25,9697	;	11421057273,0000	;	21/05/09
340	;	26,3073	;	11426112273,0000	;	22/05/09
343	;	26,3249	;	11427796973,0000	;	25/05/09
344	;	27,3205	;	11437216673,0000	;	26/05/09
345	;	27,4417	;	11444660173,0000	;	27/05/09
346	;	27,7106	;	11451524673,0000	;	28/05/09
347	;	27,6236	;	11438434573,0000	;	29/05/09
350	;	28,3858	;	11445323973,0000	;	01/06/09
351	;	28,0306	;	11439325973,0000	;	02/06/09
352	;	27,3642	;	11432347173,0000	;	03/06/09
353	;	27,7105	;	11436457673,0000	;	04/06/09
354	;	27,4766	;	11431582473,0000	;	05/06/09
357	;	27,5368	;	11435011273,0000	;	08/06/09
358	;	27,1909	;	11431896173,0000	;	09/06/09
359	;	27,2945	;	11435837673,0000	;	10/06/09
361	;	27,7272	;	11440672473,0000	;	12/06/09
364	;	26,7749	;	11435522773,0000	;	15/06/09
365	;	26,6104	;	11431209173,0000	;	16/06/09
366	;	26,4634	;	11425819173,0000	;	17/06/09
367	;	26,0993	;	11422153373,0000	;	18/06/09
368	;	26,4980	;	11427042673,0000	;	19/06/09
371	;	26,3076	;	11422029873,0000	;	22/06/09
372	;	25,7622	;	11414542073,0000	;	23/06/09
373	;	25,7622	;	11414542073,0000	;	24/06/09
374	;	26,3508	;	11418781173,0000	;	25/06/09
375	;	26,7663	;	11425064173,0000	;	26/06/09
378	;	27,2945	;	11430093973,0000	;	29/06/09
379	;	26,9305	;	11423869873,0000	;	30/06/09
380	;	26,9394	;	11429613373,0000	;	01/07/09
381	;	26,8791	;	11424695973,0000	;	02/07/09
382	;	26,6711	;	11422916773,0000	;	03/07/09
385	;	26,8444	;	11426495173,0000	;	06/07/09
386	;	26,4200	;	11420481173,0000	;	07/07/09
387	;	26,2815	;	11409900973,0000	;	08/07/09
389	;	25,9784	;	11404640473,0000	;	10/07/09
392	;	25,9784	;	11404640473,0000	;	13/07/09
393	;	25,7012	;	11397696773,0000	;	14/07/09
394	;	26,7750	;	11403890473,0000	;	15/07/09
395	;	27,1908	;	11408895073,0000	;	16/07/09
396	;	27,0608	;	11404296673,0000	;	17/07/09
399	;	28,2036	;	11411483173,0000	;	20/07/09
400	;	28,2296	;	11416420573,0000	;	21/07/09
401	;	28,3081	;	11423190773,0000	;	22/07/09
402	;	29,4336	;	11434933873,0000	;	23/07/09
403	;	29,5201	;	11439406173,0000	;	24/07/09
406	;	29,3991	;	11436228773,0000	;	27/07/09
407	;	29,3553	;	11432506873,0000	;	28/07/09
408	;	28,9658	;	11428958173,0000	;	29/07/09
409	;	29,2344	;	11433053073,0000	;	30/07/09
410	;	29,0957	;	11428719173,0000	;	31/07/09
413	;	29,4422	;	11432644973,0000	;	03/08/09
414	;	29,7024	;	11438108073,0000	;	04/08/09
415	;	30,2998	;	11444795073,0000	;	05/08/09
416	;	30,0486	;	11439658473,0000	;	06/08/09
417	;	30,9229	;	11446833573,0000	;	07/08/09
420	;	31,2434	;	11450444673,0000	;	10/08/09
421	;	29,9618	;	11441030573,0000	;	11/08/09
422	;	29,7369	;	11435839573,0000	;	12/08/09
423	;	29,3732	;	11430595473,0000	;	13/08/09
424	;	28,9228	;	11425004673,0000	;	14/08/09
427	;	28,2298	;	11421446073,0000	;	17/08/09
428	;	29,2257	;	11426701473,0000	;	18/08/09
429	;	29,6151	;	11430340473,0000	;	19/08/09
430	;	30,0052	;	11434003973,0000	;	20/08/09
431	;	29,7885	;	11428242073,0000	;	21/08/09
434	;	30,0588	;	11432725973,0000	;	24/08/09
435	;	30,4329	;	11438824273,0000	;	25/08/09
436	;	31,0952	;	11445730173,0000	;	26/08/09
437	;	30,8601	;	11441146473,0000	;	27/08/09
438	;	30,8338	;	11436942173,0000	;	28/08/09
441	;	30,6403	;	11431604473,0000	;	31/08/09
442	;	29,7495	;	11424874073,0000	;	01/09/09
443	;	29,6632	;	11419693173,0000	;	02/09/09
444	;	29,5192	;	11416728473,0000	;	03/09/09
445	;	30,2668	;	11420714773,0000	;	04/09/09
449	;	30,6595	;	11426170273,0000	;	08/09/09
450	;	31,0426	;	11431016773,0000	;	09/09/09
451	;	31,2250	;	11435240673,0000	;	10/09/09
452	;	31,5604	;	11439156773,0000	;	11/09/09
455	;	31,6176	;	11442568973,0000	;	14/09/09
456	;	32,0872	;	11447507173,0000	;	15/09/09
457	;	32,5183	;	11452384473,0000	;	16/09/09
458	;	32,5279	;	11459580373,0000	;	17/09/09
459	;	32,7195	;	11464703073,0000	;	18/09/09
462	;	32,4799	;	11460777973,0000	;	21/09/09
463	;	32,6238	;	11465116573,0000	;	22/09/09
464	;	32,0872	;	11461316273,0000	;	23/09/09
465	;	31,7615	;	11456395473,0000	;	24/09/09
466	;	31,9338	;	11459335273,0000	;	25/09/09
469	;	32,6429	;	11462492873,0000	;	28/09/09
470	;	33,7254	;	11472651273,0000	;	29/09/09
471	;	34,2046	;	11483602073,0000	;	30/09/09
472	;	34,3601	;	11493040073,0000	;	01/10/09
473	;	34,5039	;	11503773773,0000	;	02/10/09
476	;	35,1748	;	11509581073,0000	;	05/10/09
477	;	34,6954	;	11500831873,0000	;	06/10/09
478	;	33,5932	;	11491344673,0000	;	07/10/09
479	;	34,1684	;	11499126573,0000	;	08/10/09
480	;	34,5039	;	11503192173,0000	;	09/10/09
484	;	34,5998	;	11508698573,0000	;	13/10/09
485	;	35,5582	;	11515964973,0000	;	14/10/09
486	;	35,4142	;	11511448173,0000	;	15/10/09
487	;	35,0788	;	11505392673,0000	;	16/10/09
490	;	35,4814	;	11510569373,0000	;	19/10/09
491	;	34,7914	;	11499305573,0000	;	20/10/09
492	;	34,5039	;	11493374373,0000	;	21/10/09
493	;	35,1748	;	11498386073,0000	;	22/10/09
494	;	34,8391	;	11491916173,0000	;	23/10/09
497	;	34,7914	;	11487737573,0000	;	26/10/09
498	;	33,8904	;	11482793573,0000	;	27/10/09
499	;	31,6286	;	11473882773,0000	;	28/10/09
500	;	33,6701	;	11479505873,0000	;	29/10/09
501	;	32,1075	;	11470618973,0000	;	30/10/09
505	;	33,8069	;	11479125973,0000	;	03/11/09
506	;	34,9001	;	11486867973,0000	;	04/11/09
507	;	35,1875	;	11491734073,0000	;	05/11/09
508	;	35,0340	;	11487842173,0000	;	06/11/09
511	;	35,8108	;	11494096873,0000	;	09/11/09
512	;	36,2709	;	11499873473,0000	;	10/11/09
513	;	36,2900	;	11504955473,0000	;	11/11/09
514	;	35,2357	;	11499252073,0000	;	12/11/09
515	;	36,4148	;	11504944973,0000	;	13/11/09
518	;	36,6735	;	11509649273,0000	;	16/11/09
519	;	36,8942	;	11513502773,0000	;	17/11/09
520	;	36,4341	;	11509663573,0000	;	18/11/09
521	;	35,5613	;	11506237573,0000	;	19/11/09
525	;	36,3282	;	11512135173,0000	;	23/11/09
526	;	36,5202	;	11515495273,0000	;	24/11/09
527	;	37,1913	;	11519813073,0000	;	25/11/09
528	;	35,9736	;	11516798373,0000	;	26/11/09
529	;	36,1944	;	11520141173,0000	;	27/11/09
532	;	36,3859	;	11526763273,0000	;	30/11/09
533	;	37,7405	;	11533780573,0000	;	01/12/09
534	;	38,1719	;	11539366973,0000	;	02/12/09
535	;	37,7405	;	11535446773,0000	;	03/12/09
536	;	37,6925	;	11529806773,0000	;	04/12/09
539	;	38,4120	;	11534121573,0000	;	07/12/09
540	;	38,2200	;	11530460673,0000	;	08/12/09
541	;	38,2103	;	11526661173,0000	;	09/12/09
542	;	38,4023	;	11529913073,0000	;	10/12/09
543	;	38,3640	;	11526492873,0000	;	11/12/09
546	;	38,1529	;	11521653973,0000	;	14/12/09
547	;	38,4693	;	11524742973,0000	;	15/12/09
548	;	37,9801	;	11520170173,0000	;	16/12/09
549	;	36,9442	;	11513556073,0000	;	17/12/09
550	;	36,9057	;	11509877373,0000	;	18/12/09
553	;	36,5892	;	11505923573,0000	;	21/12/09
554	;	36,6276	;	11509565273,0000	;	22/12/09
555	;	36,3208	;	11505554373,0000	;	23/12/09
560	;	36,3496	;	11508301073,0000	;	28/12/09
561	;	37,0308	;	11510670973,0000	;	29/12/09
562	;	37,1075	;	11514741773,0000	;	30/12/09
567	;	38,6683	;	11520134573,0000	;	04/01/10
568	;	38,9189	;	11524047473,0000	;	05/01/10
569	;	38,5815	;	11519219673,0000	;	06/01/10
570	;	38,1863	;	11514681473,0000	;	07/01/10
571	;	37,6081	;	11510242473,0000	;	08/01/10
574	;	37,2804	;	11504074773,0000	;	11/01/10
575	;	36,9334	;	11499827973,0000	;	12/01/10
576	;	37,0492	;	11504318073,0000	;	13/01/10
577	;	36,5384	;	11499723673,0000	;	14/01/10
578	;	35,9215	;	11492301573,0000	;	15/01/10
581	;	36,2395	;	11494455773,0000	;	18/01/10
582	;	36,1432	;	11489630873,0000	;	19/01/10
583	;	35,1891	;	11483543173,0000	;	20/01/10
584	;	34,5431	;	11473592173,0000	;	21/01/10
585	;	34,9383	;	11479290073,0000	;	22/01/10
589	;	35,0251	;	11484704373,0000	;	26/01/10
590	;	34,5238	;	11479632273,0000	;	27/01/10
591	;	35,5551	;	11485357073,0000	;	28/01/10
592	;	34,8227	;	11479687373,0000	;	29/01/10
595	;	35,4900	;	11484168573,0000	;	01/02/10
596	;	35,9622	;	11488723973,0000	;	02/02/10
597	;	35,8081	;	11485179773,0000	;	03/02/10
598	;	34,4295	;	11479898273,0000	;	04/02/10
599	;	33,5521	;	11470891473,0000	;	05/02/10
602	;	33,4555	;	11465585673,0000	;	08/02/10
603	;	34,9498	;	11474472773,0000	;	09/02/10
604	;	35,1429	;	11479273973,0000	;	10/02/10
605	;	35,7599	;	11483686273,0000	;	11/02/10
606	;	35,7502	;	11479818373,0000	;	12/02/10
611	;	36,5216	;	11484088773,0000	;	17/02/10
612	;	36,6370	;	11489243273,0000	;	18/02/10
613	;	36,0588	;	11486239073,0000	;	19/02/10
616	;	35,6733	;	11482713673,0000	;	22/02/10
617	;	35,0791	;	11479383673,0000	;	23/02/10
618	;	34,6894	;	11475470073,0000	;	24/02/10
619	;	34,6796	;	11471772273,0000	;	25/02/10
620	;	35,5564	;	11478500673,0000	;	26/02/10
623	;	35,6267	;	11482305873,0000	;	01/03/10
624	;	36,2017	;	11486578873,0000	;	02/03/10
625	;	36,2017	;	11486578873,0000	;	03/03/10
626	;	36,1528	;	11483822373,0000	;	04/03/10
627	;	36,3477	;	11488065473,0000	;	05/03/10
630	;	36,3281	;	11484883673,0000	;	08/03/10
631	;	36,7766	;	11490634473,0000	;	09/03/10
632	;	36,9324	;	11495821973,0000	;	10/03/10
633	;	37,0300	;	11498675273,0000	;	11/03/10
634	;	36,4356	;	11495698073,0000	;	12/03/10
637	;	36,6498	;	11498350573,0000	;	15/03/10
638	;	36,8836	;	11501339173,0000	;	16/03/10
639	;	36,5426	;	11497809473,0000	;	17/03/10
640	;	36,2501	;	11492868573,0000	;	18/03/10
641	;	36,1042	;	11488133873,0000	;	19/03/10
644	;	36,6399	;	11492673973,0000	;	22/03/10
645	;	36,3379	;	11489907473,0000	;	23/03/10
646	;	35,5681	;	11485635473,0000	;	24/03/10
647	;	35,9968	;	11489456273,0000	;	25/03/10
648	;	36,6399	;	11493423773,0000	;	26/03/10
651	;	37,1857	;	11497964173,0000	;	29/03/10
652	;	37,5659	;	11502393973,0000	;	30/03/10
653	;	38,0042	;	11507822973,0000	;	31/03/10
654	;	38,2110	;	11512324273,0000	;	01/04/10
658	;	38,4547	;	11515139173,0000	;	05/04/10
659	;	37,9673	;	11511553073,0000	;	06/04/10
660	;	37,6261	;	11507460773,0000	;	07/04/10
661	;	38,9713	;	11513757873,0000	;	08/04/10
662	;	39,0883	;	11518545273,0000	;	09/04/10
665	;	38,5521	;	11514617773,0000	;	12/04/10
666	;	38,4352	;	11511481773,0000	;	13/04/10
667	;	38,6496	;	11516403073,0000	;	14/04/10
668	;	38,5911	;	11511743673,0000	;	15/04/10
669	;	37,3823	;	11506288773,0000	;	16/04/10
672	;	36,9534	;	11501507273,0000	;	19/04/10
673	;	37,2850	;	11505068973,0000	;	20/04/10
675	;	36,9437	;	11499391673,0000	;	22/04/10
676	;	36,9925	;	11503117173,0000	;	23/04/10
679	;	36,5149	;	11499641273,0000	;	26/04/10
680	;	35,2964	;	11494714973,0000	;	27/04/10
681	;	36,1933	;	11499244273,0000	;	28/04/10
682	;	36,8463	;	11504410573,0000	;	29/04/10
683	;	36,7411	;	11497809773,0000	;	30/04/10
686	;	36,8580	;	11502122273,0000	;	03/05/10
687	;	35,8828	;	11495508173,0000	;	04/05/10
688	;	35,7660	;	11489641473,0000	;	05/05/10
689	;	35,3369	;	11481953273,0000	;	06/05/10
690	;	35,2394	;	11473903473,0000	;	07/05/10
693	;	36,7508	;	11478168273,0000	;	10/05/10
694	;	36,2434	;	11474663573,0000	;	11/05/10
695	;	36,1756	;	11469792073,0000	;	12/05/10
696	;	35,6392	;	11467142573,0000	;	13/05/10
697	;	35,0542	;	11463190773,0000	;	14/05/10
700	;	35,0053	;	11458364373,0000	;	17/05/10
701	;	34,1181	;	11452547773,0000	;	18/05/10
702	;	32,3726	;	11437213573,0000	;	19/05/10
703	;	32,0315	;	11429035973,0000	;	20/05/10
704	;	32,6651	;	11435995873,0000	;	21/05/10
707	;	32,0996	;	11429996473,0000	;	24/05/10
708	;	31,3098	;	11406621673,0000	;	25/05/10
709	;	32,3628	;	11427771873,0000	;	26/05/10
710	;	32,9480	;	11437998073,0000	;	27/05/10
711	;	32,7627	;	11431056573,0000	;	28/05/10
714	;	33,8354	;	11436596273,0000	;	31/05/10
715	;	33,1640	;	11430801973,0000	;	01/06/10
716	;	34,1006	;	11435313473,0000	;	02/06/10
718	;	33,4080	;	11431081373,0000	;	04/06/10
721	;	32,3937	;	11426844473,0000	;	07/06/10
722	;	32,9789	;	11430361673,0000	;	08/06/10
723	;	32,6764	;	11427163173,0000	;	09/06/10
724	;	33,5546	;	11430404473,0000	;	10/06/10
725	;	34,0518	;	11433724073,0000	;	11/06/10
728	;	33,5056	;	11430616973,0000	;	14/06/10
729	;	34,3248	;	11433516873,0000	;	15/06/10
730	;	34,4324	;	11439604673,0000	;	16/06/10
731	;	34,2761	;	11435355773,0000	;	17/06/10
732	;	34,4324	;	11439937873,0000	;	18/06/10
735	;	34,5786	;	11443285273,0000	;	21/06/10
736	;	34,4324	;	11439321673,0000	;	22/06/10
737	;	34,5981	;	11444120073,0000	;	23/06/10
738	;	33,5056	;	11438261173,0000	;	24/06/10
739	;	33,7494	;	11442620373,0000	;	25/06/10
742	;	33,6616	;	11439870773,0000	;	28/06/10
743	;	32,2767	;	11433164873,0000	;	29/06/10
744	;	31,7011	;	11424360973,0000	;	30/06/10
745	;	33,1666	;	11436497473,0000	;	01/07/10
746	;	33,4790	;	11440424573,0000	;	02/07/10
749	;	32,6690	;	11438241773,0000	;	05/07/10
750	;	33,4497	;	11443927573,0000	;	06/07/10
751	;	35,4110	;	11453417573,0000	;	07/07/10
752	;	36,2014	;	11466505773,0000	;	08/07/10
756	;	36,3282	;	11472526773,0000	;	12/07/10
757	;	36,4453	;	11478383973,0000	;	13/07/10
758	;	36,1819	;	11473999673,0000	;	14/07/10
759	;	36,1039	;	11469551273,0000	;	15/07/10
760	;	35,1963	;	11464527473,0000	;	16/07/10
763	;	36,0061	;	11468068973,0000	;	19/07/10
764	;	36,3086	;	11474339573,0000	;	20/07/10
765	;	36,1916	;	11469420073,0000	;	21/07/10
766	;	37,1771	;	11476191073,0000	;	22/07/10
767	;	37,5675	;	11480186073,0000	;	23/07/10
770	;	37,6553	;	11483300673,0000	;	26/07/10
771	;	37,5675	;	11478784473,0000	;	27/07/10
772	;	38,4456	;	11487516773,0000	;	28/07/10
773	;	38,4748	;	11492475873,0000	;	29/07/10
774	;	38,6308	;	11499205173,0000	;	30/07/10
777	;	38,7600	;	11504994173,0000	;	02/08/10
778	;	37,5788	;	11496362973,0000	;	03/08/10
779	;	36,9346	;	11488276973,0000	;	04/08/10
780	;	37,0028	;	11494089873,0000	;	05/08/10
781	;	37,4324	;	11498645273,0000	;	06/08/10
784	;	37,5788	;	11501746173,0000	;	09/08/10
785	;	37,4030	;	11498208673,0000	;	10/08/10
786	;	36,8103	;	11493750573,0000	;	11/08/10
787	;	36,9871	;	11496825473,0000	;	12/08/10
788	;	37,0461	;	11499548373,0000	;	13/08/10
791	;	37,2230	;	11503060073,0000	;	16/08/10
792	;	37,4684	;	11506707173,0000	;	17/08/10
793	;	37,3800	;	11501580373,0000	;	18/08/10
794	;	36,9379	;	11497748873,0000	;	19/08/10
795	;	36,8594	;	11494792573,0000	;	20/08/10
798	;	36,6040	;	11492237973,0000	;	23/08/10
799	;	35,9753	;	11487995573,0000	;	24/08/10
800	;	35,9555	;	11482517773,0000	;	25/08/10
801	;	35,0616	;	11476564773,0000	;	26/08/10
802	;	36,5450	;	11484619673,0000	;	27/08/10
805	;	36,1030	;	11479937173,0000	;	30/08/10
806	;	37,1540	;	11494069573,0000	;	31/08/10
807	;	37,6475	;	11503648973,0000	;	01/09/10
808	;	37,2443	;	11499336373,0000	;	02/09/10
809	;	37,1954	;	11495667573,0000	;	03/09/10
812	;	36,8514	;	11494861273,0000	;	06/09/10
814	;	36,8024	;	11490265673,0000	;	08/09/10
815	;	36,6253	;	11487412773,0000	;	09/09/10
816	;	36,5468	;	11484754673,0000	;	10/09/10
819	;	37,8341	;	11491089573,0000	;	13/09/10
820	;	38,3746	;	11497104773,0000	;	14/09/10
821	;	38,6005	;	11501640573,0000	;	15/09/10
822	;	38,2273	;	11499152373,0000	;	16/09/10
823	;	38,0305	;	11495463273,0000	;	17/09/10
826	;	38,3255	;	11499629173,0000	;	20/09/10
827	;	37,7261	;	11495163573,0000	;	21/09/10
828	;	37,9816	;	11500892273,0000	;	22/09/10
829	;	38,2764	;	11510609973,0000	;	23/09/10
830	;	37,9816	;	11502371873,0000	;	24/09/10
833	;	38,0305	;	11505691273,0000	;	27/09/10
834	;	38,3746	;	11510433273,0000	;	28/09/10
835	;	39,0724	;	11518437773,0000	;	29/09/10
836	;	39,7701	;	11527831873,0000	;	30/09/10
837	;	40,1142	;	11534485873,0000	;	01/10/10
840	;	40,1633	;	11538289873,0000	;	04/10/10
841	;	41,1662	;	11545945973,0000	;	05/10/10
842	;	40,8024	;	11539197873,0000	;	06/10/10
843	;	40,8812	;	11543667873,0000	;	07/10/10
844	;	41,7757	;	11549697873,0000	;	08/10/10
847	;	41,4612	;	11547392273,0000	;	11/10/10
849	;	41,9430	;	11554961273,0000	;	13/10/10
850	;	41,6383	;	11548182773,0000	;	14/10/10
851	;	42,0510	;	11553443173,0000	;	15/10/10
854	;	42,2773	;	11558122173,0000	;	18/10/10
855	;	41,4316	;	11553059773,0000	;	19/10/10
856	;	41,8347	;	11556684373,0000	;	20/10/10
857	;	41,3039	;	11552061973,0000	;	21/10/10
858	;	41,6773	;	11556619473,0000	;	22/10/10
861	;	41,7856	;	11561718273,0000	;	25/10/10
862	;	41,6871	;	11555797473,0000	;	26/10/10
863	;	40,8418	;	11546659173,0000	;	27/10/10
864	;	40,4483	;	11541315273,0000	;	28/10/10
865	;	40,8024	;	11545930073,0000	;	29/10/10
868	;	41,5813	;	11552448473,0000	;	01/11/10
870	;	41,4535	;	11543074273,0000	;	03/11/10
871	;	42,3878	;	11551203873,0000	;	04/11/10
872	;	42,7713	;	11554810873,0000	;	05/11/10
875	;	42,8107	;	11557449073,0000	;	08/11/10
876	;	41,6599	;	11550231073,0000	;	09/11/10
877	;	42,1418	;	11555889773,0000	;	10/11/10
878	;	41,3060	;	11551760673,0000	;	11/11/10
879	;	41,3060	;	11551760673,0000	;	12/11/10
883	;	40,4699	;	11545804173,0000	;	16/11/10
884	;	40,4208	;	11542675173,0000	;	17/11/10
885	;	40,8241	;	11546856473,0000	;	18/11/10
886	;	41,2371	;	11551718573,0000	;	19/11/10
889	;	40,5979	;	11548493573,0000	;	22/11/10
890	;	39,5258	;	11541092273,0000	;	23/11/10
891	;	39,8700	;	11550136773,0000	;	24/11/10
892	;	39,8012	;	11547939273,0000	;	25/11/10
893	;	39,4374	;	11543320573,0000	;	26/11/10
896	;	38,9456	;	11535876573,0000	;	29/11/10
897	;	38,6013	;	11526891973,0000	;	30/11/10
898	;	39,3609	;	11534006273,0000	;	01/12/10
899	;	39,4987	;	11538940873,0000	;	02/12/10
900	;	38,8887	;	11532561373,0000	;	03/12/10
903	;	38,5346	;	11528208673,0000	;	06/12/10
904	;	38,6623	;	11532272373,0000	;	07/12/10
905	;	38,2983	;	11526632773,0000	;	08/12/10
906	;	37,7671	;	11518922273,0000	;	09/12/10
907	;	37,7671	;	11518922273,0000	;	10/12/10
910	;	37,8754	;	11524820173,0000	;	13/12/10
911	;	38,0426	;	11530792873,0000	;	14/12/10
912	;	37,8261	;	11524296073,0000	;	15/12/10
913	;	37,5212	;	11517468973,0000	;	16/12/10
914	;	37,8754	;	11522279073,0000	;	17/12/10
917	;	37,0491	;	11516552473,0000	;	20/12/10
918	;	37,9049	;	11521593273,0000	;	21/12/10
919	;	38,7903	;	11528749373,0000	;	22/12/10
920	;	38,6919	;	11524581473,0000	;	23/12/10
924	;	38,0229	;	11522116473,0000	;	27/12/10
925	;	38,0032	;	11519426773,0000	;	28/12/10
926	;	38,8494	;	11523048873,0000	;	29/12/10
927	;	39,1445	;	11527651173,0000	;	30/12/10
931	;	39,2482	;	11532211273,0000	;	03/01/11
932	;	39,5648	;	11537987373,0000	;	04/01/11
933	;	40,1582	;	11543516973,0000	;	05/01/11
934	;	39,2087	;	11535745773,0000	;	06/01/11
935	;	38,2494	;	11528797373,0000	;	07/01/11
938	;	38,5560	;	11533575973,0000	;	10/01/11
939	;	38,7933	;	11539119273,0000	;	11/01/11
940	;	39,8121	;	11544718973,0000	;	12/01/11
941	;	38,9416	;	11540753273,0000	;	13/01/11
942	;	39,1791	;	11545817673,0000	;	14/01/11
945	;	38,6251	;	11542693573,0000	;	17/01/11
946	;	38,1306	;	11533503573,0000	;	18/01/11
947	;	37,7151	;	11526372673,0000	;	19/01/11
948	;	36,7953	;	11514377973,0000	;	20/01/11
949	;	36,8052	;	11520423073,0000	;	21/01/11
952	;	37,0722	;	11523618473,0000	;	24/01/11
954	;	36,5479	;	11519030673,0000	;	26/01/11
955	;	36,6964	;	11526478273,0000	;	27/01/11
956	;	35,8952	;	11516809973,0000	;	28/01/11
959	;	35,2028	;	11509382573,0000	;	31/01/11
960	;	35,7193	;	11516258473,0000	;	01/02/11
961	;	35,3829	;	11508588573,0000	;	02/02/11
962	;	35,0168	;	11503828273,0000	;	03/02/11
963	;	34,0471	;	11493739873,0000	;	04/02/11
966	;	34,3934	;	11499628073,0000	;	07/02/11
967	;	35,4225	;	11506905673,0000	;	08/02/11
968	;	34,5914	;	11500550073,0000	;	09/02/11
969	;	34,3934	;	11492550673,0000	;	10/02/11
970	;	35,7292	;	11499845673,0000	;	11/02/11
973	;	35,9963	;	11504806273,0000	;	14/02/11
974	;	36,6296	;	11513032973,0000	;	15/02/11
975	;	37,4508	;	11522512573,0000	;	16/02/11
976	;	37,8070	;	11532015173,0000	;	17/02/11
977	;	37,6389	;	11527139673,0000	;	18/02/11
980	;	37,0551	;	11523680973,0000	;	21/02/11
981	;	36,2437	;	11513560773,0000	;	22/02/11
982	;	36,4218	;	11522281973,0000	;	23/02/11
983	;	36,0854	;	11510620173,0000	;	24/02/11
984	;	35,9271	;	11501173273,0000	;	25/02/11
987	;	36,6098	;	11511047473,0000	;	28/02/11
988	;	35,8299	;	11505976873,0000	;	01/03/11
989	;	35,9585	;	11512820173,0000	;	02/03/11
990	;	36,8394	;	11517855573,0000	;	03/03/11
991	;	36,9582	;	11522087273,0000	;	04/03/11
996	;	36,2100	;	11519160773,0000	;	09/03/11
997	;	34,8200	;	11508149573,0000	;	10/03/11
998	;	35,6800	;	11518080573,0000	;	11/03/11
