0.00000
0.00000
29.40000
55.36750
80.34380
100.00000
40.66030
36.27950
10.99720
10.62540
0.00000
0.00000
0.00000
34.61940
6.66190
50.74950
43.21960
56.13330
71.18250
65.25770
57.69810
38.06020
27.48930
27.48930
35.04150
50.15340
45.33670
28.33440
22.92490
66.67010
85.42690
100.00000
100.00000
85.12400
54.06030
13.60120
8.18080
0.00000
4.81190
0.00000
0.00000
12.16400
0.00000
0.00000
0.00000
1.75460
0.00000
0.71050
27.22700
0.00000
17.93300
1.63800
0.00000
26.52570
44.19930
32.74360
0.00000
0.00000
0.00000
47.92700
66.14780
55.31930
53.65550
63.66570
68.87700
42.91420
15.57000
10.03150
0.00000
5.69880
65.77920
100.00000
100.00000
89.22970
69.43480
97.12730
100.00000
100.00000
90.55030
100.00000
100.00000
94.49460
80.02370
59.86420
71.42680
68.01710
75.50510
65.47230
70.52430
82.80760
92.71380
98.90130
96.10850
56.87170
23.42560
24.27690
55.83080
100.00000
100.00000
100.00000
80.05030
51.54310
44.65260
82.42040
61.74870
50.36190
46.79500
32.54780
30.07220
0.00000
16.03870
25.39930
0.00000
0.00000
0.00000
0.00000
1.53400
37.55050
10.68420
0.00000
0.00000
0.00000
0.00000
0.00000
3.01460
0.00000
22.34290
21.39900
13.82050
20.45060
25.18140
54.64680
41.95470
61.02520
85.17030
40.61230
75.56270
72.49620
51.52800
0.00000
58.07430
96.51500
88.66590
32.30230
0.00000
15.56630
58.15140
45.18550
30.37820
0.00000
0.00000
0.00000
14.71110
26.71480
30.15340
28.70420
53.28810
75.42950
82.59350
57.71070
43.05830
95.46650
100.00000
86.82890
65.63110
65.82630
45.79500
9.98730
14.99910
0.00000
0.00000
27.68180
40.95970
35.42240
0.00000
36.63780
0.00000
31.99170
89.54180
65.62770
77.60380
79.88250
99.49100
97.86220
23.30850
97.86220
89.68290
17.75260
0.00000
0.00000
0.00000
0.00000
0.00000
0.00000
32.95780
45.34160
24.11220
15.42940
12.45710
30.58910
38.09370
0.00000
0.00000
0.00000
0.00000
24.64020
36.56340
47.05300
48.80830
53.46530
99.17890
88.77570
67.34600
74.07850
55.76090
52.26440
30.65740
49.37910
26.22770
31.02130
10.04550
7.65400
0.00000
21.82840
32.75540
71.56980
73.17240
100.00000
100.00000
98.28030
100.00000
100.00000
100.00000
100.00000
96.18050
84.89480
66.37970
64.56470
26.29570
49.66230
34.24720
37.67110
32.52510
26.13010
0.00000
0.00000
0.00000
24.54570
47.00400
86.29170
100.00000
83.01780
66.03570
88.68040
82.54180
53.29350
5.18100
47.15490
18.85310
20.75720
0.00000
11.23320
3.74440
0.00000
31.39440
40.69490
54.66160
34.69520
49.18240
27.07440
51.78100
46.80920
77.98490
90.77290
70.89610
59.56400
73.04270
19.98270
49.47510
39.97780
0.00000
0.00000
27.10530
40.88820
65.74560
76.26100
60.96490
0.00000
19.68860
82.05680
23.05170
51.62670
38.44890
100.00000
100.00000
100.00000
100.00000
97.31960
100.00000
100.00000
100.00000
88.10460
100.00000
86.31720
86.34610
100.00000
100.00000
90.05870
95.43440
100.00000
100.00000
100.00000
97.34140
94.42030
53.49150
28.20280
28.20280
28.71320
23.34640
33.33650
68.75000
69.18940
50.88960
41.97290
78.56750
81.30640
62.07630
85.22490
100.00000
71.41480
100.00000
100.00000
100.00000
67.48640
77.60560
78.83170
64.41760
41.83470
70.58320
57.93740
92.14010
100.00000
85.01440
60.93270
52.29450
52.29450
99.43510
97.19450
100.00000
82.92120
100.00000
100.00000
69.49170
100.00000
74.40580
92.53790
76.73010
86.04330
88.36240
29.62650
0.00000
0.00000
0.00000
27.02720
0.00000
0.93140
0.00000
64.21000
59.06840
68.36010
60.82420
69.98310
100.00000
100.00000
100.00000
88.12410
51.35120
51.35120
29.74430
29.74430
0.00000
72.31570
72.31570
76.93830
100.00000
100.00000
95.05950
100.00000
100.00000
100.00000
100.00000
86.44270
100.00000
95.89480
100.00000
100.00000
100.00000
71.22420
72.62190
75.70530
74.35200
75.45790
100.00000
94.25820
61.99000
83.67770
100.00000
100.00000
100.00000
100.00000
100.00000
100.00000
100.00000
100.00000
79.46070
61.16600
50.44450
62.50680
95.79000
100.00000
100.00000
100.00000
94.06210
100.00000
100.00000
100.00000
100.00000
100.00000
92.79250
100.00000
85.25000
77.46640
87.94610
100.00000
100.00000
100.00000
81.91780
64.60880
82.44520
63.38870
28.17330
53.99590
83.58070
83.58070
100.00000
100.00000
87.03730
57.04230
62.59010
27.03900
27.78420
49.99590
25.92530
13.70370
0.00000
0.00000
38.67880
20.93820
37.35630
57.57680
66.43650
59.43720
96.20190
100.00000
97.09740
95.89040
100.00000
98.01190
98.01190
71.81080
65.40130
55.52050
54.62380
51.37460
52.57970
0.00000
32.59920
39.23100
29.84300
11.60870
18.13030
7.01780
100.00000
78.01570
52.74050
54.93040
64.82760
89.00180
89.00180
43.02440
0.00000
9.10180
0.00000
0.00000
3.07210
3.07210
0.00000
40.48670
51.29070
35.09360
37.25560
37.78130
57.82550
100.00000
77.26500
100.00000
65.04760
24.39290
25.20240
65.04760
0.00000
0.00000
8.39190
0.00000
0.00000
1.89700
20.91270
93.16500
100.00000
75.40080
57.37650
11.48180
22.94560
69.17750
93.43590
100.00000
85.01700
81.56140
89.18430
90.06490
86.54390
73.07380
81.73590
82.50400
90.33840
97.69340
67.21640
21.11230
18.67670
73.38600
17.53600
86.67890
100.00000
95.80130
68.48200
76.81970
100.00000
81.59880
52.87590
13.79480
28.74730
13.79480
12.84430
25.57880
34.50780
61.07380
55.77460
74.34280
67.71530
94.28130
100.00000
93.30340
100.00000
100.00000
100.00000
86.18300
67.63500
87.09330
56.82580
31.65150
10.76460
0.00000
12.57730
10.47870
0.00000
26.23080
51.11380
50.65990
32.19130
0.00000
5.98090
0.00000
0.00000
36.97180
11.75610
10.07920
0.00000
0.00000
16.41780
7.16370
0.00000
0.00000
27.50100
20.18560
18.59950
27.47470
48.08480
37.33240
41.48500
33.81460
94.87340
100.00000
77.32970
85.23120
69.41720
94.64470
100.00000
100.00000
84.70480
93.99420
85.79940
84.70480
100.00000
100.00000
72.99570
56.00130
42.49910
17.49260
0.00000
0.00000
41.94250
51.38670
45.83430
63.89240
86.11340
84.44710
87.22610
100.00000
96.04310
100.00000
79.90230
87.00940
84.55980
81.71540
100.00000
100.00000
83.00450
56.43300
100.00000
100.00000
100.00000
96.95760
64.26090
52.85300
77.86990
91.80380
100.00000
80.49300
49.99480
82.50130
87.00050
71.43070
60.71160
44.28470
6.90880
37.83540
21.28240
0.00000
0.00000
0.00000
2.45010
0.00000
31.02990
69.11990
52.34450
35.42250
26.60100
29.37680
29.89210
17.61160
74.43480
94.31890
100.00000
94.27650
76.56380
100.00000
100.00000
100.00000
100.00000
79.47480
98.42060
100.00000
100.00000
100.00000
100.00000
100.00000
100.00000
97.16990
84.49380
100.00000
100.00000
100.00000
88.57120
98.72860
90.90860
71.25120
83.45050
40.62100
42.85390
50.89040
66.51140
55.35620
6.24560
0.00000
33.14050
59.41750
100.00000
92.02310
83.50750
39.36770
37.76800
32.98510
39.89550
42.55630
37.23470
60.64320
63.83720
9.23040
0.00000
17.21950
25.77070
28.04410
47.39100
33.01150
79.33930
64.42830
17.03730
0.00000
0.00000
0.00000
0.00000
0.00000
11.30260
10.61890
6.84780
0.00000
0.00000
0.00000
14.53360
33.33200
64.88120
56.89400
72.11240
96.72750
100.00000
98.75160
100.00000
100.00000
87.05670
52.38070
54.69370
63.40870
95.45070
68.06520
82.35090
51.25700
58.25730
14.56190
0.00000
0.00000
22.76910
21.37180
21.37180
0.00000
0.00000
6.48110
0.00000
0.00000
0.00000
5.21770
23.89180
0.00000
5.42370
51.37070
57.87820
100.00000
100.00000
94.03210
91.34380
77.01550
47.31170
48.82030
45.80320
41.88090
59.38030
35.24320
39.28270
27.48920
31.21650
0.00000
0.00000
5.88540
