377.924200
329.519400
283.115500
247.612400
227.189900
228.251900
221.321500
207.697200
181.237800
147.570200
106.796200
57.817000
-12.706400
-72.245100
-138.356100
-178.404900
-204.123900
-211.299100
-196.979300
-184.303400
-176.142700
-179.214200
-193.271400
-213.037100
-231.629700
-241.543800
-244.815000
-249.752000
-251.041600
-235.893300
-204.894600
-154.295700
-83.256600
-10.045300
45.903800
68.703000
66.782400
47.385900
20.148700
-16.701000
-65.360800
-111.748600
-160.998900
-214.259100
-270.627300
-324.201800
-383.061400
-440.909100
-485.047300
-533.957800
-574.966200
-614.013000
-652.970400
-678.596300
-686.497000
-687.797600
-694.998100
-719.278500
-755.382800
-775.146200
-774.197000
-763.097600
-747.598100
-724.698500
-694.738800
-670.091000
-658.792800
-657.034200
-669.967400
-687.973900
-686.119100
-657.375300
-611.140200
-558.852200
-511.381800
-458.265400
-386.732300
-304.545800
-224.376600
-116.161300
24.091000
171.432800
300.806200
399.625000
483.080000
548.824000
604.499200
641.899400
671.219500
702.875600
737.980500
775.004400
808.863500
824.690800
815.772600
790.218100
763.594500
758.855600
768.464500
804.811600
842.809300
862.607400
864.185900
873.108700
872.787000
858.429600
832.103700
789.903000
736.982400
667.845900
598.496700
535.857400
463.125900
386.840700
297.172600
198.298100
99.338500
23.430800
-48.435400
-120.728300
-196.982600
-291.026100
-399.180900
-514.604700
-624.983800
-734.607000
-820.805600
-886.584500
-939.367600
-974.494100
-991.195300
-980.596200
-961.057000
-930.285600
-891.028500
-859.902800
-823.022200
-783.517800
-748.954200
-733.143400
-710.734700
-672.167800
-626.334200
-593.887400
-586.369900
-587.995900
-578.796700
-566.597400
-557.117900
-559.494300
-578.035400
-612.328300
-645.382600
-668.026100
-679.580900
-683.484700
-674.887800
-648.750200
-608.740200
-570.412200
-541.509800
-502.927800
-448.582200
-391.605800
-343.784600
-300.647700
-265.198200
-245.098600
-233.798900
-235.339100
-250.411300
-262.669000
-267.155200
-267.904200
-291.983400
-310.626700
-349.721400
-384.237100
-387.009700
-381.827800
-367.222200
-345.697800
-312.178200
-272.862600
-261.730100
-237.864100
-210.071300
-210.097000
-244.417600
-316.134100
-420.527300
-548.281800
-699.405400
-864.324300
-988.639400
-1064.211500
-1127.889200
-1188.311400
-1244.289100
-1271.591300
-1279.273000
-1304.898400
-1347.998700
-1401.239000
-1468.831200
-1517.885000
-1539.288000
-1529.950400
-1496.880300
-1453.244200
-1372.115400
-1275.412300
-1185.089800
-1096.811800
-1023.809400
-964.127500
-927.722000
-893.577600
-860.942100
-826.853700
-801.183000
-781.366400
-790.173100
-800.018500
-803.054800
-783.543800
-748.335000
-701.408000
-648.006400
-592.525100
-536.640100
-478.172100
-404.597700
-305.358200
-197.506600
-98.205300
-18.684200
44.992600
85.194100
118.495300
140.076200
154.201000
160.520800
159.236600
140.809300
112.267400
78.633900
52.647100
37.037700
32.470200
46.416200
66.233000
83.646400
104.977100
125.621700
136.037400
125.329900
113.763900
93.851100
70.080900
31.504700
-10.316200
-54.673000
-101.578400
-136.382700
-158.186200
-165.429000
-170.423200
-172.678600
-178.682900
-180.606300
-182.445000
-177.736000
-166.308800
-154.707000
-145.425600
-135.180500
-129.704400
-123.423500
-117.918800
-119.575000
-127.280000
-134.124000
-137.759200
-135.267400
-127.213900
-118.031100
-118.784900
-122.947900
-120.838300
-122.130600
-121.604500
-121.363600
-112.950900
-98.220700
-77.716600
-50.453300
-20.842600
14.725900
59.500700
111.600600
161.120500
221.356400
278.385100
330.068100
382.394500
438.115600
487.832500
532.426000
582.780800
639.384600
707.707700
776.766200
839.353000
871.042400
872.833900
853.807100
821.205700
783.304600
747.483700
725.087000
711.469600
696.675700
677.540600
666.652500
659.702000
647.341600
634.133300
630.046600
621.457300
621.425800
628.320600
658.976500
686.521200
713.737000
738.249600
751.499700
747.559800
743.227800
731.942200
729.613800
735.471000
738.836800
734.529400
721.863500
702.970800
691.416600
682.913300
682.990600
681.392500
683.054000
692.583200
694.806600
704.445300
708.856200
713.645000
711.996000
707.596800
700.817400
681.413900
647.911100
605.148900
551.079100
498.563300
440.450600
381.120500
320.296400
278.777100
249.481700
230.525400
216.520300
208.276200
210.001000
217.400800
228.900600
238.720500
236.736400
226.929100
206.523300
180.058600
150.786900
134.329500
126.443600
124.914900
132.151900
148.061500
167.069200
194.615400
232.752300
276.421800
324.197400
365.617900
408.854300
448.183400
488.386700
532.749400
587.859500
631.367600
665.334100
691.447300
711.097800
726.058200
744.046600
759.417300
760.133800
758.067000
757.673600
761.498900
766.019100
769.135300
773.328200
781.662600
793.250100
806.180100
810.844100
802.355300
780.784200
754.247400
735.317900
726.774300
729.979400
742.463500
756.550800
778.200600
810.860500
852.748400
901.298700
952.439000
995.911200
1038.329000
1066.403200
1079.282600
1085.566100
1091.832900
1103.506300
1124.965000
1140.492000
1144.133600
1145.166900
1136.133500
1107.846800
1074.397400
1046.117900
1020.174300
1002.219400
1002.355500
1006.484400
998.927500
984.322000
949.977600
903.182100
857.625700
803.900600
741.280500
660.664400
542.631500
435.685200
326.748200
234.078600
168.502900
122.942300
87.693800
78.615000
91.132000
114.585600
142.688500
187.170800
237.696600
288.817300
322.493800
339.115000
343.392000
342.273600
335.878900
326.183100
304.906500
285.345200
268.976200
252.381000
231.164800
209.091800
184.413400
170.410700
160.548600
150.098900
139.759100
131.047300
126.677800
124.982200
119.705800
94.784600
60.807700
17.006200
-31.615000
-79.752000
-124.881600
-166.365300
-192.072200
-203.197800
-208.498200
-208.818600
-205.394900
-196.835900
-181.688700
-166.451000
-146.040800
-129.392600
-122.974100
-122.879300
-119.323400
-126.498700
-146.579000
-171.183200
-208.186600
-253.749300
-300.979400
-338.803500
-340.262800
-309.310200
-269.908200
-234.686600
-223.809300
-223.147400
-207.837900
-172.890300
-118.032200
-60.885800
-6.908600
46.213100
96.770500
141.256400
173.145100
199.016100
219.672900
239.038300
259.490600
273.392500
278.674000
277.339200
277.311400
271.149100
268.679300
272.563400
278.990700
282.132600
284.046100
288.076900
290.141500
286.453200
273.582600
256.966100
236.332900
213.606300
191.925000
173.880000
161.684000
152.827200
148.301800
145.621400
146.937100
150.949700
155.339800
171.211800
196.529400
227.523500
256.138800
276.631000
295.644800
305.995800
304.376600
291.461300
267.369000
239.655200
210.124200
165.839400
123.171500
91.977200
69.241800
45.573400
0.478700
-53.097000
-115.577600
-182.822100
-235.777700
-285.562200
-330.689800
-375.091800
-428.893400
-476.434700
-521.187800
-574.730200
-639.664200
-693.551400
-739.661100
-777.568900
-802.275100
-805.580100
-802.064100
-791.251300
-779.381000
-749.724800
-706.919800
-663.115800
-617.152600
-575.462100
-529.469700
-479.835800
-420.208600
-360.786900
-301.189500
-246.211600
-196.749300
-137.999400
-75.259500
-21.427600
18.817900
44.234300
51.227400
29.281900
-22.794500
-67.755600
-100.524500
-126.759600
-137.247700
-124.698200
-99.018600
-64.694900
-16.595900
35.343300
93.654600
140.083700
180.747000
213.717600
242.114100
278.211300
322.769000
362.935200
392.028200
430.222600
471.138100
520.390500
569.872400
602.377900
616.542300
627.833800
640.527000
657.521600
668.817300
665.053800
660.523000
655.638400
647.130700
633.024600
611.159700
576.147800
540.078200
500.422600
453.118100
402.454500
339.203600
271.382900
194.966300
128.973000
87.678400
56.102700
25.002200
-8.258200
-40.646600
-70.517300
-101.273800
-115.259000
-112.327200
-94.681800
-70.205400
-47.824300
-18.079400
18.016500
62.333200
121.606600
176.725300
235.320200
294.036200
358.129000
429.983200
511.166600
595.433300
680.206600
757.445300
817.336200
871.309000
919.107200
981.045800
1038.256600
1094.465300
1139.932200
1164.485800
1179.628600
1171.682900
1147.766300
1115.293000
1082.074400
1043.779500
994.123600
933.778900
876.823100
829.678500
802.822800
785.938200
771.910600
745.708500
711.086800
669.949400
627.399500
585.539600
543.411700
508.969400
480.915500
449.432400
394.805900
334.524700
275.919800
220.975800
174.780600
131.844500
106.535600
88.988500
63.070800
22.936600
-25.150700
-83.000600
-150.180500
-221.684400
-286.467500
-343.314000
-393.151200
-439.781000
-482.984800
-529.607800
-566.906200
-589.625000
-594.660000
-590.008000
-579.126400
-560.281100
-529.524900
-492.019900
-449.075900
-396.860700
-345.068600
-307.314900
-278.851900
-251.221500
-216.317200
-183.233800
-149.927000
-123.741600
-100.733300
-87.786600
-84.949300
-90.619400
-96.695500
-102.956400
-108.765100
-123.852100
-153.141700
-187.253400
-227.202700
-273.262200
-338.429800
-408.543800
-468.935000
-530.368000
-585.514400
-611.331500
-613.025200
-588.160200
-530.348200
-456.878600
-377.822900
-306.138300
-257.830600
-225.324500
-205.499600
-196.279700
-184.483800
-184.047000
-186.637600
-184.850100
-178.700100
-182.020100
-204.096100
-233.576900
