15375314249
15371083449
15373817649
15376944249
15380302049
15382993649
15381091549
15378933849
15376094449
15370980649
15367734049
15364888049
15361839649
15365043949
15360561849
15363970349
15360475749
15363600449
15367622849
15363822849
15359871249
15355992249
15352771549
15352771549
15354908149
15357486149
15361073549
15358099849
15359496349
15361080549
15365473249
15368907749
15372679949
15369768449
15365427349
15350572349
15341793649
15338358449
15344174849
15338476949
15332464049
15336912749
15333672049
15324765849
15321981349
15327956349
15324035049
15328944449
15334435149
15331853149
15334937549
15330980549
15328325749
15330147549
15332422549
15325660149
15322341149
15313855949
15307915649
15316272149
15321454649
15317827149
15314573249
15317217749
15319581349
15316648949
15310058149
15307606049
15302778149
15307243749
15313413349
15318554549
15325704549
15322594149
15318607049
15320973849
15326751649
15331190249
15328216949
15336608249
15348166549
15342179549
15337771749
15332247649
15334983349
15332232549
15334583849
15331684749
15339382049
15345632149
15348903049
15352433149
15350161749
15347534049
15345116849
15346191349
15348992749
15355499849
15360097149
15369611149
15364933249
15361483649
15358658649
15361247449
15358793749
15355169249
15352717549
15348817649
15345840849
15343476749
15345493849
15349589749
15345908949
15345908949
15343991449
15342163649
15343856549
15349983549
15347763149
15342509349
15338075749
15328934849
15324154649
15320548249
15322582049
15320114949
15324611349
15320784449
15318153949
15321948049
15326441549
15331153649
15327286949
15330701149
15333080449
15328759049
15333466749
15329326149
15326670749
15323219549
15325544449
15328990349
15326121149
15321535849
15318073649
15321060549
15323554749
15321215049
15318951749
15316037449
15311785149
15305368649
15307426249
15311203449
15313781749
15310973449
15313334949
15315811649
15318715549
15317163849
15314681949
15317370249
15325866249
15324207649
15322965049
15325610549
15321346149
15318249049
15321712249
15318253349
15314882249
15317448849
15319873649
15318096849
15315243049
15319050649
15315482149
15320053749
15324255549
15322068149
15325603849
15327960349
15330363349
15327853549
15324219949
15327336149
15323376749
15317579149
15313939849
15309240949
15305371949
15298629049
15294380649
15289674949
15294543649
15301284149
15297240849
15292638449
15290612149
15293094449
15291057449
15286909949
15282014749
15277967449
15273752049
15279115449
15286375149
15292421249
15297428449
15291784749
15306691449
15301156049
15296563049
15299891749
15293944049
15289578849
15282028149
15287227249
15282835549
15286148849
15281977449
15277302949
15266458049
15270666949
15274647349
15282125549
15283991949
15286193949
15286193949
15281019649
15284933449
15288000149
15293790249
15299774349
15294187049
15289630449
15286109549
15290758649
15287356249
15292682649
15286697149
15290548249
15288041049
15284553249
15282458349
15282458349
15282458349
15285294649
15288096249
15293357749
15297400249
15295592549
15289210949
15298821849
15294490749
15289289049
15283974749
15288085749
15283728249
15286482449
15281908149
15286778349
15282317849
15277336149
15283443249
15287597749
15292990649
15290467149
15292966249
15290296449
15293076049
15288422849
15291676249
15297242749
15293568949
15289106749
15291547349
15287746149
15291180749
15288830849
15284897649
15281181149
15286114649
15289355449
15292257149
15295923549
15293789649
15290223249
15293170149
15295657049
15292191349
15295117649
15293785849
15296266749
15300585049
15303617749
15306349049
15302790649
15307040349
15311442549
15317574649
15314161349
15319285949
15316602349
15319743349
15322493849
15325709749
15321902049
15326100749
15329658049
15334845049
15340492449
15334475149
15327391449
15305323249
15285166149
15285166149
15292886649
15303185349
15309078549
15314934149
15319490449
15316346549
15310265249
15315863749
15313082949
15308805149
15312288449
15316393249
15312176949
15316112549
15319057049
15325825449
15322411749
15325028449
15327451249
15324574149
15322340049
15325131449
15323913649
15326689249
15329669649
15326572349
15324452749
15322101049
15322101049
15324335749
15322003049
15324006849
15321534849
15323975849
15327498049
15324665349
15327444949
15324528749
15326313649
15324237949
15327203849
15329662249
15326917349
15324785449
15322371249
15320618749
15322915849
15321395449
15323562649
15320667449
15323282749
15321572949
15323061549
15320890749
15323536649
15326951249
15326951249
15328496749
15324058249
15321463249
15321463249
15319085349
15319085349
15319085349
15321973049
15321973049
15324099749
15327164749
15329300849
15327304849
15331356449
15333891949
15336216749
15338714149
15335724249
15338098949
15336038949
15338107949
15340418049
15345082449
15341595449
15345264049
15347074649
15349893649
15352574549
15356748149
15353595549
15351894249
15354142949
15356680249
15358467949
15358467949
15360805449
15363406549
15365638349
15368433249
15371439949
15367840849
15365050349
15362299549
15364889749
15367731849
15369443949
15372022949
15375015449
15371513549
15374776749
15378170149
15381769749
15387997149
15391442549
15388874549
15391632449
15388143849
15385618549
15387413849
15389192849
15392236449
15396976249
15393152649
15388157149
15391119349
15386732849
15382311249
15385481849
15387613849
15387613849
15390635749
15395047149
15392797549
15388387249
15392036749
15387622649
15390982849
15392791249
15390592349
15388760749
15385313349
15380169949
15384059249
15380326349
15384091249
15387452749
15387452749
15386361449
15389591149
15392193949
15389852349
15385225049
15388346349
15385872949
15385872949
15383178349
15380526849
15380526849
15383707249
15379840149
15382385749
15380542349
15382381449
15392585949
15387368849
15383525649
15385709249
15383681849
15386143349
15382841049
15379626549
15381774849
15384276049
15387480049
15387480049
15384285149
15379833349
15382308749
15380728949
15377836849
15379614349
15379614349
15378484049
15380577349
15384202049
15381137149
15383870249
15385412449
15387451349
15389864149
15387188149
15389662249
15387968949
15385766049
15386650049
15388288149
15384720849
15381473749
15383978949
15380195949
15377167449
15382053549
15385571249
15393446049
15398728749
15396088149
15393174349
15386825949
15390274249
15395428549
15398751749
15402571349
15399639849
15397209849
15400099749
15405143849
15401717449
15397671249
15401714349
15406769449
15409793049
15412855349
15409006949
15405382749
15403252949
15405109549
15401966149
15405474249
15409078149
15407243549
15405226749
15406607849
15408154949
15405918049
15403266949
15400592049
15402904749
15401854149
15399893549
15401961549
15403962149
15406236149
15404716949
15407496149
15403898549
15406164749
15409091949
15405779749
15409641449
15413152849
15418531749
15416604349
15409349849
15414340749
15410126049
15407937149
15405217449
15402186549
15405035549
15402807349
15399880249
15402952749
15405691349
15402553449
15400379349
15394232449
15397132649
15392569549
15389397349
15391818449
15389402849
15386687449
15384945749
15382145849
15385127749
15380859049
15376930149
15374157149
15377101049
15375107949
15370271749
15378578749
15382680549
15377993149
15379972249
15376992949
15379519449
15382826849
15380044749
15382324249
15380929849
15382573049
15384717349
15387252049
15384808249
15387320949
15384437449
15381581849
15385574949
15391195449
15386232849
15380366949
15376575949
15371045749
15363100049
15350975549
15382336449
15395303349
15387569749
15396703349
15412359149
15399625749
15406692649
15415721149
15410708349
15415246649
15411166749
15415178649
15410339849
15414592549
15423863749
15427242149
15423760649
15419412949
15425577249
15425577249
15429895349
15425779049
15421992749
15419174949
15422230249
15424671749
15430481049
15425994449
15421707349
15425606049
15429637349
15426061249
15421365749
15417372249
15414029349
15417437849
15415196549
15411644249
15411644249
15407267349
15414717049
15408789749
15414809649
15419818149
15416592949
15413284749
15412246249
15414525349
15416642049
15414220849
15417996449
15422291749
15425316049
15422646749
15419332649
15422148849
15428675949
15436628849
15446735949
15433772649
15437993549
15442693349
15447970249
15454227549
15460428049
15463790149
15468529149
15463043549
15458933449
15463452149
15466549149
15476415149
15469198749
15473530249
15468469849
15462970749
15467028649
15461905949
15464722449
15468602449
15473517549
15468752249
15465245749
15461302649
15464074149
15469340349
15474307949
15471530849
15468304349
15463092649
15459336249
15455560449
15461022049
15467210149
15463655049
15469516549
15472524149
15469915749
15462665749
15468609549
15470657749
15474577749
15478369849
15470629349
15475786949
15471175549
15464966949
15459994649
15455690749
15449151949
15442871149
15436958049
15441188249
15437778549
15434345949
15429632249
15426796049
15421307649
15425306649
15429942749
15433720049
15431309749
15429102249
15431623749
15435813549
15432500149
15436013449
15440128249
15435670349
15432017249
15435937449
15439387549
15442434149
15439228149
15443091249
15440655449
15443775449
15440240849
15431890549
15427459549
15430534049
15425028549
15425028549
15416533349
15409452049
15414071649
15410649649
15405274049
15395258949
15400419749
15409873149
15403520549
15410168949
15418110349
15423606349
15432331249
15443544749
15433945549
15428597149
15425490149
15415914049
15422672449
15416796649
15408749649
15415494249
15409540649
15414270549
15420018849
15423821149
15419226549
15410136349
15416594149
