0.089
0.907
0.805
0.234
0.159
0.931
0.728
0.306
0.088
0.647
0.382
0.047
0.242
0.425
0.276
0.388
0.478
0.816
0.664
0.384
0.879
0.050
0.960
0.685
0.640
0.168
0.503
0.756
0.859
0.603
0.796
0.345
0.575
0.727
0.185
0.686
0.112
0.524
0.225
0.885
0.305
0.513
0.069
0.542
0.288
0.179
0.599
0.668
0.111
0.773
0.194
0.007
0.824
0.494
0.129
0.977
0.946
0.650
0.894
0.109
0.128
0.045
0.062
0.983
0.622
0.746
0.027
0.343
0.574
0.733
0.329
0.254
0.806
0.250
0.209
0.503
0.105
0.120
0.287
0.662
0.782
0.803
0.348
0.571
0.899
0.185
0.952
0.994
0.202
0.331
0.024
0.649
0.578
0.987
0.583
0.723
0.359
0.836
0.352
0.053
0.606
0.080
0.636
0.898
0.227
0.988
0.018
0.189
0.850
0.533
0.708
0.928
0.800
0.012
0.536
0.776
0.326
0.478
0.623
0.106
0.756
0.104
0.157
0.158
0.750
0.824
0.744
0.178
0.910
0.079
0.841
0.342
0.155
0.406
0.564
0.600
0.986
0.635
0.698
0.780
0.240
0.458
0.766
0.053
0.568
0.411
0.926
0.366
0.922
0.904
0.664
0.009
0.795
0.065
0.802
0.111
0.885
0.745
0.110
0.926
0.927
0.138
0.587
0.003
0.218
0.953
0.757
0.846
0.060
0.089
0.921
0.572
0.232
0.044
0.720
0.496
0.875
0.060
0.812
0.059
0.576
0.608
0.868
0.192
0.996
0.356
0.593
0.854
0.129
0.273
0.946
0.611
0.285
0.364
0.050
0.101
0.147
0.859
0.953
0.207
0.023
0.265
0.898
0.118
0.013
0.016
0.796
0.929
0.093
0.095
0.041
0.192
0.635
0.241
0.889
0.243
0.430
0.356
0.966
0.125
0.207
0.228
0.424
0.462
0.678
0.889
0.396
0.008
0.746
0.927
0.791
0.486
0.619
0.531
0.865
0.764
0.488
0.188
0.031
0.613
0.888
0.122
0.703
0.961
0.351
0.773
0.091
0.506
0.825
0.705
0.728
0.275
0.996
0.718
0.519
0.618
0.713
0.820
0.011
0.599
0.599
0.252
0.487
0.666
0.964
0.618
0.480
0.634
0.216
0.265
0.893
0.182
0.419
0.921
0.659
0.675
0.078
0.720
0.855
0.363
0.330
0.522
0.494
0.432
0.456
0.023
0.577
0.518
0.663
0.900
0.813
0.142
0.353
0.386
0.846
0.172
0.167
0.013
0.374
0.441
0.734
0.799
0.975
0.476
0.119
0.691
0.661
0.580
0.607
0.828
0.667
0.491
0.679
0.787
0.852
0.017
0.931
0.117
0.554
0.306
0.563
0.130
0.921
0.802
0.320
0.251
0.649
0.854
0.591
0.033
0.282
0.944
0.505
0.388
0.842
0.785
0.390
0.372
0.603
0.445
0.078
0.987
0.025
0.363
0.619
0.933
0.450
0.021
0.998
0.242
0.389
0.208
0.615
0.524
0.473
0.736
0.248
0.051
0.742
0.610
0.677
0.649
0.351
0.179
0.242
0.078
0.848
0.731
0.230
0.089
0.699
0.009
0.098
0.742
0.158
0.394
0.286
0.088
0.038
0.205
0.959
0.742
0.524
0.341
0.166
0.177
0.507
0.745
0.698
0.215
0.756
0.744
0.003
0.839
0.853
0.873
0.230
0.573
0.947
0.958
0.119
0.713
0.682
0.801
0.372
0.523
0.454
0.234
0.047
0.413
0.627
0.807
0.964
0.256
0.250
0.023
0.544
0.570
0.619
0.650
0.102
0.734
0.227
0.797
0.990
0.011
0.233
0.143
0.943
0.606
0.843
0.132
0.465
0.974
0.270
0.082
0.549
0.213
0.701
0.681
0.831
0.001
0.869
0.700
0.143
0.530
0.034
0.130
0.169
0.293
0.192
0.219
0.795
0.150
0.233
0.364
0.320
0.932
0.888
0.443
0.038
0.845
0.832
0.357
0.359
0.689
0.967
0.394
0.309
0.908
0.462
0.746
0.313
0.952
0.128
0.684
0.070
0.998
0.433
0.827
0.116
0.162
0.788
0.381
0.145
0.486
0.505
0.278
0.036
0.444
0.974
0.540
0.135
0.253
0.176
0.069
0.106
0.994
0.444
0.435
0.981
0.582
0.729
0.461
0.498
0.805
0.739
0.479
0.898
0.605
0.116
0.566
0.123
0.474
0.388
0.643
0.506
0.082
0.664
0.305
0.617
0.968
0.075
0.643
0.491
0.686
0.300
0.063
0.038
0.382
0.186
0.163
0.004
0.480
0.125
0.339
0.956
0.182
0.451
0.015
0.813
0.654
0.063
0.812
0.488
0.089
0.387
0.412
0.722
0.377
0.470
0.013
0.361
0.931
0.889
0.027
0.157
0.926
0.977
0.532
0.159
0.062
0.589
0.921
0.846
0.588
0.891
0.332
0.183
0.320
0.602
0.976
0.671
0.490
0.201
0.474
0.685
0.865
0.387
0.646
0.045
0.631
0.949
0.236
0.805
0.087
0.593
0.236
0.664
0.447
0.603
0.488
0.392
0.690
0.174
0.321
0.203
0.860
0.937
0.166
0.426
0.206
0.989
0.620
0.490
0.077
0.400
0.840
0.204
0.928
0.055
0.884
0.541
0.939
0.367
0.578
0.589
0.166
0.597
0.038
0.933
0.875
0.628
0.723
0.375
0.370
0.772
0.025
0.922
0.366
0.211
0.789
0.143
0.971
0.412
0.135
0.632
0.804
0.396
0.419
0.926
0.512
0.548
0.040
0.032
0.667
0.268
0.340
0.286
0.731
0.224
0.706
0.568
0.280
0.489
0.848
0.770
0.672
0.397
0.098
0.299
0.837
0.603
0.015
0.531
0.616
0.864
0.098
0.593
0.230
0.924
0.860
0.586
0.974
0.084
0.820
0.119
0.149
0.628
0.808
0.961
0.844
0.586
0.871
0.677
0.194
0.014
0.875
0.291
0.895
0.703
0.420
0.160
0.467
0.996
0.737
0.942
0.619
0.810
0.930
0.546
0.810
0.987
0.679
0.874
0.148
0.095
0.185
0.422
0.853
0.016
0.158
0.682
0.065
0.089
0.890
0.498
0.422
0.500
0.047
0.287
0.231
0.694
0.977
0.461
0.594
0.252
0.472
0.746
0.250
0.940
0.783
0.077
0.321
0.424
0.569
0.624
0.886
0.325
0.607
0.529
0.936
0.334
0.376
0.792
0.768
0.597
0.819
0.086
0.934
0.410
0.685
0.241
0.863
0.101
0.356
0.485
0.524
0.967
0.410
0.530
0.164
0.514
0.787
0.305
0.524
0.107
0.589
0.895
0.867
0.690
0.999
0.785
0.784
0.188
0.018
0.516
0.933
0.344
0.052
0.423
0.904
0.854
0.215
0.061
0.557
0.819
0.634
0.178
0.418
0.308
0.157
0.775
0.909
0.303
0.958
0.701
0.026
0.488
0.260
0.658
0.317
0.488
0.924
0.535
0.750
0.196
0.505
0.018
0.024
0.831
0.219
0.733
0.535
0.375
0.164
0.768
0.831
0.306
0.992
0.282
0.599
0.009
0.694
0.666
0.885
0.373
0.029
0.550
0.918
0.260
0.642
0.734
0.016
0.407
0.947
0.499
0.882
0.861
0.905
0.130
0.044
0.194
0.442
0.176
0.186
0.136
0.023
0.523
0.357
0.348
0.551
0.112
0.928
0.631
0.664
0.176
0.388
0.286
0.912
0.775
0.028
0.306
0.456
0.962
0.196
0.327
0.165
0.556
0.755
0.793
0.654
0.734
0.216
0.864
0.505
0.118
0.153
0.610
0.331
0.172
0.982
0.863
0.550
0.171
0.306
0.101
0.660
0.869
0.944
0.717
0.557
0.466
0.058
0.376
0.407
0.793
0.520
0.291
0.482
0.832
0.710
0.814
0.096
0.813
0.576
0.141
0.719
0.530
0.866
0.621
0.606
0.421
0.909
0.097
0.655
0.992
0.224
0.335
0.226
0.488
0.556
0.527
0.924
0.873
0.921
0.501
0.370
0.722
0.887
0.668
0.494
0.239
0.558
0.874
0.839
0.138
0.441
0.585
0.741
0.423
0.582
0.129
0.568
0.607
0.441
0.949
0.619
0.103
0.143
0.711
0.697
0.641
0.211
0.123
0.486
0.449
0.882
0.161
0.100
0.898
0.440
0.174
0.386
0.872
0.949
0.138
0.530
0.005
0.223
0.733
0.540
0.060
0.364
0.830
0.768
0.067
0.330
0.007
0.349
0.796
0.633
0.240
0.174
0.396
0.914
0.993
0.469
0.120
0.315
0.109
0.106
0.903
0.731
0.277
0.213
0.648
0.446
0.683
0.910
0.324
0.153
0.285
0.346
0.219
0.181
0.426
0.153
0.130
0.495
0.049
0.781
0.415
0.478
0.815
0.132
0.754
0.741
0.914
0.717
0.889
0.179
0.212
0.468
0.650
0.110
0.643
0.106
0.479
0.209
0.490
0.488
0.607
0.009
0.292
0.452
0.333
0.805
0.161
0.411
0.802
0.118
0.165
0.545
0.949
0.612
0.786
0.405
0.973
0.551
0.404
0.197
0.169
0.814
0.828
0.043
0.564
0.051
0.097
0.733
0.554
0.312
0.690
0.741
0.019
0.231
0.486
0.126
0.079
0.470
0.459
0.153
0.783
0.324
0.094
0.203
0.732
0.567
0.059
0.317
0.008
0.094
0.725
0.395
0.033
0.264
0.943
0.953
0.170
0.550
0.832
0.395
0.877
0.004
0.467
0.312
0.687
0.923
0.684
0.617
0.409
0.593
0.463
0.843
0.428
0.575
0.512
0.727
0.234
0.621
0.440
0.211
0.003
0.890
0.017
0.144
0.107
0.438
0.583
0.692
0.596
0.280
0.683
0.846
0.452
0.354
0.223
0.933
0.325
0.936
0.464
0.398
0.362
0.207
0.304
0.355
0.486
0.987
0.911
0.206
0.569
0.577
0.285
0.282
0.630
0.933
0.492
0.702
0.795
0.665
0.482
0.796
0.213
0.925
0.860
0.099
0.788
0.500
0.468
0.760
0.059
0.522
0.501
0.581
0.545
0.470
0.884
0.013
0.139
0.920
0.700
0.717
0.561
0.140
0.541
0.845
0.268
0.937
0.394
0.312
0.834
0.586
0.499
0.319
0.753
0.084
0.543
0.222
0.489
0.537
0.364
0.549
0.360
0.476
0.949
0.319
0.677
0.645
0.945
0.035
0.656
0.802
0.374
0.560
0.605
0.355
0.673
0.261
0.073
0.578
0.033
0.137
0.266
0.909
0.323
0.005
0.021
0.384
0.469
0.844
0.310
0.333
0.777
0.744
0.483
0.570
0.766
0.426
0.451
0.857
0.631
0.058
0.880
0.620
0.376
0.037
0.905
0.813
0.324
0.517
0.822
0.404
0.935
0.513
0.734
0.515
0.858
0.163
0.569
0.574
0.673
0.792
0.906
0.356
0.241
0.749
0.097
0.433
0.922
0.880
0.568
0.286
0.028
0.120
0.450
0.848
0.936
0.005
0.046
0.395
0.923
0.935
0.021
0.076
0.651
0.547
0.196
0.105
0.729
0.225
0.125
0.336
0.841
0.054
0.589
0.856
0.371
0.111
0.031
0.031
0.307
0.649
0.981
0.281
0.506
0.880
0.573
0.136
0.496
0.372
0.350
0.737
0.934
0.536
0.782
0.486
0.724
0.915
0.286
0.180
0.948
0.366
0.201
0.996
0.610
0.540
0.156
0.471
0.300
0.860
0.350
0.171
0.091
0.710
0.046
0.031
0.801
0.168
0.643
0.815
0.924
0.510
0.331
0.949
0.559
0.090
0.680
0.499
0.518
0.773
0.087
0.961
0.060
0.759
0.885
0.228
0.238
0.662
0.723
0.454
0.322
0.650
0.595
0.857
0.083
0.578
0.301
0.884
0.119
0.710
0.251
0.154
0.979
0.310
0.036
0.312
0.106
0.541
0.749
0.542
0.647
0.811
0.028
0.045
0.762
0.257
0.142
0.964
0.158
0.363
0.110
0.593
0.390
0.900
0.283
0.669
0.842
0.586
0.038
0.341
0.326
0.872
0.791
0.173
0.620
0.761
0.303
0.739
0.433
0.591
0.925
0.618
0.764
0.468
0.750
0.525
0.065
0.353
0.074
0.760
0.603
0.472
0.160
0.906
0.412
0.014
0.059
0.510
0.073
0.921
0.724
0.026
0.742
0.191
0.830
0.109
0.257
0.769
0.672
0.438
0.680
0.472
0.440
0.656
0.513
0.643
0.702
0.693
0.392
0.739
0.045
0.231
0.002
0.907
0.016
0.604
0.971
0.252
0.634
0.341
0.342
0.971
0.271
0.735
0.462
0.646
0.289
0.507
0.622
0.969
0.408
0.295
0.364
0.622
0.912
0.392
0.754
0.503
0.632
0.518
0.731
0.581
0.660
0.485
0.643
0.531
0.119
0.560
0.339
0.700
0.170
0.861
0.616
0.209
0.107
0.100
0.578
0.294
0.576
0.114
0.257
0.086
0.586
0.737
0.442
0.389
0.912
0.606
0.701
0.044
0.102
0.678
0.876
0.405
0.395
0.186
0.760
0.736
0.259
0.640
0.275
0.039
0.886
0.231
0.030
0.266
0.247
0.413
0.743
0.714
0.440
0.324
0.905
0.105
0.662
0.030
0.235
0.564
0.976
0.878
0.070
0.186
0.622
0.406
0.960
0.400
0.973
0.947
0.263
0.741
0.439
0.598
0.272
0.571
0.492
0.987
0.256
0.310
0.436
0.414
0.551
0.494
0.486
0.295
0.509
0.738
0.623
0.281
0.867
0.776
0.773
0.322
0.225
0.168
0.057
0.970
0.021
0.000
0.344
0.678
0.933
0.681
0.216
0.967
0.892
0.978
0.210
0.207
0.222
0.676
0.442
0.165
0.581
0.683
0.765
0.661
0.066
0.628
0.146
0.142
0.180
0.931
0.675
0.880
0.915
0.657
0.165
0.748
0.577
0.495
0.024
0.453
0.856
0.256
0.843
0.795
0.416
0.742
0.631
0.479
0.626
0.914
0.741
0.899
0.178
0.282
0.598
0.323
0.663
0.119
0.880
0.728
0.133
0.787
0.075
0.228
0.059
0.888
0.796
0.065
0.651
0.560
0.435
0.291
0.950
0.357
0.755
0.699
0.767
0.538
0.237
0.710
0.257
0.274
0.575
0.656
0.784
0.264
0.437
0.157
0.895
0.362
0.733
0.694
0.607
0.349
0.459
0.672
0.014
0.164
0.716
0.086
0.746
0.831
0.088
0.847
0.267
0.924
0.371
0.461
0.054
0.766
0.888
0.616
0.340
0.818
0.110
0.052
0.885
0.127
0.989
0.498
0.346
0.174
0.308
0.564
0.732
0.084
0.900
0.649
0.230
0.614
0.760
0.185
0.846
0.613
0.153
0.335
0.527
0.554
0.314
0.707
0.860
0.886
0.893
0.595
0.434
0.911
0.448
0.961
0.377
0.557
0.606
0.989
0.411
0.508
0.943
0.415
0.194
0.932
0.400
0.173
0.521
0.701
0.506
0.120
0.622
0.759
0.267
0.683
0.270
0.221
0.357
0.146
0.670
0.392
0.900
0.796
0.483
0.321
0.112
0.182
0.145
0.363
0.721
0.925
0.843
0.192
0.197
0.883
0.639
0.826
0.261
0.685
0.304
0.932
0.944
0.035
0.099
0.795
0.714
0.962
0.841
0.129
0.242
0.699
0.123
0.496
0.180
0.371
0.322
0.675
0.521
0.032
0.938
0.395
0.822
0.981
0.979
0.972
0.151
0.314
0.326
0.055
0.071
0.820
0.216
0.976
0.694
0.331
0.340
0.232
0.897
0.208
0.946
0.477
0.323
0.950
0.528
0.752
0.574
0.431
0.882
0.334
0.352
0.250
0.940
0.222
0.402
0.996
0.227
0.271
0.138
0.899
0.222
0.566
0.845
0.744
0.287
0.762
0.145
0.037
0.390
0.224
0.988
0.795
0.636
0.918
0.404
0.466
0.471
0.618
0.311
0.160
0.443
0.476
0.620
0.130
0.618
0.084
0.583
0.906
0.485
0.593
0.890
0.620
0.539
0.769
0.462
0.007
0.591
0.356
0.486
0.519
0.774
0.815
0.082
0.293
0.362
0.827
0.389
0.818
0.562
0.869
0.233
0.700
0.779
0.317
0.342
0.367
0.282
0.658
0.704
0.369
0.996
0.857
0.083
0.599
0.863
0.760
0.651
0.656
0.647
0.858
0.140
0.369
0.031
0.519
0.011
0.270
0.969
0.886
0.187
0.196
0.440
0.424
0.694
0.540
0.004
0.588
0.038
0.938
0.620
0.316
0.947
0.258
0.704
0.208
0.468
0.861
0.623
0.991
0.291
0.153
0.452
0.766
0.461
0.765
0.864
0.043
0.839
0.184
0.083
0.226
0.611
0.169
0.214
0.774
0.263
0.807
0.855
0.928
0.221
0.718
0.318
0.135
0.594
0.320
0.636
0.493
0.172
0.308
0.589
0.342
0.400
0.162
0.152
0.519
0.955
0.071
0.346
0.796
0.959
0.094
0.748
0.604
0.883
0.561
0.220
0.006
0.896
0.366
0.338
0.826
0.446
0.459
0.040
0.373
0.345
0.123
0.765
0.874
0.007
0.895
0.003
0.706
0.225
0.869
0.224
0.109
0.538
0.182
0.202
0.875
0.430
0.665
0.629
0.392
0.109
0.004
0.546
0.472
0.987
0.895
0.253
0.128
0.447
0.116
0.227
0.825
0.715
0.789
0.545
0.478
0.885
0.622
0.651
0.107
0.407
0.091
0.540
0.836
0.143
0.634
0.119
0.231
0.031
0.438
0.483
0.864
0.850
0.705
0.940
0.943
0.200
0.186
0.211
0.344
0.404
0.810
0.048
0.994
0.003
0.079
0.561
0.837
0.337
0.425
0.121
0.082
0.503
0.200
0.546
0.113
0.253
0.217
0.185
0.224
0.539
0.408
0.768
0.095
0.280
0.814
0.185
0.657
0.771
0.079
0.869
0.787
0.275
0.785
0.807
0.382
0.507
0.320
0.214
0.093
0.005
0.970
0.107
0.110
0.024
0.839
0.065
0.786
0.897
0.584
0.431
0.227
0.982
0.763
0.834
0.394
0.182
0.411
0.646
0.672
0.872
0.394
0.960
0.077
0.567
0.269
0.449
0.905
0.916
0.396
0.741
0.273
0.422
0.931
0.348
0.862
0.515
0.293
0.576
0.869
0.402
0.902
0.690
0.322
0.238
0.979
0.721
0.902
0.120
0.847
0.190
0.665
0.590
0.459
0.408
0.350
0.942
0.401
0.301
0.845
0.768
0.406
0.563
0.051
0.375
0.126
0.402
0.513
0.952
0.046
0.912
0.800
0.371
0.998
0.453
0.384
0.696
0.684
0.877
0.675
0.183
0.056
0.070
0.523
0.238
0.604
0.229
0.718
0.685
0.616
0.760
0.551
0.341
0.055
0.411
0.813
0.786
0.322
0.903
0.705
0.204
0.678
0.671
0.248
0.371
0.263
0.614
0.634
0.157
0.364
0.380
0.769
0.837
0.080
0.809
0.604
0.449
0.196
0.510
0.977
0.992
0.400
0.708
0.743
0.634
0.418
0.904
0.456
0.376
0.252
0.550
0.277
0.359
0.030
0.618
0.775
0.320
0.495
0.207
0.784
0.170
0.949
0.716
0.454
0.827
0.493
0.755
0.083
0.502
0.156
0.845
0.030
0.732
0.447
0.742
0.397
0.664
0.435
0.973
0.271
0.038
0.960
0.634
0.286
0.661
0.057
0.869
0.781
0.190
0.812
0.005
0.165
0.011
0.504
0.678
0.273
0.834
0.619
0.094
0.254
0.605
0.763
0.222
0.913
0.945
0.372
0.168
0.800
0.087
0.244
0.393
0.766
0.727
0.902
0.679
0.228
0.268
0.684
0.909
0.742
0.579
0.799
0.436
0.958
0.057
0.791
0.601
0.617
0.329
0.905
0.440
0.429
0.722
0.596
0.157
0.867
0.227
0.703
0.369
0.295
0.958
0.913
0.272
0.171
0.289
0.158
0.855
0.986
0.186
0.547
0.311
0.054
0.745
0.074
0.287
0.730
0.166
0.908
0.888
0.779
0.539
0.903
0.223
0.214
0.472
0.085
0.843
0.376
0.971
0.313
0.794
0.469
0.662
0.391
0.603
0.914
0.051
0.693
0.436
0.749
0.919
0.563
0.852
0.450
0.952
0.683
0.337
0.294
0.533
0.938
0.281
0.033
0.005
0.535
0.401
0.314
0.262
0.641
0.972
0.424
0.041
0.497
0.294
0.010
0.110
0.580
0.627
0.478
0.929
0.251
0.485
0.760
0.384
0.027
0.624
0.843
0.500
0.401
0.027
0.886
0.198
0.305
0.576
0.274
0.170
0.047
0.690
0.257
0.172
0.091
0.704
0.309
0.810
0.696
0.509
0.323
0.994
0.293
0.819
0.141
0.343
0.693
0.101
0.021
0.122
0.784
0.204
0.385
0.371
0.026
0.988
0.599
0.613
0.123
0.606
0.469
0.618
0.200
0.966
0.171
0.354
0.432
0.874
0.110
0.377
0.870
0.292
0.246
0.348
0.908
0.560
0.794
0.793
0.042
0.927
0.950
0.884
0.297
0.538
0.408
0.367
0.779
0.477
0.752
0.817
0.922
0.126
0.446
0.734
0.823
0.880
0.057
0.636
0.933
0.773
0.147
0.110
0.004
0.457
0.126
0.041
0.175
0.132
0.850
0.754
0.585
0.315
0.656
0.992
0.578
0.687
0.135
0.638
0.070
0.513
0.258
0.647
0.810
0.918
0.295
0.202
0.763
0.443
0.009
0.230
0.529
0.140
0.310
0.961
0.029
0.664
0.118
0.064
0.606
0.791
0.763
0.796
0.575
0.363
0.625
0.730
0.661
0.749
0.901
0.451
0.712
0.592
0.300
0.063
0.979
0.217
0.481
0.027
0.500
0.598
0.543
0.831
0.681
0.810
0.835
0.249
0.139
0.705
0.236
0.211
0.378
0.857
0.182
0.204
0.902
0.357
0.828
0.750
0.714
0.361
0.842
0.153
0.432
0.427
0.531
0.447
0.540
0.535
0.401
0.971
0.479
0.815
0.425
0.020
0.529
0.305
0.886
0.202
0.545
0.149
0.351
0.386
0.533
0.736
0.548
0.402
0.212
0.504
0.256
0.048
0.447
0.380
0.520
0.571
0.812
0.027
0.962
0.665
0.333
0.215
0.132
0.961
0.088
0.852
0.320
0.908
0.740
0.197
0.434
0.595
0.300
0.503
0.447
0.220
0.459
0.042
0.930
0.834
0.718
0.498
0.297
0.200
0.355
0.966
0.431
0.112
0.860
0.760
0.757
0.585
0.291
0.601
0.333
0.184
0.923
0.936
0.300
0.528
0.734
0.407
0.269
0.745
0.400
0.749
0.135
0.151
0.850
0.107
0.006
0.605
0.951
0.606
0.691
0.050
0.316
0.536
0.563
0.944
0.388
0.458
0.122
0.149
0.830
0.617
0.634
0.160
0.841
0.114
0.945
0.590
0.774
0.824
0.517
0.356
0.564
0.984
0.313
0.930
0.581
0.181
0.512
0.205
0.802
0.399
0.670
0.257
0.982
0.862
0.638
0.420
0.017
0.303
0.495
0.393
0.058
0.929
0.461
0.738
0.694
0.805
0.067
0.048
0.461
0.034
0.723
0.661
0.083
0.793
0.204
0.155
0.193
0.439
0.568
0.073
0.707
0.958
0.263
0.180
0.393
0.849
0.033
0.288
0.541
0.441
0.481
0.409
0.450
0.044
0.459
0.080
0.123
0.315
0.102
0.276
0.534
0.898
0.189
0.634
0.425
0.928
0.045
0.991
0.932
0.746
0.144
0.916
0.977
0.382
0.632
0.208
0.782
0.413
0.306
0.588
0.528
0.079
0.972
0.659
0.198
0.216
0.617
0.159
0.011
0.922
0.574
0.507
0.017
0.128
0.176
0.942
0.666
0.673
0.026
0.691
0.823
0.389
0.482
0.564
0.449
0.923
0.937
0.521
0.424
0.987
0.019
0.124
0.165
0.759
0.238
0.875
0.258
0.336
0.712
0.896
0.745
0.844
0.003
0.885
0.957
0.152
0.264
0.739
0.346
0.374
0.451
0.755
0.067
0.688
0.924
0.788
0.449
0.497
0.570
0.004
0.391
0.695
0.995
0.684
0.047
0.246
0.295
0.980
0.041
0.700
0.757
0.234
0.074
0.231
0.080
0.270
0.080
0.486
0.213
0.630
0.953
0.151
0.870
0.342
0.252
0.747
0.665
0.106
0.256
0.493
0.239
0.744
0.566
0.999
0.656
0.520
0.891
0.231
0.526
0.166
0.411
0.711
0.803
0.829
0.894
0.497
0.745
0.919
0.958
0.423
0.495
0.438
0.018
0.899
0.618
0.086
0.159
0.753
0.038
0.568
0.454
0.019
0.944
0.953
0.369
0.961
0.634
0.285
0.154
0.566
0.358
0.248
0.311
0.731
0.967
0.720
0.736
0.224
0.823
0.075
0.306
0.864
0.971
0.660
0.998
0.151
0.819
0.878
0.886
0.250
0.530
0.267
0.953
0.685
0.057
0.432
0.157
0.822
0.796
0.301
0.918
0.784
0.386
0.927
0.216
0.028
0.315
0.270
0.789
0.157
0.777
0.630
0.252
0.382
0.679
0.524
0.146
0.377
0.509
0.122
0.990
0.519
0.453
0.895
0.082
0.190
0.169
0.459
0.760
0.742
0.685
0.422
0.255
0.114
0.264
0.215
0.324
0.563
0.088
0.753
0.725
0.994
0.690
0.098
0.765
0.392
0.476
0.985
0.165
0.350
0.286
0.744
0.085
0.625
0.731
0.860
0.161
0.656
0.961
0.880
0.909
0.006
0.971
0.106
0.443
0.909
0.557
0.765
0.097
0.933
0.387
0.586
0.451
0.477
0.290
0.740
0.880
0.727
0.068
0.601
0.839
0.667
0.712
0.507
0.995
0.813
0.211
0.260
0.455
0.806
0.700
0.145
0.833
0.559
0.812
0.161
0.505
0.961
0.044
0.343
0.875
0.478
0.634
0.398
0.213
0.634
0.160
0.097
0.576
0.055
0.934
0.780
0.686
0.884
0.505
0.630
0.560
0.592
0.689
0.792
0.456
0.523
0.214
