0.974
0.331
0.653
0.523
0.323
0.410
0.079
0.471
0.260
0.956
0.447
0.865
0.669
0.327
0.455
0.946
0.399
0.225
0.278
0.400
0.238
0.668
0.765
0.399
0.359
0.167
0.609
0.964
0.093
0.228
0.688
0.708
0.665
0.913
0.751
0.564
0.126
0.606
0.474
0.695
0.738
0.416
0.920
0.797
0.528
0.201
0.985
0.632
0.915
0.278
0.220
0.072
0.407
0.656
0.314
0.280
0.266
0.799
0.443
0.867
0.301
0.511
0.351
0.623
0.442
0.879
0.696
0.257
0.247
0.940
0.419
0.260
0.096
0.479
0.865
0.993
0.647
0.317
0.310
0.300
0.855
0.609
0.253
0.799
0.952
0.575
0.567
0.319
0.366
0.006
0.034
0.345
0.373
0.490
0.050
0.493
0.600
0.115
0.052
0.294
0.778
0.891
0.655
0.771
0.272
0.075
0.796
0.871
0.361
0.787
0.254
0.698
0.890
0.081
0.936
0.994
0.666
0.993
0.904
0.576
0.800
0.400
0.515
0.691
0.653
0.475
0.076
0.183
0.465
0.192
0.499
0.475
0.665
0.444
0.119
0.317
0.732
0.783
0.334
0.861
0.818
0.096
0.228
0.734
0.022
0.650
0.449
0.614
0.552
0.563
0.071
0.775
0.131
0.806
0.708
0.712
0.289
0.608
0.166
0.821
0.193
0.496
0.013
0.542
0.172
0.171
0.452
0.369
0.104
0.208
0.183
0.050
0.085
0.395
0.529
0.469
0.955
0.624
0.937
0.377
0.696
0.835
0.424
0.304
0.987
0.084
0.845
0.748
0.520
0.808
0.873
0.804
0.998
0.059
0.778
0.509
0.336
0.160
0.615
0.782
0.662
0.167
0.010
0.831
0.737
0.022
0.215
0.043
0.798
0.778
0.761
0.885
0.269
0.775
0.315
0.712
0.431
0.359
0.273
0.746
0.925
0.393
0.550
0.993
0.124
0.055
0.186
0.783
0.183
0.573
0.967
0.407
0.611
0.225
0.177
0.824
0.597
0.722
0.648
0.767
0.459
0.164
0.797
0.465
0.561
0.743
0.889
0.251
0.233
0.722
0.332
0.596
0.362
0.818
0.567
0.384
0.821
0.660
0.109
0.150
0.296
0.335
0.715
0.814
0.315
0.679
0.179
0.075
0.887
0.213
0.513
0.941
0.342
0.995
0.912
0.040
0.617
0.253
0.470
0.902
0.692
0.693
0.975
0.181
0.632
0.795
0.290
0.667
0.157
0.091
0.097
0.354
0.258
0.656
0.060
0.359
0.165
0.745
0.248
0.080
0.445
0.796
0.793
0.314
0.602
0.856
0.009
0.841
0.985
0.000
0.956
0.797
0.008
0.900
0.783
0.903
0.866
0.310
0.506
0.494
0.115
0.354
0.296
0.908
0.522
0.255
0.497
0.546
0.324
0.167
0.064
0.934
0.579
0.686
0.036
0.851
0.200
0.459
0.334
0.150
0.856
0.046
0.863
0.050
0.434
0.910
0.371
0.692
0.613
0.752
0.476
0.490
0.749
0.201
0.774
0.978
0.476
0.388
0.686
0.705
0.115
0.918
0.316
0.176
0.863
0.571
0.857
0.662
0.354
0.146
0.411
0.399
0.131
0.416
0.766
0.110
0.501
0.763
0.005
0.569
0.021
0.689
0.554
0.521
0.084
0.901
0.998
0.296
0.401
0.545
0.921
0.855
0.066
0.737
0.080
0.297
0.934
0.587
0.535
0.250
0.590
0.676
0.140
0.784
0.351
0.651
0.805
0.797
0.312
0.648
0.372
0.001
0.228
0.691
0.292
0.541
0.226
0.569
0.854
0.549
0.060
0.612
0.434
0.452
0.451
0.701
0.533
0.778
0.249
0.194
0.149
0.911
0.237
0.068
0.663
0.947
0.109
0.422
0.799
0.291
0.174
0.686
0.040
0.853
0.109
0.928
0.045
0.697
0.113
0.372
0.616
0.119
0.367
0.125
0.342
0.746
0.814
0.520
0.794
0.082
0.724
0.528
0.738
0.764
0.626
0.771
0.563
0.097
0.750
0.978
0.674
0.090
0.360
0.152
0.558
0.295
0.961
0.423
0.204
0.756
0.634
0.779
0.091
0.902
0.659
0.678
0.732
0.165
0.627
0.604
0.975
0.084
0.323
0.595
0.136
0.368
0.956
0.311
0.949
0.983
0.170
0.799
0.538
0.053
0.578
0.182
0.132
0.669
0.630
0.296
0.629
0.429
0.653
0.643
0.870
0.693
0.593
0.203
0.068
0.463
0.062
0.074
0.911
0.112
0.135
0.455
0.234
0.749
0.039
0.992
0.602
0.086
0.212
0.814
0.621
0.719
0.952
0.900
0.839
0.284
0.059
0.513
0.192
0.948
0.525
0.909
0.023
0.872
0.396
0.705
0.641
0.632
0.170
0.697
0.692
0.296
0.923
0.436
0.264
0.370
0.946
0.660
0.040
0.897
0.180
0.539
0.916
0.435
0.908
0.328
0.383
0.805
0.187
0.008
0.550
0.802
0.531
0.993
0.150
0.813
0.366
0.105
0.718
0.005
0.421
0.653
0.910
0.211
0.569
0.298
0.824
0.596
0.586
0.061
0.269
0.724
0.845
0.766
0.310
0.685
0.609
0.109
0.664
0.743
0.325
0.501
0.297
0.489
0.124
0.064
0.850
0.779
0.348
0.814
0.972
0.426
0.363
0.567
0.320
0.412
0.954
0.459
0.091
0.398
0.820
0.299
0.828
0.527
0.512
0.878
0.222
0.501
0.813
0.115
0.929
0.931
0.878
0.643
0.537
0.450
0.686
0.581
0.835
0.954
0.703
0.571
0.240
0.762
0.669
0.690
0.818
0.688
0.062
0.945
0.330
0.792
0.369
0.014
0.769
0.656
0.787
0.840
0.995
0.498
0.058
0.031
0.546
0.915
0.716
0.221
0.617
0.757
0.416
0.986
0.758
0.722
0.974
0.867
0.773
0.812
0.035
0.088
0.915
0.806
0.790
0.513
0.884
0.485
0.969
0.049
0.498
0.769
0.587
0.381
0.778
0.645
0.022
0.405
0.305
0.902
0.723
0.420
0.370
0.969
0.357
0.537
0.930
0.170
0.843
0.735
0.977
0.365
0.329
0.975
0.706
0.634
0.246
0.056
0.209
0.409
0.635
0.507
0.691
0.091
0.510
0.416
0.822
0.513
0.298
0.869
0.123
0.853
0.335
0.593
0.874
0.114
0.919
0.144
0.819
0.069
0.450
0.482
0.512
0.662
0.518
0.564
0.280
0.781
0.200
0.296
0.022
0.193
0.462
0.579
0.606
0.143
0.130
0.456
0.942
0.767
0.059
0.924
0.379
0.435
0.617
0.197
0.002
0.185
0.610
0.422
0.131
0.796
0.839
0.084
0.960
0.643
0.187
0.374
0.504
0.144
0.606
0.313
0.486
0.397
0.959
0.374
0.188
0.425
0.177
0.713
0.146
0.021
0.295
0.086
0.746
0.073
0.636
0.169
0.509
0.741
0.192
0.034
0.302
0.637
0.734
0.530
0.631
0.565
0.569
0.352
0.245
0.280
0.290
0.084
0.726
0.469
0.138
0.418
0.593
0.101
0.531
0.035
0.871
0.187
0.702
0.410
0.560
0.343
0.268
0.768
0.222
0.095
0.243
0.958
0.286
0.369
0.364
0.031
0.994
0.615
0.611
0.741
0.888
0.073
0.703
0.850
0.383
0.239
0.627
0.087
0.835
0.210
0.474
0.810
0.623
0.246
0.624
0.851
0.202
0.941
0.441
0.467
0.925
0.890
0.542
0.921
0.531
0.384
0.494
0.140
0.689
0.346
0.567
0.936
0.096
0.825
0.012
0.735
0.706
0.845
0.042
0.925
0.935
0.314
0.957
0.846
0.075
0.370
0.104
0.909
0.792
0.993
0.542
0.230
0.325
0.102
0.601
0.764
0.375
0.664
0.224
0.292
0.516
0.909
0.754
0.469
0.201
0.406
0.645
0.211
0.676
0.738
0.144
0.388
0.170
0.800
0.019
0.411
0.805
0.778
0.303
0.714
0.111
0.984
0.070
0.500
0.071
0.701
0.354
0.327
0.024
0.450
0.717
0.752
0.331
0.538
0.784
0.074
0.443
0.446
0.111
0.602
0.110
0.239
0.956
0.870
0.779
0.437
0.454
0.034
0.869
0.779
0.919
0.560
0.206
0.603
0.817
0.073
0.909
0.040
0.336
0.286
0.961
0.410
0.043
0.185
0.663
0.469
0.839
0.365
0.499
0.622
0.801
0.660
0.309
0.724
0.580
0.002
0.312
0.353
0.854
0.453
0.210
0.971
0.043
0.616
0.239
0.326
0.020
0.776
0.658
0.526
0.249
0.578
0.285
0.854
0.127
0.321
0.594
0.057
0.018
0.258
0.776
0.277
0.076
0.726
0.543
0.924
0.344
0.504
0.344
0.819
0.892
0.737
0.415
0.479
0.060
0.669
0.535
0.125
0.573
0.114
0.470
0.095
0.548
0.604
0.164
0.700
0.837
0.571
0.092
0.575
0.587
0.449
0.282
0.487
0.386
0.118
0.770
0.266
0.233
0.944
0.380
0.030
0.890
0.158
0.744
0.855
0.502
0.989
0.722
0.313
0.186
0.885
0.484
0.478
0.362
0.271
0.071
0.131
0.939
0.152
0.365
0.196
0.606
0.603
0.484
0.683
0.508
0.499
0.564
0.887
0.061
0.850
0.059
0.109
0.916
0.637
0.266
0.423
0.353
0.835
0.095
0.086
0.441
0.251
0.630
0.288
0.226
0.759
0.142
0.370
0.120
0.062
0.718
0.990
0.181
0.793
0.318
0.906
0.906
0.596
0.949
0.336
0.759
0.593
0.936
0.649
0.981
0.386
0.313
0.883
0.605
0.943
0.486
0.660
0.840
0.282
0.288
0.925
0.087
0.016
0.490
0.706
0.640
0.134
0.976
0.256
0.524
0.645
0.561
0.792
0.999
0.211
0.595
0.274
0.723
0.213
0.815
0.374
0.071
0.927
0.048
0.136
0.919
0.443
0.768
0.906
0.704
0.103
0.251
0.456
0.644
0.497
0.312
0.612
0.500
0.161
0.972
0.290
0.649
0.894
0.191
0.767
0.316
0.181
0.137
0.765
0.673
0.353
0.916
0.446
0.995
0.185
0.288
0.172
0.466
0.803
0.628
0.342
0.334
0.248
0.280
0.805
0.727
0.852
0.931
0.442
0.329
0.174
0.394
0.125
0.131
0.228
0.059
0.485
0.744
0.143
0.086
0.784
0.565
0.183
0.065
0.763
0.394
0.681
0.254
0.594
0.151
0.469
0.837
0.331
0.537
0.060
0.327
0.603
0.649
0.222
0.307
0.404
0.966
0.259
0.537
0.336
0.334
0.211
0.859
0.822
0.036
0.375
0.003
0.327
0.230
0.698
0.785
0.790
0.396
0.357
0.297
0.187
0.079
0.586
0.454
0.472
0.953
0.718
0.618
0.953
0.222
0.011
0.163
0.880
0.771
0.208
0.145
0.596
0.850
0.350
0.590
0.056
0.149
0.714
0.475
0.001
0.452
0.196
0.461
0.721
0.906
0.863
0.278
0.286
0.032
0.720
0.911
0.755
0.856
0.284
0.383
0.353
0.687
0.741
0.719
0.320
0.901
0.190
0.137
0.485
0.180
0.053
0.638
0.034
0.996
0.558
0.167
0.602
0.167
0.467
0.245
0.570
0.232
0.879
0.755
0.826
0.692
0.687
0.751
0.162
0.781
0.916
0.052
0.092
0.616
0.885
0.263
0.429
0.543
0.415
0.991
0.283
0.842
0.383
0.380
0.804
0.070
0.110
0.497
0.537
0.882
0.595
0.689
0.769
0.697
0.730
0.393
0.251
0.141
0.575
0.776
0.339
0.956
0.233
0.573
0.403
0.400
0.688
0.036
0.593
0.229
0.239
0.707
0.488
0.757
0.428
0.091
0.666
0.803
0.011
0.960
0.984
0.763
0.376
0.240
0.027
0.544
0.534
0.500
0.608
0.324
0.549
0.161
0.209
0.775
0.734
0.322
0.036
0.997
0.362
0.997
0.729
0.399
0.274
0.442
0.602
0.409
0.133
0.358
0.083
0.267
0.379
0.549
0.045
0.383
0.217
0.340
0.727
0.721
0.156
0.762
0.447
0.272
0.721
0.387
0.477
0.975
0.762
0.541
0.632
0.487
0.509
0.320
0.203
0.537
0.332
0.777
0.828
0.548
0.388
0.183
0.099
0.352
0.545
0.148
0.195
0.926
0.062
0.915
0.969
0.353
0.892
0.904
0.727
0.420
0.480
0.948
0.978
0.899
0.873
0.752
0.292
0.582
0.266
0.076
0.331
0.840
0.237
0.932
0.172
0.201
0.703
0.952
0.537
0.666
0.659
0.942
0.071
0.310
0.262
0.546
0.360
0.833
0.233
0.553
0.516
0.307
0.153
0.896
0.087
0.308
0.737
0.582
0.768
0.923
0.401
0.091
0.798
0.787
0.556
0.588
0.703
0.676
0.995
0.278
0.669
0.545
0.436
0.610
0.588
0.439
0.153
0.300
0.098
0.383
0.604
0.130
0.051
0.013
0.605
0.504
0.971
0.882
0.115
0.497
0.734
0.217
0.238
0.277
0.778
0.244
0.100
0.809
0.641
0.446
0.093
0.615
0.722
0.698
0.326
0.635
0.340
0.760
0.059
0.633
0.003
0.950
0.593
0.385
0.605
0.303
0.334
0.986
0.916
0.927
0.766
0.353
0.106
0.819
0.718
0.799
0.075
0.459
0.094
0.021
0.919
0.707
0.534
0.022
0.220
0.422
0.089
0.851
0.536
0.285
0.965
0.690
0.600
0.238
0.594
0.141
0.946
0.949
0.455
0.289
0.591
0.150
0.680
0.015
0.589
0.661
0.746
0.277
0.498
0.748
0.858
0.192
0.663
0.061
0.768
0.892
0.724
0.800
0.146
0.578
0.999
0.279
0.466
0.551
0.585
0.122
0.221
0.694
0.733
0.928
0.770
0.824
0.509
0.673
0.305
0.195
0.784
0.783
0.091
0.706
0.367
0.442
0.162
0.598
0.582
0.429
0.428
0.813
0.101
0.015
0.435
0.749
0.841
0.205
0.608
0.565
0.259
0.959
0.126
0.928
0.156
0.577
0.894
0.758
0.567
0.590
0.052
0.738
0.011
0.273
0.077
0.348
0.600
0.421
0.677
0.164
0.905
0.343
0.113
0.802
0.579
0.176
0.123
0.165
0.301
0.190
0.648
0.274
0.160
0.046
0.773
0.545
0.619
0.408
0.211
0.188
0.995
0.264
0.742
0.375
0.498
0.697
0.908
0.377
0.258
0.519
0.032
0.595
0.590
0.470
0.799
0.582
0.656
0.880
0.995
0.773
0.505
0.469
0.708
0.588
0.282
0.450
0.845
0.456
0.808
0.058
0.363
0.709
0.560
0.538
0.176
0.772
0.557
0.105
0.830
0.072
0.631
0.926
0.143
0.933
0.443
0.283
0.792
0.334
0.349
0.624
0.699
0.564
0.200
0.259
0.386
0.347
0.479
0.867
0.727
0.387
0.114
0.137
0.925
0.046
0.903
0.930
0.327
0.002
0.572
0.150
0.101
0.155
0.649
0.550
0.727
0.317
0.290
0.763
0.958
0.472
0.690
0.690
0.582
0.148
0.556
0.556
0.513
0.023
0.082
0.429
0.722
0.161
0.250
0.177
1.000
0.988
0.207
0.166
0.100
0.640
0.928
0.725
0.455
0.561
0.934
0.126
0.152
0.022
0.629
0.607
0.495
0.318
0.278
0.540
0.759
0.111
0.052
0.727
0.301
0.183
0.422
0.311
0.812
0.498
0.752
0.550
0.546
0.118
0.204
0.663
0.815
0.112
0.961
0.531
0.255
0.960
0.468
0.120
0.278
0.345
0.270
0.345
0.263
0.890
0.069
0.140
0.210
0.942
0.710
0.779
0.403
0.660
0.912
0.521
0.811
0.613
0.718
0.067
0.412
0.987
0.171
0.304
0.707
0.848
0.410
0.470
0.399
0.828
0.788
0.319
0.108
0.353
0.892
0.892
0.979
0.684
0.542
0.838
0.517
0.777
0.324
0.783
0.613
0.406
0.603
0.864
0.209
0.257
0.066
0.678
0.071
0.988
0.632
0.085
0.259
0.471
0.127
0.768
0.046
0.316
0.537
0.788
0.763
0.614
0.522
0.658
0.472
0.254
0.612
0.546
0.504
0.535
0.252
0.763
0.589
0.980
0.197
0.808
0.114
0.820
0.724
0.878
0.459
0.554
0.908
0.706
0.936
0.458
0.709
0.112
0.551
0.429
0.587
0.310
0.302
0.166
0.633
0.585
0.864
0.745
0.574
0.088
0.077
0.491
0.894
0.918
0.777
0.976
0.428
0.941
0.473
0.830
0.008
0.274
0.693
0.073
0.673
0.170
0.054
0.536
0.631
0.333
0.373
0.897
0.885
0.224
0.121
0.898
0.941
0.078
0.055
0.745
0.441
0.404
0.492
0.653
0.688
0.028
0.601
0.959
0.185
0.418
0.705
0.637
0.386
0.875
0.724
0.063
0.910
0.788
0.567
0.861
0.310
0.108
0.743
0.419
0.724
0.493
0.167
0.969
0.498
0.838
0.897
0.755
0.598
0.135
0.684
0.084
0.937
0.371
0.199
0.903
0.490
0.177
0.682
0.751
0.991
0.281
0.859
0.399
0.376
0.397
0.886
0.639
0.603
0.046
0.941
0.998
0.916
0.490
0.319
0.848
0.319
0.493
0.641
0.771
0.708
0.480
0.532
0.782
0.954
0.185
0.491
0.848
0.383
0.091
0.795
0.498
0.431
0.745
0.168
0.061
0.682
0.206
0.515
0.009
0.874
0.846
0.822
0.686
0.290
0.035
0.380
0.373
0.212
0.327
0.604
0.356
0.960
0.808
0.354
0.451
0.646
0.883
0.057
0.171
0.825
0.597
0.185
0.130
0.191
0.877
0.070
0.214
0.324
0.024
0.992
0.801
0.179
0.413
0.035
0.241
0.214
0.687
0.714
0.554
0.259
0.941
0.413
0.000
0.572
0.761
0.204
0.848
0.875
0.309
0.401
0.399
0.557
0.460
0.576
0.923
0.263
0.017
0.972
0.281
0.894
0.275
0.050
0.386
0.912
0.964
0.621
1.000
0.820
0.107
0.491
0.945
0.739
0.060
0.806
0.004
0.986
0.222
0.960
0.644
0.524
0.142
0.925
0.415
0.847
0.809
0.676
0.142
0.683
0.976
0.126
0.262
0.381
0.225
0.852
0.499
0.996
0.395
0.318
0.517
0.541
0.839
0.381
0.287
0.503
0.790
0.913
0.445
0.605
0.553
0.140
0.822
0.643
0.018
0.675
0.651
0.082
0.792
0.193
0.159
0.903
0.610
0.062
0.341
0.799
0.086
0.776
0.685
0.228
0.596
0.801
0.732
0.399
0.437
0.943
0.152
0.156
0.473
0.090
0.673
0.042
0.650
0.350
0.039
0.825
0.429
0.693
0.325
0.422
0.739
0.686
0.084
0.896
0.921
0.847
0.259
0.448
0.480
0.462
0.963
0.198
0.004
0.940
0.158
0.724
0.666
0.078
0.203
0.868
0.108
0.622
0.914
0.857
0.586
0.249
0.321
0.652
0.592
0.391
0.379
0.379
0.994
0.790
0.896
0.278
0.450
0.263
0.668
0.084
0.356
0.974
0.093
0.970
0.293
0.192
0.889
0.318
0.899
0.601
0.672
0.357
0.974
0.910
0.020
0.274
0.285
0.178
0.077
0.432
0.448
0.153
0.623
0.672
0.114
0.703
0.603
0.400
0.560
0.910
0.968
0.939
0.559
0.261
0.003
0.115
0.957
0.932
0.462
0.512
0.495
0.192
0.551
0.492
0.585
0.959
0.095
0.362
0.034
0.305
0.259
0.532
0.090
0.469
0.694
0.269
0.187
0.667
0.131
0.249
0.955
0.336
0.472
0.692
0.480
0.693
0.621
0.034
0.288
0.659
0.635
0.450
0.388
0.658
0.624
0.509
0.976
0.656
0.651
0.907
0.314
0.110
0.494
0.871
0.945
0.606
0.643
0.882
0.863
0.588
0.705
0.914
0.260
0.470
0.305
0.224
0.672
0.172
0.411
0.701
0.991
0.896
0.536
0.265
0.606
0.439
0.140
0.254
0.327
0.738
0.055
0.557
0.018
0.215
0.640
0.559
0.861
0.512
0.133
0.958
0.821
0.175
0.812
0.188
0.941
0.968
0.393
0.348
0.249
0.324
0.460
0.349
0.302
0.125
0.384
0.597
0.453
0.111
0.676
0.110
0.911
0.756
0.245
0.527
0.504
0.779
0.906
0.536
0.304
0.609
0.139
0.993
0.048
0.634
0.902
0.041
0.256
0.402
0.434
0.988
0.436
0.596
0.340
0.382
0.636
0.270
0.181
0.464
0.932
0.863
0.389
0.257
0.615
0.023
0.561
0.730
0.949
0.454
0.607
0.722
0.288
0.209
0.935
0.351
0.209
0.740
0.371
0.552
0.881
0.515
0.841
0.522
0.858
0.601
0.603
0.503
0.847
0.612
0.951
0.315
0.196
0.993
0.996
0.885
0.354
0.595
0.185
0.857
0.415
0.893
0.678
0.875
0.239
0.077
0.415
0.116
0.582
0.433
0.812
0.213
0.905
0.844
0.175
0.284
0.674
0.414
0.561
0.986
0.641
0.697
0.067
0.091
0.609
0.584
0.911
0.368
0.714
0.095
0.776
0.631
0.426
0.035
0.176
0.441
0.611
0.112
0.490
0.462
0.544
0.402
0.419
0.253
0.991
0.472
0.312
0.289
0.268
0.400
0.927
0.723
0.959
0.574
0.968
0.588
0.151
0.061
0.269
0.351
0.598
0.444
0.235
0.046
0.128
0.444
0.299
0.468
0.988
0.371
0.135
0.955
0.620
0.320
0.146
0.165
0.453
0.481
0.611
0.195
0.724
0.988
0.749
0.553
0.152
0.955
0.292
0.491
0.189
0.596
0.721
0.855
0.211
0.131
0.362
0.960
0.004
0.968
0.941
0.365
0.033
0.052
0.126
0.632
0.869
0.514
0.013
0.759
0.345
0.631
0.255
0.255
0.301
0.324
0.096
0.027
0.138
0.057
0.428
0.585
0.293
0.282
0.082
0.059
0.830
0.807
0.046
0.910
0.293
0.831
0.301
0.425
0.869
0.249
0.977
0.447
0.642
0.150
0.021
0.528
0.743
0.313
0.109
0.313
0.219
0.462
0.279
0.910
0.104
0.257
0.789
0.198
0.116
0.064
0.207
0.253
0.450
0.060
0.026
0.871
0.677
0.036
0.044
0.068
0.883
0.935
0.494
0.712
0.738
0.391
0.447
0.760
0.096
0.017
0.228
0.321
0.570
0.479
0.815
0.477
0.831
0.195
0.823
0.368
0.500
0.825
0.596
0.969
0.141
0.017
0.114
0.644
0.363
0.673
0.513
0.935
0.264
0.613
0.099
0.643
0.921
0.145
0.684
0.571
0.825
0.467
0.734
0.630
0.928
0.235
0.747
0.437
0.099
0.928
0.361
0.399
0.589
0.922
0.643
0.910
0.736
0.043
0.502
0.726
0.489
0.563
0.288
0.864
0.513
0.280
0.047
0.288
0.372
0.613
0.262
0.781
0.328
0.264
0.184
0.286
0.287
0.232
0.244
0.093
0.338
0.882
0.497
0.690
0.331
0.722
0.599
0.550
0.458
0.352
0.656
0.710
0.529
0.205
0.523
0.811
0.503
0.091
0.315
0.143
0.535
0.576
0.579
0.382
0.317
0.501
0.246
0.255
0.096
0.447
0.158
0.985
0.049
0.751
0.980
0.250
0.518
0.148
0.295
0.632
0.704
0.168
0.749
0.210
0.258
0.541
0.735
0.043
0.445
0.024
0.388
0.930
0.055
0.348
0.130
0.573
0.614
0.759
0.518
0.440
0.368
0.687
0.914
0.864
0.931
0.997
0.030
0.134
0.782
0.474
0.111
0.893
0.643
0.168
0.167
0.228
0.604
0.768
0.247
0.562
0.290
0.287
0.754
0.831
0.633
0.072
0.752
0.073
0.180
0.137
0.257
0.991
0.655
0.055
0.417
0.340
0.766
0.465
0.080
0.509
0.144
0.995
0.881
0.675
0.681
0.546
0.355
0.791
0.463
0.624
0.128
0.807
0.606
0.438
0.461
0.853
0.055
0.635
0.742
0.673
0.313
0.290
0.404
0.855
0.735
0.076
0.109
0.658
0.804
0.303
0.956
0.787
0.843
0.920
0.634
0.302
0.732
0.478
0.416
0.468
0.139
0.296
0.314
0.478
0.593
0.077
0.370
0.757
0.281
0.677
0.615
0.826
0.442
0.346
0.867
0.475
0.788
0.428
0.281
0.395
0.694
0.650
0.182
0.482
0.622
0.990
0.135
0.564
0.791
0.451
0.100
0.229
0.125
0.461
0.875
0.545
0.880
0.502
0.859
0.076
0.601
0.494
0.997
0.305
0.626
0.406
0.115
0.301
0.468
0.443
0.712
0.193
0.917
0.322
0.777
0.326
0.553
0.035
0.637
0.613
0.991
0.309
0.465
0.506
0.898
0.016
0.404
0.657
0.323
0.698
0.837
0.619
0.423
0.315
0.252
0.621
0.768
0.886
0.679
0.071
0.677
0.691
0.185
0.438
0.757
0.896
0.604
0.546
0.432
0.054
0.073
0.766
0.975
0.493
0.516
0.457
0.873
0.670
0.975
0.763
0.474
0.767
0.093
0.715
0.576
0.775
0.848
0.239
0.891
0.955
0.329
0.687
0.474
0.858
0.618
0.513
0.422
0.892
0.420
0.329
0.209
0.283
0.659
0.481
0.582
0.433
0.511
0.005
0.840
0.669
0.587
0.372
0.007
0.491
0.218
0.713
0.867
0.293
0.739
0.083
0.643
0.316
0.633
0.661
0.118
0.021
0.640
0.892
0.765
0.055
0.724
0.222
0.775
0.798
0.412
0.245
0.888
0.418
0.601
0.360
0.307
0.694
0.697
0.310
0.892
0.574
0.363
0.424
0.992
0.971
0.616
0.423
0.624
0.605
0.970
0.225
0.269
0.088
0.504
0.209
0.962
0.743
0.772
0.070
0.472
0.040
0.843
0.814
0.926
0.878
0.344
0.578
0.562
0.561
0.387
0.105
0.307
0.997
0.211
0.968
0.868
0.369
0.230
0.770
