0.252
0.564
0.831
0.225
0.415
0.351
0.272
0.834
0.616
0.179
0.045
0.581
0.986
0.669
0.724
0.864
0.633
0.502
0.936
0.635
0.934
0.339
0.918
0.653
0.341
0.996
0.299
0.304
0.521
0.770
0.959
0.709
0.810
0.165
0.763
0.763
0.408
0.876
0.091
0.997
0.773
0.017
0.946
0.782
0.868
0.050
0.939
0.540
0.211
0.955
0.025
0.110
0.069
0.498
0.297
0.821
0.811
0.271
0.146
0.403
0.651
0.652
0.197
0.342
0.801
0.844
0.484
0.935
0.021
0.125
0.060
0.346
0.102
0.671
0.943
0.793
0.832
0.825
0.900
0.903
0.594
0.835
0.534
0.285
0.269
0.798
0.978
0.369
0.849
0.385
0.238
0.018
0.736
0.322
0.916
0.068
0.212
0.445
0.516
0.369
0.275
0.157
0.633
0.523
0.844
0.984
0.572
0.543
0.878
0.105
0.507
0.381
0.501
0.619
0.039
0.220
0.617
0.317
0.781
0.061
0.446
0.001
0.721
0.130
0.939
0.693
0.766
0.033
0.942
0.707
0.190
0.199
0.533
0.829
0.350
0.683
0.806
0.814
0.923
0.855
0.212
0.067
0.818
0.498
0.029
0.680
0.753
0.485
0.941
0.652
0.780
0.526
0.432
0.790
0.256
0.086
0.321
0.762
0.627
0.932
0.251
0.115
0.897
0.417
0.232
0.989
0.929
0.141
0.213
0.530
0.786
0.173
0.965
0.163
0.585
0.526
0.198
0.565
0.570
0.894
0.753
0.949
0.918
0.834
0.468
0.566
0.517
0.718
0.379
0.382
0.033
0.449
0.504
0.033
0.136
0.054
0.948
0.413
0.543
0.992
0.019
0.882
0.788
0.890
0.574
0.904
0.406
0.258
0.954
0.600
0.578
0.941
0.591
0.345
0.221
0.558
0.262
0.836
0.013
0.639
0.698
0.452
0.657
0.374
0.987
0.115
0.273
0.640
0.989
0.968
0.413
0.478
0.547
0.937
0.371
0.902
0.190
0.178
0.989
0.088
0.075
0.742
0.160
0.690
0.504
0.124
0.182
0.225
0.441
0.510
0.942
0.036
0.867
0.583
0.447
0.505
0.431
0.765
0.136
0.914
0.713
0.915
0.866
0.335
0.446
0.118
0.192
0.094
0.407
0.933
0.266
0.684
0.023
0.977
0.261
0.828
0.251
0.626
0.676
0.445
0.644
0.980
0.936
0.945
0.782
0.105
0.798
0.829
0.105
0.076
0.240
0.993
0.899
0.065
0.783
0.811
0.460
0.876
0.193
0.455
0.410
0.596
0.701
0.399
0.373
0.285
0.845
0.661
0.022
0.463
0.551
0.201
0.316
0.706
0.576
0.462
0.541
0.846
0.801
0.046
0.010
0.901
0.602
0.899
0.056
0.706
0.708
0.396
0.194
0.758
0.152
0.334
0.035
0.118
0.810
0.147
0.753
0.031
0.665
0.906
0.380
0.918
0.374
0.436
0.188
0.884
0.325
0.469
0.143
0.740
0.073
0.897
0.444
0.659
0.249
0.668
0.099
0.663
0.636
0.693
0.726
0.666
0.054
0.076
0.429
0.316
0.198
0.639
0.475
0.801
0.847
0.569
0.658
0.486
0.270
0.450
0.511
0.356
0.867
0.015
0.637
0.131
0.449
0.058
0.290
0.613
0.447
0.081
0.830
0.904
0.214
0.830
0.782
0.554
0.809
0.646
0.014
0.526
0.381
0.380
0.817
0.561
0.963
0.091
0.179
0.092
0.072
0.035
0.232
0.259
0.391
0.254
0.638
0.312
0.164
0.716
0.770
0.841
0.011
0.752
0.657
0.905
0.135
0.050
0.852
0.309
0.430
0.758
0.208
0.188
0.731
0.935
0.158
0.239
0.366
0.727
0.671
0.558
0.956
0.797
0.554
0.874
0.811
0.782
0.113
0.639
0.311
0.866
0.335
0.945
0.792
0.832
0.999
0.993
0.779
0.855
0.623
0.338
0.489
0.607
0.286
0.711
0.485
0.761
0.369
0.311
0.228
0.017
0.768
0.595
0.305
0.510
0.856
0.473
0.871
0.387
0.232
0.642
0.280
0.017
0.651
0.210
0.891
0.870
0.856
0.387
0.623
0.387
0.009
0.882
0.553
0.432
0.965
0.600
0.735
0.925
0.818
0.607
0.587
0.241
0.083
0.194
0.118
0.286
0.674
0.378
0.753
0.459
0.963
0.817
0.002
0.774
0.891
0.002
0.975
0.725
0.795
0.124
0.126
0.437
0.175
0.095
0.191
0.581
0.722
0.027
0.043
0.357
0.892
0.133
0.421
0.360
0.769
0.348
0.616
0.823
0.853
0.856
0.903
0.293
0.899
0.247
0.617
0.822
0.087
0.116
0.757
0.409
0.580
0.328
0.422
0.703
0.474
0.617
0.223
0.082
0.630
0.788
0.593
0.802
0.405
0.225
0.617
0.076
0.936
0.324
0.067
0.101
0.160
0.751
0.519
0.728
0.079
0.861
0.857
0.652
0.644
0.336
0.842
0.445
0.261
0.411
0.675
0.056
0.142
0.539
0.528
0.745
0.182
0.969
0.673
0.802
0.175
0.438
0.961
0.268
0.770
0.410
0.865
0.256
0.301
0.410
0.962
0.850
0.339
0.315
0.875
0.442
0.174
0.880
0.963
0.452
0.881
0.925
0.225
0.762
0.604
0.789
0.660
0.353
0.467
0.064
0.616
0.922
0.145
0.878
0.036
1.000
0.128
0.199
0.173
0.035
0.969
0.417
0.544
0.524
0.431
0.444
0.408
0.513
0.446
0.906
0.500
0.827
0.865
0.801
0.018
0.083
0.896
0.951
0.903
0.551
0.753
0.964
0.104
0.267
0.140
0.228
0.231
0.316
0.625
0.126
0.852
0.957
0.307
0.687
0.852
0.459
0.106
0.827
0.762
0.317
0.734
0.158
0.751
0.511
0.315
0.971
0.923
0.716
0.715
0.299
0.130
0.102
0.122
0.104
0.081
0.103
0.750
0.490
0.447
0.334
0.987
0.647
0.652
0.593
0.924
0.601
0.161
0.613
0.434
0.261
0.913
0.181
0.149
0.852
0.956
0.303
0.789
0.763
0.225
0.532
0.732
0.810
0.049
0.580
0.646
0.543
0.600
0.657
0.738
0.457
0.157
0.087
0.446
0.616
0.821
0.634
0.397
0.001
0.020
0.828
0.387
0.245
0.514
0.854
0.787
0.692
0.205
0.369
0.405
0.785
0.645
0.959
0.485
0.609
0.033
0.483
0.807
0.854
0.637
0.143
0.815
0.164
0.252
0.343
0.904
0.946
0.870
0.207
0.445
0.669
0.861
0.406
0.836
0.588
0.196
0.988
0.238
0.236
0.531
0.307
0.372
0.451
0.040
0.526
0.587
0.265
0.878
0.244
0.726
0.145
0.451
0.184
0.026
0.942
0.606
0.567
0.329
0.673
0.052
0.663
0.377
0.531
0.086
0.574
0.922
0.626
0.525
0.867
0.466
0.034
0.565
0.294
0.433
0.640
0.041
0.594
0.120
0.031
0.133
0.769
0.573
0.030
0.306
0.748
0.051
0.496
0.057
0.901
0.943
0.811
0.596
0.605
0.779
0.684
0.911
0.504
0.078
0.703
0.741
0.903
0.718
0.309
0.649
0.291
0.025
0.908
0.939
0.466
0.992
0.610
0.887
0.325
0.909
0.498
0.423
0.412
0.165
0.710
0.153
0.356
0.680
0.961
0.126
0.885
0.058
0.158
0.720
0.177
0.484
0.277
0.884
0.543
0.645
0.587
0.174
0.708
0.488
0.977
0.801
0.059
0.945
0.838
0.000
0.922
0.706
0.713
0.859
0.473
0.424
0.571
0.985
0.568
0.465
0.229
0.100
0.122
0.518
0.867
0.369
0.786
0.797
0.738
0.267
0.260
0.352
0.550
0.201
0.019
0.287
0.127
0.907
0.134
0.197
0.370
0.523
0.156
0.474
0.151
0.553
0.269
0.288
0.299
0.743
0.992
0.983
0.407
0.181
0.556
0.071
0.906
0.715
0.159
0.199
0.705
0.818
0.083
0.896
0.447
0.647
0.157
0.785
0.991
0.979
0.368
0.543
0.636
0.372
0.350
0.774
0.707
0.240
0.543
0.135
0.915
0.643
0.456
0.932
0.363
0.559
0.703
0.953
0.923
0.834
0.581
0.767
0.172
0.420
0.753
0.567
0.176
0.027
0.593
0.578
0.397
0.681
0.981
0.427
0.200
0.235
0.586
0.450
0.178
0.908
0.661
0.161
0.952
0.109
0.811
0.351
0.919
0.096
0.243
0.124
0.154
0.407
0.898
0.174
0.629
0.659
0.634
0.720
0.641
0.954
0.857
0.082
0.812
0.060
0.530
0.921
0.029
0.943
0.032
0.207
0.995
0.115
0.516
0.425
0.922
0.498
0.501
0.120
0.646
0.544
0.008
0.614
0.046
0.238
0.974
0.081
0.204
0.450
0.520
0.245
0.160
0.946
0.981
0.043
0.015
0.035
0.908
0.176
0.292
0.584
0.032
0.105
0.158
0.493
0.680
0.608
0.448
0.550
0.029
0.694
0.593
0.217
0.745
0.714
0.299
0.435
0.769
0.710
0.231
0.403
0.659
0.730
0.481
0.523
0.588
0.441
0.227
0.789
0.066
0.541
0.917
0.501
0.817
0.498
0.453
0.436
0.727
0.912
0.388
0.328
0.663
0.922
0.580
0.259
0.744
0.685
0.997
0.734
0.859
0.751
0.698
0.190
0.054
0.446
0.508
0.039
0.794
0.409
0.084
0.972
0.814
0.045
0.244
0.510
0.904
0.712
0.502
0.835
0.753
0.576
0.694
0.402
0.586
0.653
0.992
0.283
0.476
0.770
0.052
0.099
0.976
0.831
0.101
0.889
0.846
0.009
0.369
0.149
0.649
0.091
0.209
0.368
0.160
0.765
0.110
0.048
0.327
0.587
0.887
0.702
0.363
0.930
0.731
0.269
0.636
0.732
0.196
0.264
0.250
0.937
0.898
0.482
0.828
0.353
0.053
0.271
0.486
0.789
0.353
0.474
0.268
0.201
0.122
0.776
0.497
0.971
0.599
0.453
0.502
0.473
0.037
0.601
0.075
0.240
0.994
0.315
0.685
0.039
0.288
0.627
0.205
0.388
0.240
0.016
0.608
0.820
0.120
0.548
0.112
0.196
0.635
0.848
0.704
0.566
0.152
0.315
0.259
0.723
0.543
0.184
0.015
0.392
0.055
0.531
0.695
0.335
0.219
0.208
0.157
0.267
0.897
0.960
0.556
0.655
0.005
0.791
0.632
0.524
0.970
0.298
0.466
0.305
0.711
0.294
0.401
0.719
0.864
0.600
0.686
0.630
0.801
0.996
0.299
0.070
0.278
0.467
0.609
0.110
0.350
0.235
0.065
0.545
0.603
0.251
0.953
0.588
0.876
0.163
0.337
0.821
0.850
0.251
0.113
0.498
0.027
0.752
0.144
0.622
0.252
0.806
0.008
0.455
0.853
0.650
0.167
0.047
0.768
0.310
0.160
0.682
0.917
0.080
0.670
0.755
0.766
0.440
0.381
0.449
0.458
0.086
0.096
0.846
0.166
0.307
0.388
0.482
0.720
0.393
0.454
0.510
0.437
0.803
0.194
0.680
0.741
0.343
0.838
0.453
0.726
0.345
0.187
0.681
0.910
0.573
0.393
0.168
0.180
0.362
0.078
0.546
0.086
0.462
0.326
0.268
0.239
0.094
0.474
0.170
0.729
0.942
0.085
0.641
0.244
0.344
0.553
0.050
0.285
0.629
0.161
0.931
0.871
0.026
0.209
0.587
0.763
0.953
0.292
0.106
0.355
0.653
0.912
0.027
0.059
0.930
0.712
0.228
0.068
0.761
0.952
0.691
0.485
0.580
0.356
0.784
0.691
0.883
0.122
0.792
0.928
0.614
0.659
0.366
0.971
0.751
0.968
0.325
0.372
0.535
0.221
0.511
0.812
0.888
0.730
0.751
0.853
0.941
0.623
0.882
0.970
0.641
0.887
0.812
0.610
0.460
0.647
0.040
0.414
0.294
0.124
0.263
0.061
0.731
0.923
0.665
0.253
0.924
0.930
0.574
0.599
0.850
0.597
0.917
0.222
0.141
0.640
0.093
0.872
0.331
0.398
0.025
0.578
0.202
0.120
0.995
0.495
0.316
0.446
0.486
0.718
0.152
0.996
0.150
0.508
0.603
0.051
0.488
0.782
0.221
0.824
0.956
0.346
0.215
0.577
0.593
0.261
0.800
0.443
0.073
0.019
0.822
0.333
0.765
0.214
0.719
0.820
0.372
0.845
0.459
0.281
0.269
0.314
0.165
0.396
0.777
0.562
0.553
0.840
0.570
0.373
0.822
0.092
0.873
0.019
0.878
0.130
0.201
0.555
0.652
0.563
0.770
0.674
0.937
0.633
0.248
0.171
0.392
0.922
0.783
0.920
0.889
0.985
0.199
0.045
0.583
0.719
0.912
0.355
0.374
0.997
0.157
0.524
0.394
0.079
0.455
0.207
0.787
0.758
0.452
0.439
0.882
0.642
0.120
0.439
0.525
0.862
0.789
0.876
0.101
0.958
0.432
0.691
0.742
0.174
0.241
0.121
0.104
0.335
0.759
0.991
0.183
0.152
0.145
0.253
0.601
0.354
0.418
0.403
0.415
0.479
0.970
0.248
0.862
0.129
0.763
0.001
0.428
0.019
0.807
0.457
0.834
0.165
0.483
0.453
0.456
0.591
0.259
0.347
0.431
0.965
0.478
0.539
0.246
0.549
0.988
0.162
0.844
0.724
0.347
0.143
0.528
0.654
0.469
0.794
0.574
0.800
0.020
0.424
0.184
0.898
0.125
0.170
0.638
0.450
0.293
0.201
0.531
0.312
0.272
0.421
0.959
0.836
0.354
0.072
0.547
0.031
0.493
0.810
0.035
0.798
0.902
0.850
0.263
0.358
0.522
0.323
0.469
0.098
0.959
0.007
0.112
0.095
0.276
0.072
0.826
0.796
0.252
0.952
0.622
0.349
0.548
0.087
0.945
0.263
0.091
0.037
0.287
0.235
0.195
0.646
0.148
0.111
0.701
0.587
0.212
0.808
0.618
0.511
0.202
0.112
0.688
0.256
0.344
0.041
0.382
0.596
0.088
0.080
0.035
0.874
0.502
0.139
0.954
0.875
0.155
0.516
0.100
0.555
0.425
0.579
0.603
0.220
0.959
0.119
0.160
0.857
0.998
0.153
0.645
0.319
0.730
0.673
0.848
0.146
0.521
0.131
0.213
0.819
0.018
0.878
0.016
0.314
0.339
0.036
0.918
0.950
0.401
0.267
0.247
0.581
0.939
0.135
0.074
0.320
0.906
0.541
0.553
0.494
0.511
0.498
0.290
0.132
0.076
0.681
0.816
0.336
0.485
0.549
0.078
0.720
0.103
0.345
0.059
0.402
0.213
0.774
0.962
0.375
0.261
0.559
0.080
0.832
0.768
0.377
0.982
0.832
0.996
0.678
0.194
0.084
0.239
0.710
0.026
0.595
0.971
0.289
0.935
0.721
0.827
0.956
0.019
0.360
0.449
0.871
0.762
0.742
0.958
0.917
0.748
0.294
0.805
0.980
0.344
0.293
0.937
0.155
0.596
0.125
0.487
0.567
0.426
0.646
0.662
0.161
0.043
0.915
0.040
0.811
0.317
0.687
0.814
0.447
0.087
0.610
0.217
0.291
0.792
0.632
0.280
0.430
0.566
0.012
0.205
0.871
0.649
0.843
0.226
0.917
0.527
0.192
0.388
0.611
0.938
0.932
0.004
0.434
0.579
0.615
0.078
0.607
0.620
0.820
0.982
0.112
0.848
1.000
0.745
0.017
0.394
0.690
0.998
0.734
0.280
0.291
0.685
0.331
0.708
0.841
0.648
0.029
0.353
0.405
0.140
0.501
0.828
0.018
0.989
0.386
0.377
0.292
0.990
0.564
0.513
0.046
0.189
0.736
0.651
0.595
0.991
0.244
0.869
0.312
0.094
0.245
0.186
0.996
0.112
0.324
0.855
0.520
0.343
0.432
0.632
0.830
0.856
0.014
0.997
0.703
0.128
0.729
0.958
0.473
0.503
0.637
0.731
0.177
0.468
0.063
0.358
0.473
0.260
0.361
0.129
0.135
0.806
0.236
0.982
0.774
0.768
0.528
0.239
0.090
0.313
0.612
0.291
0.452
0.511
0.612
0.747
0.389
0.870
0.199
0.643
0.898
0.488
0.752
0.741
0.801
0.398
0.938
0.280
0.694
0.453
0.693
0.001
0.739
0.475
0.307
0.152
0.037
0.708
0.522
0.605
0.841
0.686
0.301
0.081
0.034
0.784
0.655
0.423
0.774
0.391
0.382
0.275
0.846
0.169
0.035
0.824
0.901
0.817
0.469
0.617
0.941
0.861
0.907
0.152
0.922
0.690
0.469
0.059
0.386
0.557
0.608
0.592
0.562
0.767
0.666
0.899
0.905
0.048
0.708
0.008
0.724
0.039
0.650
0.380
0.695
0.664
0.755
0.972
0.914
0.316
0.210
0.621
0.064
0.252
0.238
0.779
0.139
0.329
0.378
0.060
0.681
0.558
0.778
0.788
0.443
0.561
0.871
0.715
0.420
0.756
0.640
0.804
0.811
0.135
0.670
0.202
0.827
0.763
0.653
0.843
0.235
0.324
0.161
0.638
0.791
0.644
0.715
0.730
0.628
0.535
0.328
0.898
0.729
0.111
0.330
0.503
0.307
0.581
0.990
0.874
0.137
0.196
0.842
0.133
0.860
0.206
0.067
0.137
0.778
0.391
0.135
0.274
0.714
0.134
0.961
0.025
0.482
0.618
0.562
0.887
0.948
0.862
0.749
0.699
0.297
0.322
0.995
0.370
0.563
0.943
0.496
0.278
0.443
0.905
0.453
0.417
0.369
0.327
0.413
0.174
0.260
0.192
0.907
0.287
0.295
0.549
0.078
0.301
0.219
0.434
0.114
0.043
0.521
0.048
0.465
0.118
0.942
0.781
0.603
0.682
0.944
0.633
0.935
0.902
0.601
0.461
0.061
0.102
0.997
0.127
0.789
0.089
0.589
0.620
0.494
0.458
0.613
0.431
0.324
0.118
0.464
0.834
0.033
0.477
0.251
0.525
0.909
0.482
0.040
0.332
0.120
0.369
0.086
0.409
0.114
0.957
0.817
0.354
0.096
0.864
0.340
0.492
0.583
0.301
0.813
0.366
0.434
0.303
0.274
0.610
0.588
0.526
0.071
0.942
0.769
0.699
0.726
0.485
0.471
0.425
0.455
0.614
0.568
0.519
0.104
0.384
0.704
0.239
0.452
0.166
0.582
0.036
0.136
0.888
0.744
0.152
0.482
0.876
0.934
0.682
0.138
0.991
0.326
0.346
0.414
0.868
0.988
0.449
0.484
0.790
0.979
0.836
0.071
0.317
0.520
0.597
0.512
0.937
0.510
0.421
0.566
0.157
0.676
0.488
0.426
0.775
0.264
0.251
0.656
0.724
0.843
0.387
0.258
0.479
0.911
0.669
0.518
0.379
0.365
0.828
0.529
0.055
0.603
0.002
0.487
0.440
0.844
0.040
0.809
0.385
0.523
0.517
0.883
0.173
0.456
0.305
0.869
0.079
0.777
0.378
0.195
0.431
0.917
0.000
0.596
0.768
0.899
0.115
0.160
0.775
0.226
0.664
0.912
0.220
0.943
0.869
0.473
0.755
0.359
0.212
0.145
0.488
0.768
0.946
0.694
0.329
0.653
0.793
0.669
0.031
0.126
0.953
0.962
0.637
0.172
0.438
0.495
0.334
0.288
0.976
0.782
0.755
0.345
0.176
0.966
0.073
0.151
0.134
0.404
0.945
0.121
0.755
0.690
0.369
0.449
0.510
0.222
0.293
0.378
0.592
0.290
0.716
0.959
0.782
0.752
0.091
0.190
0.977
0.239
0.403
0.953
0.716
0.119
0.566
0.538
0.902
0.042
0.188
0.526
0.229
0.108
0.088
0.067
0.950
0.895
0.986
0.148
0.684
0.699
0.054
0.553
0.294
0.734
0.191
0.622
0.142
0.856
0.356
0.782
0.574
0.666
0.142
0.427
0.118
0.881
0.112
0.550
0.685
0.801
0.287
0.040
0.454
0.173
0.017
0.863
0.703
0.927
0.829
0.094
0.591
0.019
0.229
0.593
0.038
0.550
0.149
0.945
0.627
0.146
0.331
0.733
0.188
0.002
0.808
0.724
0.336
0.943
0.929
0.613
0.288
0.287
0.754
0.407
0.991
0.691
0.557
0.162
0.169
0.514
0.737
0.739
0.940
0.824
0.527
0.689
0.429
0.803
0.877
0.668
0.801
0.282
0.908
0.175
0.561
0.544
0.990
0.354
0.707
0.914
0.865
0.457
0.700
0.429
0.647
0.445
0.258
0.691
0.447
0.988
0.268
0.024
0.615
0.542
0.645
0.461
0.943
0.138
0.582
0.680
0.211
0.673
0.823
0.654
0.060
0.708
0.026
0.305
0.499
0.565
0.335
0.968
0.518
0.595
0.697
0.203
0.365
0.755
0.550
0.088
0.003
0.518
0.760
0.895
0.122
0.866
0.729
0.234
0.704
0.159
0.032
0.903
0.603
0.829
0.650
0.185
0.598
0.304
0.461
0.292
0.350
0.205
0.093
0.290
0.912
0.855
0.568
0.409
0.065
0.140
0.810
0.971
0.695
0.927
0.317
0.124
0.869
0.323
0.468
0.837
0.906
0.948
0.868
0.386
0.693
0.061
0.588
0.186
0.191
0.988
0.318
1.000
0.974
0.737
0.087
0.744
0.190
0.341
0.555
0.534
0.751
0.289
0.549
0.220
0.353
0.115
0.801
0.516
0.493
0.582
0.279
0.396
0.324
0.698
0.282
0.058
0.480
0.502
0.329
0.288
0.009
0.174
0.139
0.206
0.355
0.599
0.152
0.343
0.022
0.589
0.318
0.824
0.322
0.167
0.506
0.072
0.197
0.370
0.547
0.964
0.821
0.663
0.557
0.777
0.829
0.039
0.869
0.595
0.765
0.211
0.705
0.364
0.823
0.651
0.665
0.731
0.513
0.878
0.157
0.980
0.046
0.883
0.929
0.042
0.653
0.762
0.446
0.919
0.158
0.064
0.510
0.464
0.391
0.263
0.438
0.729
0.498
0.195
0.211
0.415
0.586
0.095
0.503
0.897
0.139
0.883
0.184
0.691
0.073
0.788
0.072
0.048
0.892
0.534
0.068
0.361
0.139
0.189
0.101
0.121
0.778
0.799
0.997
0.359
0.296
0.730
0.336
0.677
0.278
0.452
0.196
0.549
0.939
0.174
0.085
0.168
0.249
0.327
0.428
0.059
0.947
0.440
0.531
0.465
0.166
0.049
0.960
0.071
0.371
0.411
0.797
0.755
0.531
0.025
0.613
0.616
0.820
0.875
0.570
0.531
0.042
0.591
0.066
0.010
0.729
0.700
0.688
0.626
0.608
0.862
0.714
0.418
0.177
0.569
0.443
0.649
0.573
0.223
0.176
0.183
0.273
0.957
0.649
0.615
0.425
0.190
0.304
0.478
0.789
0.576
0.943
0.342
0.159
0.320
0.650
0.208
0.802
0.276
0.603
0.638
0.547
0.742
0.349
0.608
0.176
0.550
0.001
0.424
0.863
0.745
0.302
0.640
0.969
0.730
0.481
0.167
0.645
0.563
0.170
0.254
0.389
0.139
0.256
0.571
0.263
0.847
0.155
0.368
0.669
0.919
0.416
0.016
0.349
0.029
0.070
0.357
0.484
0.649
0.858
0.992
0.644
0.135
0.424
0.134
0.725
0.497
0.792
0.823
0.068
0.505
0.068
0.898
0.156
0.296
0.059
0.279
0.637
0.180
0.811
0.420
0.056
0.101
0.915
0.437
0.083
0.820
0.790
0.855
0.545
0.437
0.392
0.112
0.180
0.418
0.009
0.987
0.555
0.903
0.755
0.660
0.493
0.541
0.038
0.272
0.204
0.434
0.655
0.123
0.542
0.257
0.552
0.397
0.364
0.109
0.144
0.619
0.412
0.504
0.052
0.791
0.818
0.155
0.019
0.338
0.708
0.283
0.939
0.651
0.679
0.420
0.242
0.395
0.144
0.044
0.330
0.782
0.785
0.213
0.552
0.986
0.773
0.792
0.654
0.779
0.771
0.157
0.872
0.201
0.816
0.692
0.060
0.277
0.300
0.690
0.105
0.585
0.592
0.018
0.736
0.510
0.423
0.781
0.887
0.799
0.055
0.616
0.935
0.838
0.281
0.445
0.554
0.742
0.570
0.593
0.550
0.210
0.722
0.448
0.141
0.269
0.020
0.252
0.628
0.006
0.905
0.944
0.333
0.531
0.585
0.844
0.001
0.129
0.585
0.572
0.144
0.730
0.975
0.793
0.812
0.517
0.841
0.315
0.423
0.268
0.789
0.048
0.885
0.500
0.092
0.843
0.136
0.027
0.908
0.252
0.197
0.813
0.290
0.027
0.348
0.594
0.019
0.623
0.843
0.034
0.883
0.446
0.742
0.991
0.406
0.457
0.289
0.559
0.444
0.313
0.187
0.286
0.125
0.101
0.371
0.133
0.778
0.438
0.612
0.248
0.180
0.305
0.825
0.697
0.895
0.706
0.745
0.511
0.104
0.219
0.256
0.652
0.508
0.450
0.240
0.565
0.315
0.458
0.303
0.072
0.615
0.118
0.137
0.790
0.750
0.149
0.267
0.527
0.763
0.388
0.556
0.484
0.061
0.793
0.737
0.566
0.643
0.765
0.458
0.908
0.264
0.978
0.647
0.478
0.630
0.648
0.753
0.281
0.190
0.601
0.098
0.263
0.684
0.925
0.073
0.693
0.600
0.532
0.696
0.938
0.918
0.115
0.059
0.082
0.850
0.935
0.041
0.998
0.026
0.604
0.877
0.328
0.645
0.368
0.869
0.256
0.460
0.887
0.167
0.269
0.556
0.004
0.148
0.848
0.885
0.361
0.759
0.509
0.375
0.697
0.759
0.292
0.566
0.867
0.897
0.582
0.602
0.910
0.845
0.061
0.486
0.354
0.775
0.316
0.690
0.659
0.875
0.086
0.184
0.311
0.560
0.526
0.406
0.229
0.153
0.559
0.753
0.239
0.973
1.000
0.839
0.123
0.685
0.257
0.719
0.944
0.379
0.317
0.675
0.460
