0.799
0.926
0.721
0.285
0.963
0.316
0.469
0.885
0.326
0.073
0.613
0.704
0.626
0.826
0.924
0.671
0.955
0.740
0.979
0.738
0.527
0.136
0.927
0.480
0.578
0.517
0.195
0.424
0.993
0.334
0.534
0.176
0.394
0.408
0.785
0.416
0.128
0.883
0.938
0.476
0.343
0.107
0.556
0.435
0.281
0.334
0.597
0.115
0.386
0.919
0.827
0.220
0.354
0.004
0.621
0.945
0.943
0.820
0.659
0.219
0.224
0.219
0.241
0.116
0.871
0.595
0.123
0.988
0.605
0.060
0.684
0.722
0.793
0.513
0.018
0.449
0.084
0.177
0.217
0.752
0.116
0.779
0.943
0.270
0.944
0.295
0.012
0.027
0.485
0.366
0.055
0.334
0.028
0.235
0.202
0.649
0.441
0.426
0.705
0.192
0.746
0.126
0.969
0.562
0.613
0.367
0.979
0.130
0.552
0.894
0.504
0.456
0.609
0.225
0.179
0.207
0.340
0.991
0.952
0.852
0.316
0.712
0.657
0.589
0.853
0.563
0.364
0.188
0.438
0.489
0.759
0.354
0.681
0.716
0.422
0.174
0.115
0.530
0.704
0.111
0.592
0.131
0.994
0.291
0.885
0.667
0.571
0.032
0.790
0.948
0.505
0.628
0.463
0.538
0.663
0.014
0.906
0.149
0.193
0.288
0.277
0.474
0.596
0.140
0.279
0.569
0.949
0.930
0.828
0.002
0.126
0.835
0.892
0.016
0.326
0.151
0.218
0.660
0.228
0.475
0.517
0.759
0.099
0.629
0.609
0.914
0.176
0.374
0.517
0.482
0.278
0.391
0.782
0.260
0.990
0.988
0.175
0.522
0.019
0.708
0.592
0.161
0.628
0.679
0.063
0.336
0.782
0.756
0.514
0.409
0.043
0.055
0.880
0.517
0.341
0.654
0.107
0.582
0.473
0.812
0.990
0.042
0.591
0.816
0.009
0.592
0.533
0.259
0.014
0.271
0.175
0.675
0.519
0.845
0.545
0.659
0.601
0.183
0.226
0.934
0.773
0.760
0.443
0.654
0.840
0.086
0.559
0.513
0.140
0.847
0.337
0.303
0.019
0.829
0.538
0.885
0.784
0.764
0.333
0.399
0.339
0.167
0.326
0.169
0.795
0.329
0.392
0.580
0.813
0.188
0.820
0.761
0.991
0.916
0.388
0.698
0.152
0.257
0.837
0.718
0.552
0.619
0.264
0.555
0.908
0.945
0.921
0.704
0.105
0.242
0.732
0.453
0.327
0.161
0.747
0.264
0.898
0.732
0.118
0.977
0.497
0.843
0.563
0.693
0.385
0.553
0.126
0.535
0.112
0.034
0.981
0.805
0.681
0.523
0.828
0.455
0.931
0.200
0.671
0.828
0.930
0.607
0.030
0.330
0.044
0.707
0.925
0.121
0.670
0.725
0.051
0.428
0.172
0.255
0.862
0.649
0.865
0.100
0.836
0.124
0.302
0.139
0.494
0.449
0.118
0.819
0.753
0.589
0.051
0.506
0.434
0.669
0.404
0.451
0.230
0.405
0.340
0.409
0.636
0.233
0.716
0.531
0.201
0.072
0.555
0.346
0.429
0.343
0.199
0.592
0.439
0.401
0.911
0.787
0.011
0.571
0.654
0.748
0.213
0.291
0.140
0.151
0.735
0.319
0.289
0.813
0.432
0.505
0.920
0.709
0.440
0.476
0.758
0.803
0.674
0.023
0.833
0.957
0.471
0.242
0.542
0.875
0.721
0.762
0.063
0.806
0.677
0.290
0.777
0.017
0.519
0.859
0.855
0.557
0.931
0.434
0.079
0.973
0.527
0.601
0.636
0.423
0.051
0.305
0.069
0.903
0.775
0.200
0.720
0.880
0.155
0.554
0.057
0.850
0.925
0.490
0.621
0.137
0.513
0.938
0.761
0.774
0.841
0.725
0.689
0.959
0.899
0.504
0.277
0.951
0.268
0.990
0.552
0.748
0.980
0.197
0.689
0.307
0.482
0.402
0.784
0.325
0.638
0.413
0.770
0.647
0.761
0.618
0.999
0.576
0.284
0.829
0.425
0.775
0.151
0.472
0.154
0.322
0.380
0.492
0.222
0.853
0.106
0.747
0.553
0.580
0.680
0.872
0.443
0.118
0.559
0.405
0.072
0.762
0.586
0.634
0.467
0.988
0.261
0.167
0.565
0.896
0.316
0.971
0.539
0.989
0.361
0.677
0.064
0.917
0.433
0.697
0.407
0.290
0.943
0.204
0.315
0.587
0.156
0.339
0.268
0.412
0.430
0.324
0.460
0.735
0.757
0.598
0.133
0.553
0.373
0.764
0.883
0.676
0.130
0.627
0.424
0.246
0.583
0.029
0.899
0.660
0.901
0.205
0.921
0.286
0.497
0.030
0.069
0.613
0.267
0.064
0.502
0.412
0.032
0.516
0.599
0.979
0.995
0.052
0.048
0.780
0.615
0.100
0.923
0.428
0.591
0.199
0.944
0.285
0.644
0.203
0.749
0.229
0.190
0.556
0.578
0.182
0.812
0.334
0.469
0.440
0.172
0.155
0.370
0.243
0.013
0.583
0.102
0.277
0.383
0.901
0.163
0.477
0.785
0.616
0.562
0.106
0.566
0.665
0.435
0.398
0.759
0.871
0.183
0.220
0.840
0.278
0.769
0.063
0.041
0.175
0.219
0.561
0.513
0.964
0.312
0.753
0.804
0.284
0.664
0.239
0.071
0.169
0.089
0.454
0.444
0.787
0.656
0.668
0.577
0.452
0.454
0.729
0.236
0.803
0.899
0.680
0.233
0.928
0.557
0.707
0.414
0.128
0.821
0.543
0.493
0.518
0.447
0.774
0.540
0.054
0.063
0.745
0.067
0.628
0.742
0.544
0.876
0.580
0.399
0.698
0.520
0.736
0.578
0.262
0.144
0.487
0.274
0.725
0.164
0.829
0.322
0.310
0.707
0.973
0.567
0.733
0.964
0.203
0.760
0.283
0.958
0.362
0.473
0.970
0.208
0.520
0.171
0.989
0.249
0.747
0.347
0.316
0.629
0.964
0.509
0.109
0.030
0.319
0.618
0.385
0.323
0.574
0.640
0.101
0.642
0.740
0.257
0.531
0.762
0.212
0.093
0.994
0.693
0.431
0.468
0.529
0.574
0.016
0.522
0.996
0.885
0.255
0.497
0.955
0.815
0.855
0.023
0.418
0.130
0.879
0.151
0.466
0.193
0.112
0.704
0.136
0.352
0.849
0.086
0.057
0.084
0.786
0.948
0.252
0.919
0.143
0.342
0.288
0.952
0.430
0.596
0.875
0.442
0.662
0.536
0.587
0.365
0.544
0.620
0.544
0.374
0.693
0.203
0.202
0.274
0.975
0.007
0.322
0.685
0.307
0.234
0.361
0.622
0.149
0.480
0.653
0.425
0.485
0.355
0.068
0.136
0.282
0.097
0.778
0.743
0.593
0.975
0.723
0.625
0.615
0.698
0.782
0.983
0.092
0.936
0.080
0.382
0.343
0.492
0.166
0.453
0.948
0.904
0.666
0.543
0.676
0.135
0.298
0.558
0.556
0.571
0.332
0.665
0.620
0.662
0.066
0.555
0.104
0.478
0.881
0.836
0.919
0.420
0.343
0.441
0.212
0.893
0.641
0.604
0.400
0.522
0.171
0.469
0.020
0.412
0.795
0.138
0.527
0.631
0.619
0.150
0.995
0.137
0.782
0.097
0.299
0.982
0.846
0.337
0.773
0.714
0.578
0.402
0.386
0.275
0.265
0.052
0.909
0.642
0.817
0.433
0.268
0.854
0.927
0.938
0.009
0.099
0.517
0.382
0.837
0.636
0.010
0.075
0.002
0.844
0.568
0.878
0.614
0.371
0.307
0.711
0.182
0.204
0.555
0.687
0.907
0.924
0.519
0.952
0.769
0.110
0.589
0.165
0.673
0.534
0.653
0.827
0.110
0.106
0.683
0.594
0.134
0.432
0.275
0.666
0.623
0.819
0.809
0.751
0.804
0.740
0.255
0.750
0.747
0.137
0.756
0.714
0.889
0.411
0.051
0.600
0.008
0.977
0.510
0.802
0.668
0.313
0.476
0.665
0.068
0.101
0.867
0.555
0.061
0.932
0.208
0.098
0.710
0.116
0.725
0.092
0.051
0.892
0.740
0.137
0.041
0.454
0.032
0.669
0.509
0.304
0.550
0.093
0.588
0.748
0.472
0.249
0.425
0.085
0.862
0.757
0.414
0.914
0.321
0.316
0.021
0.599
0.759
0.365
0.830
0.236
0.611
0.608
0.919
0.300
0.942
0.750
0.877
0.069
0.008
0.915
0.126
0.274
0.269
0.513
0.194
0.199
0.325
0.243
0.883
0.838
0.718
0.954
0.476
0.758
0.532
0.756
0.519
0.432
0.957
0.247
0.319
0.132
0.596
0.332
0.600
0.653
0.352
0.558
0.444
0.688
0.445
0.037
0.588
0.593
0.317
0.611
0.263
0.673
0.906
0.900
0.495
0.440
0.892
0.300
0.629
0.520
0.130
0.447
0.790
0.597
0.386
0.309
0.892
0.828
0.791
0.539
0.221
0.207
0.551
0.793
0.138
0.959
0.203
0.206
0.581
0.484
0.233
0.743
0.955
0.605
0.983
0.345
0.202
0.655
0.225
0.763
0.830
0.469
0.555
0.045
0.715
0.089
0.197
0.340
0.596
0.293
0.309
0.642
0.400
0.684
0.176
0.532
0.158
0.656
0.384
0.952
0.010
0.886
0.791
0.258
0.847
0.849
0.887
0.684
0.220
0.950
0.449
0.356
0.437
0.317
0.395
0.180
0.913
0.116
0.664
0.997
0.110
0.166
0.239
0.456
0.479
0.513
0.080
0.964
0.289
0.886
0.194
0.273
0.041
0.858
0.817
0.035
0.236
0.415
0.296
0.898
0.338
0.871
0.006
0.228
0.632
0.073
0.195
0.637
0.759
0.374
0.105
0.481
0.801
0.270
0.316
0.022
0.468
0.877
0.445
0.929
0.505
0.776
0.800
0.531
0.684
0.412
0.001
0.915
0.335
0.774
0.991
0.923
0.969
0.734
0.069
0.318
0.850
0.219
0.519
0.410
0.813
0.254
0.965
0.952
0.012
0.493
0.996
0.437
0.668
0.132
0.804
0.938
0.581
0.054
0.164
0.691
0.025
0.591
0.694
0.772
0.036
0.620
0.959
0.070
0.579
0.636
0.393
0.120
0.500
0.768
0.642
0.112
0.765
0.093
0.885
0.996
0.756
0.458
0.990
0.817
0.577
0.625
0.299
0.607
0.653
0.657
0.687
0.199
0.395
0.055
0.970
0.655
0.653
0.076
0.825
0.747
0.580
0.107
0.549
0.806
0.164
0.724
0.783
0.223
0.728
0.796
0.055
0.408
0.770
0.728
0.332
0.443
0.591
0.744
0.521
0.545
0.860
0.537
0.221
0.928
0.061
0.753
0.053
0.486
0.332
0.018
0.384
0.747
0.690
0.530
0.392
0.373
0.184
0.150
0.746
0.163
0.992
0.904
0.164
0.552
0.879
0.559
0.136
0.516
0.535
0.096
0.340
0.540
0.392
0.022
0.369
0.641
0.425
0.325
0.083
0.567
0.384
0.778
0.318
0.945
0.675
0.036
0.572
0.502
0.294
0.359
0.558
0.624
0.551
0.209
0.197
0.330
0.568
0.747
0.519
0.489
0.260
0.288
0.070
0.914
0.467
0.981
0.882
0.134
0.159
0.302
0.919
0.457
0.931
0.096
0.434
0.692
0.912
0.490
0.586
0.269
0.810
0.789
0.661
0.058
0.499
0.615
0.488
0.514
0.748
0.404
0.424
0.660
0.861
0.897
0.590
0.490
0.951
0.320
0.598
0.484
0.927
0.712
0.027
0.796
0.507
0.454
0.543
0.648
0.286
0.974
0.074
0.056
0.974
0.457
0.268
0.422
0.374
0.263
0.931
0.237
0.456
0.286
0.461
0.436
0.145
0.941
0.148
0.485
0.183
0.459
0.885
0.265
0.313
0.520
0.669
0.813
0.419
0.520
0.105
0.710
0.395
0.965
0.597
0.930
0.255
0.223
0.693
0.722
0.001
0.618
0.282
0.547
0.481
0.375
0.569
0.587
0.849
0.163
0.230
0.561
0.312
0.635
0.587
0.008
0.709
0.300
0.213
0.421
0.882
0.911
0.715
0.244
0.122
0.062
0.283
0.435
0.454
0.131
0.363
0.768
0.631
0.359
0.812
0.630
0.532
0.743
0.962
0.027
0.226
0.701
0.846
0.555
0.742
0.834
0.622
0.016
0.368
0.924
0.534
0.082
0.759
0.503
0.097
0.707
0.027
0.331
0.455
0.130
0.222
0.614
0.184
0.159
0.924
0.848
0.448
0.072
0.499
0.094
0.760
0.698
0.063
0.981
0.597
0.365
0.285
0.876
0.047
0.174
0.952
0.419
0.926
0.467
0.284
0.439
0.305
0.149
0.463
0.764
0.062
0.375
0.779
0.387
0.008
0.218
0.758
0.066
0.278
0.653
0.206
0.295
0.309
0.767
0.181
0.507
0.923
0.996
0.731
0.152
0.627
0.145
0.689
0.209
0.768
0.148
0.373
0.535
0.483
0.033
0.319
0.506
0.298
0.158
0.180
0.104
0.208
0.483
0.057
0.765
0.880
0.651
0.010
0.872
0.786
0.515
0.685
0.726
0.857
0.557
0.845
0.403
0.588
0.873
0.871
0.761
0.252
0.134
0.003
0.738
0.303
0.189
0.872
0.181
0.070
0.863
0.831
0.062
0.122
0.224
0.678
0.773
0.855
0.848
0.059
0.809
0.844
0.307
0.581
0.865
0.323
0.215
0.669
0.898
0.426
0.990
0.064
0.262
0.144
0.290
0.124
0.589
0.259
0.675
0.011
0.888
0.536
0.769
0.212
0.194
0.668
0.385
0.562
0.073
0.167
0.596
0.477
0.604
0.132
0.823
0.435
0.811
0.201
0.201
0.364
0.378
0.441
0.907
0.702
0.556
0.882
0.706
0.200
0.450
0.765
0.723
0.434
0.212
0.150
0.012
0.476
0.731
0.925
0.885
0.713
0.438
0.639
0.845
0.247
0.381
0.343
0.730
0.471
0.408
0.166
0.538
0.052
0.043
0.603
0.690
0.416
0.856
0.559
0.878
0.939
0.249
0.221
0.371
0.121
0.832
0.512
0.263
0.847
0.090
0.386
0.763
0.544
0.133
0.879
0.185
0.943
0.012
0.271
0.031
0.360
0.092
0.663
0.980
0.245
0.049
0.315
0.385
0.203
0.528
0.357
0.182
0.309
0.111
0.617
0.078
0.744
0.277
0.175
0.091
0.989
0.548
0.998
0.738
0.733
0.195
0.715
0.540
0.761
0.972
0.898
0.097
0.508
0.749
0.481
0.407
0.482
0.351
0.826
0.619
0.770
0.237
0.848
0.432
0.844
0.887
0.058
0.309
0.266
0.356
0.510
0.526
0.431
0.935
0.705
0.085
0.099
0.558
0.490
0.026
0.232
0.512
0.798
0.058
0.449
0.938
0.365
0.316
0.955
0.476
0.690
0.284
0.294
0.347
0.808
0.819
0.137
0.838
0.803
0.606
0.639
0.980
0.079
0.787
0.231
0.778
0.358
0.526
0.303
0.592
0.071
0.123
0.442
0.948
0.381
0.162
0.626
0.259
0.077
0.633
0.098
0.097
0.831
0.019
0.553
0.099
0.369
0.268
0.331
0.600
0.649
0.078
0.807
0.647
0.993
0.767
0.215
0.929
0.973
0.566
0.731
0.816
0.609
0.686
0.838
0.929
0.882
0.218
0.303
0.092
0.613
0.455
0.315
0.789
0.408
0.891
0.953
0.743
0.409
0.597
0.423
0.468
0.536
0.507
0.776
0.372
0.634
0.674
0.057
0.616
0.524
0.203
0.506
0.964
0.382
0.712
0.799
0.405
0.211
0.998
0.534
0.519
0.416
0.951
0.893
0.625
0.812
0.433
0.429
0.894
0.764
0.570
0.520
0.757
0.781
0.009
0.370
0.419
0.299
0.466
0.077
0.251
0.044
0.296
0.743
0.806
0.122
0.753
0.508
0.833
0.171
0.905
0.500
0.279
0.354
0.077
0.112
0.203
0.049
0.511
0.902
0.792
0.638
0.930
0.062
0.600
0.696
0.987
0.947
0.993
0.738
0.666
0.024
0.810
0.259
0.157
0.247
0.478
0.126
0.113
0.309
0.302
0.824
0.925
0.449
0.200
0.577
0.280
0.460
0.909
0.287
0.912
0.168
0.737
0.482
0.502
0.634
0.809
0.235
0.980
0.166
0.773
0.792
0.245
0.771
0.526
0.632
0.393
0.677
0.630
0.159
0.986
0.153
0.562
0.592
0.015
0.009
0.636
0.750
0.820
0.693
0.214
0.417
0.881
0.482
0.390
0.747
0.673
0.704
0.813
0.362
0.401
0.817
0.857
0.660
0.654
0.396
0.484
0.107
0.604
0.303
0.410
0.276
0.083
0.775
0.725
0.549
0.593
0.820
0.045
0.808
0.791
0.140
0.456
0.181
0.323
0.122
0.574
0.861
0.125
0.231
0.192
0.574
0.512
0.395
0.615
0.751
0.224
0.171
0.517
0.487
0.789
0.081
0.491
0.763
0.789
0.643
0.691
0.861
0.340
0.066
0.315
0.959
0.426
0.411
0.227
0.936
0.708
0.382
0.881
0.032
0.762
0.399
0.051
0.653
0.682
0.426
0.722
0.871
0.375
0.119
0.402
0.946
0.407
0.115
0.520
0.904
0.867
0.533
0.016
0.520
0.581
0.687
0.592
0.029
0.964
0.258
0.904
0.631
0.132
0.324
0.636
0.076
0.275
0.116
0.785
0.933
0.057
0.474
0.234
0.910
0.193
0.448
0.002
0.755
0.506
0.406
0.956
0.326
0.540
0.149
0.506
0.193
0.109
0.773
0.013
0.160
0.525
0.597
0.059
0.474
0.399
0.873
0.321
0.252
0.532
0.147
0.099
0.518
0.772
0.020
0.639
0.516
0.737
0.553
0.627
0.812
0.161
0.601
0.448
0.095
0.437
0.255
0.486
0.432
0.273
0.007
0.642
0.541
0.478
0.004
0.221
0.932
0.508
0.618
0.059
0.512
0.077
0.916
0.064
0.568
0.259
0.510
0.946
0.165
0.676
0.966
0.041
0.660
0.251
0.173
0.463
0.426
0.152
0.709
0.021
0.408
0.302
0.096
0.639
0.859
0.809
0.407
0.108
0.625
0.058
0.012
0.545
0.554
0.846
0.840
0.873
0.691
0.111
0.527
0.110
0.551
0.764
0.065
0.398
0.820
0.338
0.638
0.158
0.895
0.335
0.214
0.960
0.629
0.058
0.248
0.847
0.337
0.566
0.587
0.551
0.927
0.045
0.335
0.268
0.039
0.246
0.272
0.844
0.574
0.597
0.502
0.750
0.898
0.040
0.807
0.924
0.251
0.334
0.348
0.843
0.538
0.849
0.406
0.899
0.003
0.945
0.415
0.609
0.230
0.211
0.294
0.419
0.427
0.047
0.583
0.072
0.915
0.669
0.035
0.535
0.737
0.839
0.332
0.573
0.633
0.134
0.503
0.214
0.631
0.058
0.232
0.414
0.864
0.454
0.659
0.669
0.797
0.563
0.598
0.999
0.169
0.404
0.993
0.619
0.340
0.707
0.905
0.968
0.394
0.977
0.848
0.264
0.678
0.187
0.949
0.185
0.673
0.046
0.749
0.135
0.851
0.177
0.366
0.340
0.446
0.069
0.017
0.408
0.452
0.425
0.088
0.886
0.811
0.869
0.611
0.947
0.069
0.326
0.444
0.539
0.262
0.941
0.995
0.520
0.557
0.820
0.290
0.159
0.540
0.500
0.970
0.173
0.416
0.959
0.929
0.642
0.335
0.852
0.450
0.584
0.731
0.632
0.090
0.260
0.636
0.436
0.244
0.335
0.283
0.024
0.806
0.990
0.264
0.385
0.683
0.672
0.217
0.887
0.931
0.821
0.455
0.334
0.106
0.987
0.009
0.909
0.700
0.641
0.349
0.022
0.209
0.295
0.030
0.081
0.210
0.142
0.713
0.830
0.115
0.181
0.720
0.558
0.837
0.164
0.786
0.513
0.169
0.512
0.928
0.193
0.359
0.895
0.013
0.803
0.274
0.183
0.391
0.969
0.872
0.256
0.534
0.277
0.275
0.125
0.184
0.349
0.607
0.376
0.816
0.836
0.097
0.164
0.201
0.052
0.091
0.472
0.766
0.295
0.738
0.088
0.661
0.187
0.916
0.736
0.791
0.742
0.038
0.659
0.906
0.138
0.516
0.358
0.697
0.008
0.001
0.607
0.149
0.984
0.539
0.300
0.163
0.158
0.711
0.246
0.706
0.152
0.203
0.274
0.308
0.504
0.252
0.479
0.676
0.975
0.510
0.950
0.795
0.629
0.516
0.362
0.966
0.880
0.428
0.928
0.341
0.799
0.486
0.200
0.116
0.589
0.121
0.190
0.152
0.604
0.830
0.540
0.763
0.028
0.999
0.345
0.714
0.473
0.003
0.087
0.994
0.105
0.646
0.807
0.768
0.648
0.586
0.794
0.948
0.646
0.021
0.272
0.023
0.347
0.693
0.153
0.079
0.731
0.186
0.990
0.714
0.597
0.565
0.230
0.871
0.934
0.032
0.269
0.669
0.619
0.103
0.072
0.648
0.459
0.590
0.271
0.737
0.573
0.409
0.585
0.391
0.750
0.857
0.347
0.697
0.481
0.216
0.417
0.500
0.175
0.013
0.746
0.039
0.150
0.992
0.745
0.334
0.227
0.811
0.468
0.868
0.343
0.949
0.008
0.523
0.139
0.228
0.659
0.012
0.511
0.121
0.147
0.265
0.900
0.019
0.301
0.082
0.865
0.107
0.837
0.722
0.678
0.871
0.088
0.835
0.480
0.194
0.585
0.214
0.037
0.449
0.630
0.590
0.204
0.632
0.847
0.463
0.205
0.308
0.573
0.645
0.920
0.278
0.467
0.239
0.408
0.352
0.973
0.574
0.992
0.293
0.669
0.963
0.127
0.643
0.019
0.922
0.099
0.672
0.898
0.056
0.144
0.050
0.401
0.333
0.525
0.943
0.148
0.050
0.532
0.235
0.226
0.774
0.342
0.969
0.531
0.579
0.448
0.554
0.356
0.714
0.189
0.812
0.101
0.304
0.564
0.231
0.530
0.952
0.343
0.728
0.111
0.417
0.235
0.561
0.680
0.452
0.930
0.740
0.374
0.994
0.881
0.265
0.448
0.440
0.066
0.810
0.769
0.688
0.943
0.187
0.514
0.094
0.652
0.795
0.725
0.723
0.152
0.369
0.431
0.868
0.935
0.321
0.992
0.111
0.124
0.252
0.377
0.130
0.063
0.151
0.980
0.446
0.550
0.421
0.867
0.175
0.639
0.608
0.982
0.458
0.938
0.689
0.005
0.094
0.674
0.953
0.105
0.179
0.706
0.366
0.092
0.500
0.440
0.705
0.775
0.655
0.407
0.111
0.028
0.355
0.450
0.726
0.117
0.399
0.041
0.933
0.402
0.318
0.092
0.756
0.183
0.709
0.273
0.823
0.706
0.677
0.307
0.366
0.598
0.920
0.452
0.546
0.959
0.338
0.530
0.962
0.454
0.762
0.260
0.374
0.167
0.908
0.333
0.542
0.725
0.476
0.163
0.237
0.626
0.571
0.064
0.078
0.634
0.479
0.985
0.295
0.695
0.018
0.620
0.804
0.701
0.353
0.295
0.891
0.445
0.464
0.804
0.926
0.682
0.246
0.090
0.692
0.347
0.243
0.400
0.668
0.466
0.951
0.132
0.686
0.309
0.907
0.357
0.885
0.055
0.567
0.222
0.143
0.496
0.017
0.463
0.332
0.920
0.757
0.452
0.193
0.392
0.789
0.404
0.694
0.260
0.051
0.695
0.566
0.821
0.013
0.853
0.959
0.526
0.231
0.089
0.009
0.465
0.398
0.944
0.404
0.159
0.999
0.074
0.882
0.182
0.285
0.443
0.922
0.857
0.023
0.620
0.210
0.394
0.438
0.003
0.966
0.840
0.591
0.725
0.622
0.392
0.545
0.605
0.237
0.844
0.976
0.718
0.900
0.409
0.726
0.987
0.142
0.305
0.807
0.144
0.394
0.468
0.710
0.567
0.732
0.864
0.966
0.913
0.945
0.151
0.916
0.403
0.940
0.269
0.750
0.981
0.032
0.337
0.519
0.857
0.179
0.934
0.331
0.631
0.092
0.003
0.052
0.122
0.575
0.441
0.571
0.244
0.943
0.583
0.021
0.746
0.614
0.449
0.035
0.050
0.646
0.891
0.324
0.123
0.644
0.915
0.567
0.312
0.001
0.946
0.418
0.668
0.642
0.433
0.387
0.461
0.998
0.976
0.709
0.023
0.693
0.690
0.313
0.223
0.298
0.330
0.255
0.984
0.435
0.549
0.647
0.474
0.686
0.474
0.683
0.700
0.256
0.279
0.876
0.967
0.710
0.683
0.700
0.253
0.260
0.109
0.612
0.588
0.248
0.472
0.695
0.812
0.042
0.878
0.858
0.616
0.818
0.422
0.773
0.549
0.888
0.771
0.083
0.510
0.171
0.329
0.005
0.408
0.451
0.090
0.616
0.058
0.942
0.962
0.190
0.103
0.269
0.313
0.282
0.877
0.586
0.399
0.257
0.470
0.507
0.080
0.723
0.396
0.328
0.091
0.683
0.797
0.506
0.033
0.878
0.053
0.620
0.987
0.859
0.900
0.335
0.809
0.480
0.547
0.214
0.317
0.903
0.616
0.600
0.489
0.588
0.271
0.277
0.876
0.718
0.903
0.271
0.854
0.254
0.487
0.021
0.781
0.727
0.734
0.433
0.343
0.076
0.162
0.808
0.536
0.898
0.703
0.029
0.493
0.702
0.469
0.413
0.526
0.513
0.885
0.817
0.349
0.253
0.585
0.235
0.140
0.301
0.957
0.742
0.910
0.355
0.946
0.791
0.798
0.686
0.622
0.907
0.576
0.295
0.410
0.034
0.971
0.041
0.045
0.135
0.046
0.521
0.969
0.310
0.389
0.367
0.637
0.409
0.791
0.388
0.097
0.630
0.558
0.929
0.905
0.081
0.732
0.128
0.592
0.427
0.224
0.738
0.133
0.368
0.685
0.910
0.246
0.831
0.923
0.913
0.261
0.543
0.789
0.569
0.112
0.289
