0.163
0.930
0.198
0.982
0.439
0.630
0.717
0.920
0.909
0.545
0.371
0.009
0.290
0.544
0.043
0.263
0.312
0.038
0.095
0.140
0.686
0.825
0.390
0.914
0.625
0.663
0.111
0.446
0.758
0.708
0.054
0.214
0.220
0.965
0.773
0.497
0.495
0.060
0.638
0.817
0.249
0.653
0.357
0.866
0.239
0.624
0.658
0.927
0.026
0.828
0.930
0.952
0.151
0.083
0.197
0.704
0.523
0.460
0.261
0.528
0.337
0.577
0.770
0.050
0.854
0.762
0.028
0.025
0.246
0.130
0.002
0.641
0.542
0.473
0.197
0.974
0.555
0.817
0.798
0.045
0.034
0.739
0.160
0.582
0.480
0.304
0.049
0.280
0.755
0.112
0.724
0.389
0.802
0.338
0.977
0.926
0.862
0.581
0.972
0.953
0.306
0.474
0.959
0.934
0.434
0.064
0.165
0.208
0.570
0.626
0.757
0.172
0.713
0.819
0.631
0.809
0.125
0.794
0.085
0.968
0.274
0.196
0.318
0.489
0.308
0.127
0.470
0.949
0.626
0.513
0.759
0.139
0.444
0.796
0.896
0.425
0.099
0.641
0.065
0.858
0.646
0.722
0.078
0.579
0.096
0.899
0.294
0.033
0.137
0.825
0.900
0.364
0.052
0.878
0.873
0.438
0.197
0.340
0.002
0.112
0.222
0.165
0.410
0.458
0.613
0.950
0.233
0.148
0.385
0.565
0.903
0.653
0.938
0.195
0.225
0.709
0.566
0.810
0.501
0.066
0.750
0.549
0.931
0.955
0.381
0.688
0.813
0.635
0.242
0.551
0.355
0.179
0.667
0.810
0.243
0.236
0.763
0.229
0.578
0.858
0.146
0.477
0.781
0.311
0.939
0.606
0.473
0.389
0.306
0.088
0.619
0.565
0.798
0.534
0.983
0.796
0.003
0.470
0.190
0.066
0.324
0.945
0.923
0.774
0.471
0.553
0.163
0.322
0.816
0.312
0.636
0.423
0.387
0.471
0.247
0.956
0.796
0.211
0.613
0.558
0.890
0.986
0.612
0.649
0.084
0.799
0.367
0.967
0.557
0.857
0.542
0.252
0.851
0.635
0.044
0.925
0.617
0.337
0.559
0.907
0.189
0.833
0.735
0.639
0.921
0.695
0.098
0.735
0.667
0.113
0.249
0.538
0.111
0.247
0.723
0.957
0.473
0.108
0.472
0.808
0.649
0.351
0.620
0.279
0.591
0.067
0.607
0.443
0.087
0.952
0.992
0.837
0.323
0.058
0.596
0.575
0.472
0.012
0.806
0.882
0.750
0.907
0.319
0.412
0.921
0.994
0.378
0.699
0.695
0.903
0.792
0.494
0.803
0.014
0.100
0.839
0.629
0.495
0.058
0.995
0.096
0.733
0.745
0.472
0.058
0.402
0.435
0.266
0.015
0.930
0.770
0.474
0.581
0.644
0.375
0.332
0.702
0.246
0.111
0.928
0.255
0.479
0.501
0.411
0.553
0.914
0.451
0.126
0.518
0.271
0.130
0.841
0.279
0.672
0.921
0.073
0.395
0.242
0.649
0.150
0.000
0.158
0.373
0.263
0.422
0.167
0.069
0.287
0.043
0.743
0.628
0.196
0.449
0.172
0.572
0.764
0.622
0.587
0.340
0.271
0.013
0.451
0.913
0.804
0.050
0.203
0.183
0.087
0.977
0.364
0.829
0.818
0.995
0.100
0.977
0.727
0.942
0.690
0.727
0.583
0.333
0.851
0.214
0.665
0.349
0.373
0.685
0.787
0.548
0.761
0.745
0.983
0.791
0.769
0.640
0.614
0.870
0.641
0.425
0.631
0.413
0.074
0.722
0.700
0.804
0.046
0.463
0.031
0.979
0.215
0.739
0.626
0.173
0.862
0.335
0.537
0.799
0.398
0.375
0.979
0.308
0.288
0.834
0.924
0.320
0.356
0.816
0.194
0.954
0.728
0.120
0.388
0.055
0.879
0.434
0.366
0.242
0.149
0.504
0.950
0.573
0.813
0.317
0.207
0.968
0.777
0.022
0.034
0.240
0.579
0.495
0.023
0.823
0.293
0.462
0.610
0.223
0.193
0.967
0.502
0.666
0.723
0.595
0.707
0.002
0.579
0.583
0.346
0.800
0.369
0.147
0.957
0.941
0.932
0.996
0.656
0.593
0.389
0.327
0.714
0.244
0.146
0.411
0.597
0.542
0.388
0.024
0.479
0.090
0.649
0.209
0.178
0.545
0.886
0.940
0.295
0.792
0.533
0.322
0.452
0.039
0.058
0.453
0.621
0.144
0.673
0.280
0.616
0.264
0.581
0.657
0.254
0.623
0.709
0.772
0.806
0.030
0.040
0.198
0.944
0.653
0.352
0.445
0.411
0.325
0.290
0.783
0.346
0.813
0.243
0.614
0.969
0.809
0.321
0.761
0.347
0.114
0.860
0.301
0.959
0.047
0.434
0.767
0.161
0.063
0.456
0.628
0.590
0.439
0.610
0.665
0.364
0.636
0.538
0.458
0.691
0.626
0.361
0.925
0.240
0.749
0.523
0.553
0.965
0.367
0.260
0.138
0.442
0.707
0.942
0.385
0.986
0.622
0.192
0.831
0.585
0.807
0.343
0.777
0.585
0.020
0.050
0.343
0.027
0.292
0.889
0.438
0.691
0.563
0.173
0.378
0.341
0.720
0.228
0.036
0.589
0.643
0.365
0.334
0.499
0.146
0.452
0.143
0.024
0.109
0.070
0.892
0.188
0.940
0.485
0.344
0.234
0.836
0.801
0.225
0.760
0.563
0.486
0.662
0.279
0.858
0.743
0.836
0.667
0.175
0.594
0.978
0.225
0.924
0.401
0.356
0.875
0.219
0.296
0.503
0.414
0.754
0.243
0.952
0.929
0.710
0.940
0.685
0.701
0.186
0.526
0.320
0.792
0.956
0.265
0.769
0.206
0.998
0.544
0.570
0.812
0.152
0.022
0.437
0.856
0.919
0.768
0.283
0.224
0.062
0.354
0.515
0.275
0.252
0.699
0.014
0.050
0.224
0.996
0.900
0.922
0.954
0.554
0.859
0.291
0.188
0.346
0.808
0.820
0.670
0.171
0.281
0.446
0.783
0.870
0.675
0.609
0.466
0.394
0.659
0.587
0.680
0.918
0.889
0.321
0.912
0.589
0.601
0.037
0.942
0.256
0.870
0.547
0.030
0.652
0.246
0.590
0.498
0.192
0.223
0.014
0.439
0.862
0.572
0.484
0.822
0.157
0.539
0.886
0.732
0.852
0.387
0.491
0.153
0.330
0.900
0.033
0.394
0.862
0.872
0.391
0.080
0.635
0.290
0.839
0.359
0.604
0.797
0.099
0.321
0.240
0.498
0.301
0.066
0.372
0.874
0.858
0.216
0.938
0.731
0.375
0.928
0.398
0.897
0.134
0.928
0.260
0.874
0.937
0.428
0.617
0.624
0.533
0.112
0.076
0.993
0.146
0.194
0.321
0.222
0.556
0.586
0.188
0.802
0.496
0.837
0.572
0.484
0.051
0.931
0.910
0.376
0.081
0.393
0.627
0.345
0.054
0.056
0.428
0.396
0.636
0.940
0.512
0.566
0.261
0.000
0.355
0.948
0.156
0.818
0.683
0.624
0.055
0.847
0.629
0.415
0.839
0.994
0.954
0.968
0.265
0.599
0.819
0.399
0.670
0.637
0.623
0.211
0.932
0.775
0.809
0.393
0.047
0.046
0.578
0.976
0.325
0.614
0.667
0.601
0.630
0.902
0.009
0.813
0.545
0.783
0.376
0.064
0.817
0.336
0.357
0.309
0.426
0.231
0.974
0.289
0.814
0.312
0.251
0.870
0.213
0.487
0.746
0.261
0.107
0.488
0.673
0.803
0.108
0.994
0.040
0.065
0.543
0.047
0.148
0.374
0.372
0.002
0.206
0.137
0.591
0.640
0.946
0.446
0.541
0.002
0.872
0.610
0.371
0.460
0.341
0.324
0.299
0.177
0.124
0.250
0.787
0.331
0.657
0.167
0.508
0.650
0.933
0.215
0.716
0.924
0.447
0.750
0.442
0.793
0.768
0.237
0.897
0.211
0.138
0.763
0.794
0.689
0.093
0.223
0.943
0.056
0.651
0.598
0.158
0.835
0.267
0.864
0.300
0.779
0.491
0.540
0.095
0.398
0.592
0.500
0.763
0.513
0.511
0.067
0.245
0.190
0.711
0.200
0.545
0.720
0.044
0.260
0.389
0.577
0.562
0.166
0.130
0.496
0.209
0.637
0.850
0.884
0.291
0.082
0.101
0.487
0.798
0.117
0.820
0.189
0.820
0.086
0.738
0.163
0.275
0.459
0.016
0.711
0.609
0.491
0.074
0.081
0.110
0.533
0.750
0.107
0.916
0.845
0.368
0.530
0.897
0.586
0.915
0.428
0.887
0.973
0.502
0.412
0.560
0.040
0.443
0.477
0.820
0.218
0.766
0.995
0.443
0.829
0.669
0.787
0.453
0.048
0.632
0.859
0.405
0.317
0.448
0.693
0.503
0.137
0.462
0.934
0.344
0.416
0.321
0.145
0.458
0.850
0.049
0.568
0.505
0.035
0.194
0.653
0.001
0.954
0.381
0.798
0.888
0.465
0.469
0.503
0.628
0.267
0.591
0.918
0.159
0.455
0.103
0.955
0.250
0.272
0.995
0.055
0.186
0.776
0.558
0.845
0.276
0.403
0.654
0.092
0.856
0.195
0.091
0.931
0.052
0.688
0.739
0.126
0.888
0.562
0.838
0.640
0.630
0.527
0.275
0.595
0.134
0.341
0.623
0.575
0.364
0.798
0.424
0.818
0.377
0.922
0.323
0.777
0.616
0.129
0.583
0.281
0.309
0.089
0.267
0.254
0.462
0.493
0.945
0.099
0.960
0.149
0.220
0.475
0.278
0.543
0.062
0.924
0.991
0.621
0.781
0.868
0.579
0.533
0.136
0.086
0.082
0.397
0.599
0.949
0.762
0.371
0.562
0.448
0.948
0.904
0.350
0.641
0.211
0.462
0.627
0.242
0.935
0.752
0.911
0.517
0.748
0.870
0.034
0.956
0.506
0.729
0.446
0.360
0.417
0.342
0.340
0.699
0.152
0.458
0.976
0.724
0.186
0.814
0.261
0.123
0.717
0.587
0.511
0.614
0.993
0.637
0.663
0.440
0.293
0.152
0.789
0.898
0.919
0.236
0.744
0.484
0.825
0.695
0.925
0.202
0.878
0.449
0.567
0.815
0.086
0.986
0.487
0.650
0.200
0.643
0.729
0.453
0.943
0.144
0.017
0.833
0.159
0.335
0.243
0.591
0.368
0.701
0.565
0.184
0.230
0.255
0.826
0.819
0.582
0.021
0.377
0.429
0.394
0.013
0.292
0.588
0.806
0.187
0.125
0.912
0.521
0.126
0.196
0.174
0.786
0.524
0.039
0.905
0.420
0.215
0.484
0.991
0.889
0.462
0.752
0.077
0.076
0.930
0.649
0.711
0.398
0.323
0.323
0.039
0.936
0.851
0.142
0.257
0.106
0.611
0.239
0.161
0.279
0.144
0.820
0.476
0.646
0.279
0.324
0.866
0.951
0.157
0.128
0.183
0.050
0.905
0.495
0.455
0.976
0.187
0.901
0.063
0.442
0.006
0.658
0.766
0.092
0.283
0.779
0.595
0.244
0.078
0.872
0.491
0.590
0.594
0.867
0.103
0.544
0.608
0.244
0.799
0.485
0.436
0.279
0.065
0.676
0.286
0.254
0.502
0.233
0.532
0.245
0.233
0.281
0.935
0.098
0.293
0.034
0.703
0.968
0.197
0.663
0.433
0.844
0.894
0.892
0.954
0.733
0.515
0.432
0.797
0.820
0.461
0.106
0.190
0.674
0.142
0.561
0.126
0.475
0.015
0.992
0.645
0.967
0.014
0.262
0.589
0.418
0.509
0.699
0.985
0.852
0.331
0.830
0.540
0.644
0.256
0.131
0.962
0.685
0.141
0.188
0.671
0.492
0.101
0.434
0.106
0.117
0.988
0.022
0.972
0.742
0.354
0.470
0.455
0.455
0.595
0.500
0.415
0.234
0.891
0.564
0.691
0.641
0.759
0.719
0.054
0.234
0.021
0.201
0.771
0.210
0.852
0.721
0.199
0.255
0.424
0.885
0.815
0.663
0.054
0.512
0.926
0.098
0.346
0.383
0.877
0.828
0.341
0.668
0.400
0.363
0.525
0.149
0.898
0.467
0.283
0.342
0.713
0.504
0.734
0.042
0.615
0.446
0.828
0.764
0.413
0.348
0.996
0.855
0.787
0.647
0.980
0.206
0.144
0.665
0.318
0.970
0.527
0.397
0.175
0.079
0.193
0.352
0.909
0.438
0.097
0.768
0.333
0.295
0.550
0.975
0.280
0.851
0.606
0.175
0.272
0.440
0.559
0.211
0.195
0.721
0.655
0.537
0.286
0.634
0.678
0.412
0.675
0.519
0.247
0.628
0.047
0.067
0.282
0.266
0.239
0.352
0.648
0.237
0.358
0.021
0.089
0.500
0.220
0.187
0.960
0.297
0.122
0.660
0.269
0.392
0.006
0.529
0.074
0.712
0.423
0.555
0.238
0.478
0.571
0.364
0.567
0.443
0.373
0.967
0.051
0.672
0.136
0.491
0.187
0.604
0.506
0.463
0.888
0.059
0.712
0.115
0.587
0.555
0.807
0.315
0.135
0.690
0.337
0.300
0.380
0.959
0.297
0.619
0.740
0.630
0.617
0.987
0.380
0.538
0.959
0.549
0.374
0.316
0.706
0.613
0.590
0.498
0.115
0.322
0.471
0.143
0.374
0.131
0.654
0.810
0.114
0.707
0.758
0.288
0.555
0.070
0.360
0.912
0.476
0.111
0.121
0.493
0.602
0.103
0.326
0.773
0.950
0.963
0.814
0.886
0.637
0.632
0.351
0.120
0.405
0.432
0.662
0.277
0.073
0.278
0.701
0.677
0.745
0.694
0.602
0.172
0.587
0.230
0.108
0.567
0.535
0.360
0.081
0.156
0.021
0.575
0.521
0.170
0.740
0.411
0.893
0.707
0.799
0.678
0.569
0.978
0.349
0.875
0.847
0.513
0.459
0.993
0.220
0.771
0.464
0.935
0.840
0.417
0.026
0.719
0.717
0.664
0.767
0.091
0.196
0.938
0.694
0.507
0.285
0.216
0.177
0.949
0.310
0.180
0.412
0.322
0.841
0.704
0.032
0.241
0.043
0.857
0.994
0.471
0.229
0.356
0.560
0.774
0.406
0.360
0.528
0.478
0.013
0.511
0.995
0.349
0.827
0.277
0.403
0.471
0.971
0.685
0.279
0.247
0.861
0.120
0.839
0.738
0.646
0.442
0.928
0.401
0.665
0.630
0.927
0.588
0.733
0.179
0.395
0.523
0.619
0.529
0.803
0.266
0.906
0.026
0.517
0.329
0.333
0.885
0.024
0.191
0.481
0.027
0.346
0.060
0.960
0.090
0.626
0.012
0.775
0.988
0.821
0.037
0.310
0.078
0.832
0.713
0.579
0.501
0.640
0.613
0.852
0.595
0.567
0.167
0.386
0.328
0.012
0.070
0.916
0.600
0.746
0.486
0.801
0.685
0.653
0.804
0.140
0.454
0.864
0.850
0.954
0.117
0.374
0.165
0.515
0.583
0.577
0.014
0.314
0.150
0.191
0.002
0.134
0.940
0.768
0.377
0.228
0.052
0.506
0.805
0.478
0.971
0.161
0.457
0.094
0.423
0.014
0.814
0.232
0.551
0.907
0.463
0.764
0.443
0.763
0.153
0.277
0.936
0.928
0.494
0.546
0.985
0.743
0.285
0.830
0.272
0.997
0.224
0.123
0.776
0.212
0.587
0.824
0.888
0.204
0.075
0.911
0.158
0.507
0.270
0.440
0.413
0.091
0.954
0.548
0.751
0.606
0.930
0.996
0.888
0.964
0.607
0.212
0.445
0.400
0.233
0.162
0.238
0.059
0.918
0.636
0.921
0.536
0.047
0.550
0.124
0.825
0.266
0.048
0.884
0.711
0.872
0.246
0.943
0.344
0.263
0.935
0.773
0.338
0.965
0.410
0.720
0.445
0.436
0.022
0.433
0.241
0.631
0.357
0.474
0.022
0.011
0.703
0.164
0.464
0.972
0.619
0.745
0.962
0.341
0.634
0.887
0.288
0.095
0.576
0.696
0.586
0.185
0.488
0.780
0.799
0.871
0.864
0.229
0.485
0.840
0.038
0.017
0.880
0.939
0.688
0.757
0.019
0.859
0.001
0.073
0.347
0.815
0.457
0.539
0.551
0.434
0.961
0.442
0.299
0.639
0.033
0.998
0.027
0.718
0.044
0.706
0.919
0.857
0.187
0.315
0.711
0.839
0.238
0.687
0.350
0.236
0.323
1.000
0.941
0.767
0.954
0.147
0.107
0.271
0.776
0.621
0.753
0.378
0.083
0.754
0.177
0.248
0.145
0.049
0.756
0.982
0.168
0.143
0.522
0.103
0.683
0.367
0.932
0.431
0.622
0.742
0.086
0.378
0.935
0.681
0.348
0.832
0.903
0.821
0.665
0.640
0.473
0.823
0.085
0.648
0.010
0.038
0.124
0.256
0.420
0.064
0.444
0.417
0.880
0.160
0.562
0.314
0.905
0.228
0.512
0.945
0.941
0.347
0.002
0.382
0.781
0.802
0.307
0.725
0.255
0.679
0.247
0.066
0.947
0.659
0.454
0.088
0.658
0.650
0.796
0.553
0.555
0.098
0.724
0.734
0.989
0.744
0.483
0.281
0.601
0.204
0.173
0.929
0.468
0.316
0.027
0.648
0.477
0.565
0.689
0.668
0.644
0.272
0.693
0.616
0.033
0.087
0.797
0.441
0.442
0.124
0.629
0.184
0.433
0.816
0.900
0.164
0.780
0.950
0.889
0.760
0.640
0.747
0.713
0.372
0.451
0.157
0.765
0.723
0.852
0.698
0.412
0.197
0.917
0.797
0.493
0.891
0.652
0.188
0.003
0.479
0.641
0.762
0.044
0.486
0.342
0.478
0.339
0.815
0.892
0.121
0.067
0.590
0.503
0.351
0.711
1.000
0.351
0.658
0.937
0.450
0.248
0.708
0.375
0.694
0.832
0.269
0.621
0.674
0.549
0.428
0.240
0.458
0.246
0.831
0.906
0.955
0.080
0.181
0.986
0.010
0.222
0.432
0.704
0.556
0.468
0.262
0.249
0.578
0.507
0.771
0.671
0.594
0.076
0.101
0.542
0.103
0.966
0.067
0.028
0.961
0.703
0.082
0.652
0.789
0.451
0.798
0.097
0.053
0.149
0.835
0.279
0.252
0.893
0.525
0.411
0.893
0.467
0.047
0.377
0.042
0.134
0.978
0.701
0.659
0.356
0.244
0.707
0.882
0.214
0.681
0.923
0.047
0.825
0.642
0.862
0.159
0.461
0.319
0.487
0.721
0.093
0.192
0.112
0.279
0.376
0.684
0.852
0.394
0.843
0.273
0.078
0.083
0.631
0.529
0.297
0.581
0.348
0.083
0.534
0.236
0.390
0.588
0.512
0.742
0.494
0.379
0.158
0.197
0.141
0.567
0.060
0.433
0.215
0.835
0.053
0.745
0.200
0.017
0.964
0.717
0.460
0.780
0.884
0.421
0.800
0.223
0.676
0.747
0.357
0.874
0.784
0.083
0.100
0.086
0.968
0.522
0.058
0.725
0.535
0.293
0.207
0.299
0.704
0.132
0.757
0.799
0.897
0.748
0.495
0.531
0.896
0.408
0.656
0.394
0.816
0.772
0.458
0.370
0.995
0.540
0.523
0.925
0.760
0.048
0.720
0.244
0.389
0.840
0.800
0.832
0.473
0.643
0.351
0.453
0.735
0.918
0.560
0.627
0.373
0.566
0.635
0.712
0.996
0.988
0.489
0.261
0.181
0.436
0.610
0.937
0.017
0.954
0.251
0.698
0.578
0.294
0.073
0.319
0.300
0.053
0.944
0.258
0.631
0.582
0.649
0.214
0.223
0.981
0.027
0.074
0.144
0.425
0.649
0.627
0.630
0.798
0.196
0.338
0.073
0.547
0.270
0.592
0.989
0.494
0.914
0.801
0.946
0.030
0.112
0.727
0.025
0.139
0.570
0.269
0.582
0.844
0.874
0.907
0.682
0.924
0.668
0.538
0.100
0.858
0.255
0.964
0.685
0.820
0.400
0.840
0.749
0.671
0.680
0.778
0.613
0.840
0.912
0.342
0.261
0.109
0.281
0.397
0.775
0.878
0.177
0.192
0.290
0.574
0.525
0.202
0.945
0.546
0.208
0.890
0.243
0.400
0.621
0.721
0.857
0.313
0.070
0.378
0.569
0.974
0.621
0.317
0.659
0.280
0.331
0.452
0.846
0.461
0.620
0.052
0.414
0.841
0.493
0.785
0.381
0.870
0.523
0.131
0.552
0.907
0.341
0.659
0.259
0.208
0.724
0.859
0.947
0.408
0.059
0.990
0.258
0.201
0.954
0.543
0.784
0.540
0.218
0.793
0.681
0.551
0.219
0.992
0.034
0.346
0.555
0.873
0.233
0.311
0.974
0.749
0.968
0.441
0.307
0.853
0.502
0.354
0.921
0.803
0.411
0.209
0.885
0.108
0.837
0.513
0.003
0.189
0.036
0.373
0.904
0.344
0.713
0.027
0.632
0.725
0.426
0.173
0.745
0.559
0.023
0.114
0.988
0.606
0.150
0.263
0.175
0.702
0.402
0.243
0.975
0.487
0.971
0.250
0.756
0.570
0.772
0.453
0.645
0.752
0.189
0.763
0.177
0.272
0.690
0.002
0.673
0.962
0.245
0.767
0.367
0.068
0.473
0.917
0.822
0.212
0.989
0.479
0.347
0.041
0.477
0.961
0.988
0.617
0.133
0.231
0.028
0.651
0.735
0.712
0.837
0.201
0.199
0.433
0.142
0.330
0.675
0.744
0.887
0.141
0.025
0.521
0.670
0.657
0.747
0.083
0.972
0.440
0.907
0.367
0.909
0.743
0.560
0.048
0.124
0.603
0.933
0.301
0.603
0.688
0.478
0.177
0.698
0.552
0.589
0.438
0.426
0.206
0.728
0.802
0.414
0.332
0.156
0.711
0.625
0.500
0.868
0.711
0.814
0.349
0.456
0.830
0.291
0.234
0.084
0.210
0.050
0.334
0.974
0.558
0.706
0.514
0.283
0.203
0.321
0.938
0.419
0.187
0.724
0.935
0.962
0.740
0.184
0.795
0.064
0.604
0.414
0.783
0.654
0.098
0.214
0.471
0.197
0.726
0.457
0.498
0.866
0.897
0.982
0.506
0.718
0.636
0.900
0.584
0.889
0.812
0.381
0.428
0.528
0.101
0.586
0.681
0.996
0.507
0.540
0.410
0.803
0.075
0.792
0.360
0.868
0.616
0.334
0.501
0.571
0.590
0.042
0.124
0.195
0.185
0.171
0.935
0.396
0.252
0.292
0.127
0.472
0.303
0.739
0.340
0.538
0.884
0.274
0.133
0.449
0.114
0.949
0.618
0.584
0.508
0.060
0.414
0.042
0.930
0.059
0.964
0.495
0.418
0.350
0.229
0.473
0.103
0.625
0.990
0.210
0.137
0.182
0.273
0.824
0.941
0.889
0.982
0.582
0.585
0.074
0.582
0.019
0.223
0.725
0.128
0.333
0.382
0.973
0.319
0.984
0.680
0.522
0.049
0.673
0.484
0.400
0.875
0.632
0.143
0.293
0.419
0.533
0.172
0.990
0.369
0.259
0.566
0.147
0.158
0.412
0.114
0.169
0.167
0.189
0.875
0.386
0.472
0.885
0.638
0.416
0.998
0.291
0.318
0.225
0.498
0.464
0.716
0.646
0.383
0.638
0.405
0.040
0.686
0.924
0.148
0.913
0.789
0.784
0.029
0.460
0.633
0.744
0.978
0.288
0.486
0.959
0.430
0.069
0.162
0.400
0.236
0.505
0.926
0.500
0.643
0.706
0.116
0.089
0.601
0.720
0.522
0.962
0.615
0.466
0.817
0.914
0.541
0.574
0.178
0.528
0.414
0.602
0.211
0.099
0.984
0.988
0.055
0.031
0.329
0.931
0.750
0.756
0.946
0.543
0.490
0.981
0.003
0.024
0.309
0.567
0.688
0.507
0.846
0.036
0.091
0.665
0.946
0.693
0.200
0.409
0.167
0.146
0.003
0.663
0.313
0.795
0.339
0.088
0.733
0.361
0.601
0.448
0.029
0.523
0.926
0.415
0.101
0.717
0.362
0.246
0.483
0.838
0.659
0.475
0.141
0.106
0.633
0.157
0.255
0.262
0.325
0.692
0.371
0.670
0.162
0.865
0.030
0.571
0.584
0.187
0.005
0.119
0.524
0.116
0.112
0.946
0.759
0.434
0.595
0.504
0.372
0.906
0.472
0.024
0.011
0.684
0.031
0.877
0.984
0.651
0.393
0.606
0.196
0.617
0.168
0.497
0.840
0.563
0.228
0.813
0.988
0.297
0.276
0.484
0.959
0.377
0.280
0.642
0.182
0.392
0.509
0.017
0.550
0.892
0.701
0.068
0.229
0.236
0.560
0.040
0.519
0.673
0.164
0.072
0.783
0.349
0.019
0.925
0.835
0.379
0.039
0.261
0.411
0.087
0.830
0.294
0.042
0.735
0.871
0.697
0.207
0.511
0.612
0.243
0.252
0.289
0.305
0.669
0.082
0.157
0.740
0.760
0.262
0.777
0.777
0.021
0.863
0.768
0.429
0.707
0.756
0.005
0.056
0.715
0.226
0.257
0.541
0.721
0.008
0.666
0.069
0.896
0.612
0.619
0.776
0.665
0.234
0.378
0.274
0.850
0.098
0.296
0.716
0.443
0.408
0.171
0.890
0.907
0.145
0.008
0.575
0.433
0.052
0.767
0.456
0.096
0.873
0.973
0.897
0.778
0.012
0.198
0.612
0.924
0.190
0.090
0.383
0.160
0.980
0.504
0.967
0.227
0.469
0.320
0.773
0.208
0.795
0.219
0.760
0.358
0.586
0.554
0.957
0.318
0.965
0.704
0.615
0.563
0.890
0.598
0.161
0.464
0.316
0.288
0.679
0.362
0.257
0.249
0.734
0.995
0.287
0.867
0.915
0.657
0.078
0.343
0.384
0.107
0.166
0.936
0.630
0.580
0.704
0.237
0.350
0.694
0.001
0.218
0.006
0.592
0.655
0.493
0.036
0.607
0.190
0.141
0.028
