0.172
0.631
0.993
0.749
0.354
0.155
0.062
0.559
0.228
0.509
0.698
0.410
0.353
0.340
0.593
0.801
0.651
1.000
0.339
0.821
0.404
0.275
0.914
0.993
0.456
0.142
0.005
0.114
0.589
0.746
0.813
0.405
0.093
0.291
0.737
1.000
0.580
0.836
0.274
0.487
0.898
0.137
0.323
0.407
0.859
0.733
0.738
0.694
0.560
0.041
0.817
0.055
0.188
0.747
0.760
0.128
0.327
0.919
0.148
0.590
0.660
0.401
0.902
0.197
0.753
0.180
0.819
0.803
0.492
0.003
0.265
0.061
0.778
0.089
0.958
0.986
0.917
0.792
0.509
0.118
0.814
0.455
0.654
0.694
0.121
0.296
0.560
0.784
0.495
0.647
0.970
0.932
0.398
0.941
0.310
0.023
0.998
0.967
0.413
0.478
0.139
0.263
0.543
0.645
0.179
0.960
0.986
0.289
0.767
0.332
0.794
0.214
0.045
0.286
0.903
0.133
0.616
0.879
0.208
0.592
0.395
0.232
0.969
0.668
0.700
0.963
0.341
0.040
0.194
0.602
0.608
0.087
0.393
0.220
0.495
0.987
0.510
0.911
0.125
0.465
0.443
0.447
0.363
0.186
0.098
0.252
0.880
0.423
0.359
0.809
0.044
0.130
0.213
0.775
0.365
0.486
0.250
0.614
0.173
0.645
0.258
0.886
0.282
0.736
0.440
0.780
0.562
0.228
0.569
0.901
0.554
0.516
0.844
0.465
0.551
0.103
0.152
0.683
0.943
0.688
0.291
0.464
0.750
0.764
0.667
0.432
0.491
0.072
0.147
0.532
0.961
0.480
0.841
0.740
0.367
0.979
0.338
0.211
0.355
0.043
0.395
0.586
0.285
0.897
0.401
0.545
0.203
0.437
0.053
0.814
0.022
0.185
0.984
0.262
0.896
0.869
0.009
0.166
0.510
0.834
0.237
0.330
0.093
0.592
0.011
0.526
0.449
0.715
0.961
0.106
0.394
0.833
0.194
0.238
0.375
0.241
0.676
0.898
0.412
0.048
0.034
0.348
0.813
0.857
0.894
0.599
0.501
0.610
0.397
0.890
0.365
0.200
0.824
0.272
0.936
0.716
0.880
0.336
0.579
0.628
0.378
0.446
0.808
0.067
0.873
0.870
0.856
0.661
0.150
0.953
0.252
0.461
0.123
0.498
0.754
0.201
0.854
0.632
0.464
0.000
0.230
0.873
0.278
0.971
0.417
0.914
0.663
0.762
0.967
0.179
0.303
0.150
0.928
0.648
0.225
0.796
0.129
0.194
0.018
0.470
0.068
0.558
0.445
0.683
0.593
0.232
0.809
0.422
0.618
0.186
0.703
0.975
0.093
0.509
0.219
0.270
0.332
0.532
0.552
0.800
0.683
0.479
0.279
0.152
0.786
0.916
0.852
0.807
0.518
0.675
0.823
0.534
0.736
0.913
0.034
0.096
0.168
0.863
0.061
0.721
0.702
0.267
0.397
0.817
0.368
0.185
0.667
0.408
0.028
0.261
0.231
0.528
0.120
0.877
0.899
0.131
0.076
0.247
0.708
0.520
0.395
0.204
0.196
0.109
0.292
0.412
0.849
0.815
0.398
0.288
0.794
0.711
0.290
0.039
0.207
0.640
0.532
0.029
0.610
0.717
0.099
0.195
0.648
0.634
0.402
0.946
0.537
0.417
0.779
0.043
0.231
0.052
0.019
0.386
0.414
0.372
0.253
0.799
0.039
0.710
0.566
0.409
0.797
0.267
0.993
0.275
0.352
0.144
0.263
0.821
0.554
0.451
0.565
0.708
0.465
0.946
0.019
0.068
0.853
0.795
0.524
0.009
0.658
0.721
0.932
0.280
0.073
0.925
0.814
0.549
0.839
0.109
0.799
0.710
0.253
0.786
0.150
0.365
0.954
0.511
0.184
0.985
0.425
0.745
0.043
0.725
0.102
0.524
0.673
0.245
0.624
0.748
0.155
0.773
0.557
0.964
0.662
0.056
0.701
0.324
0.872
0.707
0.579
0.303
0.825
0.765
0.379
0.244
0.449
0.694
0.634
0.929
0.045
0.422
0.284
0.223
0.660
0.578
0.365
0.211
0.966
0.719
0.225
0.188
0.385
0.131
0.216
0.624
0.992
0.079
0.860
0.080
0.452
0.060
0.412
0.586
0.857
0.186
0.563
0.349
0.495
0.839
0.990
0.451
0.868
0.943
0.062
0.186
0.065
0.602
0.021
0.611
0.785
0.322
0.002
0.539
0.884
0.471
0.618
0.900
0.911
0.810
0.730
0.686
0.149
0.992
0.763
0.099
0.184
0.127
0.059
0.476
0.460
0.090
0.011
0.572
0.868
0.907
0.881
0.793
0.225
0.018
0.463
0.402
0.222
0.783
0.178
0.126
0.759
0.989
0.396
0.342
0.844
0.210
0.298
0.397
0.459
0.081
0.369
0.460
0.248
0.782
0.215
0.924
0.193
0.219
0.394
0.179
0.133
0.162
0.977
0.155
0.990
0.572
0.265
0.902
0.151
0.923
0.409
0.492
0.958
0.876
0.264
0.533
0.342
0.995
0.399
0.234
0.695
0.409
0.267
0.220
0.030
0.798
0.973
0.645
0.471
0.934
0.164
0.606
0.301
0.789
0.398
0.905
0.435
0.112
0.018
0.426
0.762
0.819
0.328
0.721
0.241
0.975
0.878
0.367
0.210
0.782
0.265
0.771
0.490
0.418
0.601
0.051
0.668
0.530
0.293
0.883
0.253
0.548
0.612
0.803
0.272
0.610
0.501
0.824
0.054
0.558
0.368
0.534
0.754
0.383
0.238
0.046
0.053
0.768
0.071
0.794
0.100
0.784
0.662
0.886
0.082
0.595
0.005
0.158
0.862
0.334
0.750
0.050
0.043
0.472
0.211
0.969
0.196
0.316
0.527
0.192
0.220
0.269
0.023
0.518
0.924
0.133
0.354
0.089
0.667
0.988
0.838
0.955
0.348
0.993
0.053
0.918
0.568
0.524
0.622
0.917
0.991
0.666
0.963
0.706
0.671
0.380
0.329
0.759
0.148
0.491
0.380
0.737
0.018
0.102
0.075
0.690
0.651
0.252
0.204
0.871
0.442
0.179
0.822
0.153
0.171
0.813
0.082
0.596
0.379
0.188
0.557
0.719
0.103
0.873
0.612
0.690
0.252
0.436
0.824
0.156
0.503
0.620
0.518
0.962
0.851
0.610
0.699
0.010
0.450
0.729
0.410
0.899
0.315
0.639
0.565
0.529
0.490
0.406
0.720
0.902
0.031
0.886
0.465
0.496
0.690
0.973
0.013
0.804
0.483
0.776
0.609
0.423
0.667
0.689
0.264
0.464
0.218
0.089
0.157
0.576
0.869
0.139
0.673
0.430
0.903
0.003
0.838
0.247
0.370
0.897
0.528
0.679
0.687
0.148
0.501
0.293
0.317
0.287
0.647
0.156
0.483
0.053
0.508
0.561
0.308
0.702
0.485
0.962
0.627
0.145
0.397
0.235
0.903
0.810
0.669
0.073
0.550
0.784
0.176
0.303
0.847
0.397
0.546
0.640
0.299
0.862
0.634
0.583
0.385
0.387
0.039
0.360
0.763
0.155
0.840
0.050
0.883
0.316
0.047
0.487
0.491
0.517
0.932
0.114
0.435
0.858
0.541
0.754
0.151
0.358
0.079
0.948
0.220
0.458
0.642
0.534
0.653
0.098
0.438
0.064
0.534
0.180
0.530
0.269
0.949
0.310
0.057
0.578
0.892
0.031
0.407
0.247
0.389
0.234
0.324
0.988
0.751
0.081
0.590
0.466
0.788
0.316
0.021
0.748
0.881
0.546
0.512
0.593
0.415
0.030
0.952
0.961
0.827
0.451
0.300
0.173
0.160
0.205
0.402
0.467
0.150
0.700
0.892
0.156
0.343
0.680
0.217
0.919
0.877
0.207
0.230
0.619
0.096
0.170
0.559
0.072
0.606
0.136
0.762
0.731
0.777
0.508
0.349
0.073
0.788
0.020
0.933
0.124
0.379
0.626
0.750
0.845
0.552
0.357
0.838
0.266
0.183
0.328
0.334
0.175
0.143
0.094
0.586
0.374
0.036
0.135
0.406
0.173
0.807
0.346
0.410
0.444
0.235
0.151
0.703
0.010
0.647
0.438
0.667
0.176
0.943
0.285
0.967
0.725
0.507
0.480
0.016
0.513
0.069
0.861
0.948
0.458
0.949
0.164
0.021
0.327
0.671
0.438
0.143
0.633
0.081
0.255
0.018
0.889
0.985
0.862
0.799
0.398
0.860
0.843
0.392
0.445
0.417
0.212
0.451
0.460
0.462
0.644
0.548
0.984
0.981
0.969
0.480
0.299
0.096
0.918
0.417
0.321
0.453
0.969
0.643
0.181
0.625
0.624
0.164
0.586
0.148
0.033
0.578
0.976
0.398
0.282
0.470
0.526
0.533
0.453
0.418
0.630
0.539
0.532
0.899
0.514
0.225
0.596
0.213
0.557
0.525
0.083
0.500
0.482
0.614
0.176
0.275
0.341
0.319
0.010
0.681
0.094
0.014
0.286
0.858
0.638
0.811
0.680
0.528
0.457
0.593
0.619
0.628
0.618
0.083
0.174
0.930
0.546
0.730
0.278
0.011
0.963
0.175
0.580
0.420
0.545
0.196
0.529
0.835
0.546
0.159
0.179
0.342
0.358
0.732
0.488
0.575
0.283
0.505
0.645
0.413
0.284
0.711
0.240
0.343
0.650
0.102
0.414
0.410
0.851
0.184
0.786
0.937
0.995
0.264
0.911
0.897
0.187
0.977
0.964
0.509
0.764
0.794
0.733
0.807
0.563
0.057
0.813
0.510
0.561
0.501
0.350
0.703
0.341
0.604
0.199
0.498
0.939
0.228
0.308
0.167
0.197
0.961
0.224
0.219
0.795
0.394
0.619
0.876
0.027
0.661
0.121
0.013
0.058
0.801
0.902
0.478
0.378
0.938
0.434
0.934
0.630
0.427
0.051
0.041
0.355
0.997
0.553
0.581
0.755
0.102
0.237
0.205
0.360
0.061
0.489
0.954
0.709
0.040
0.419
0.332
0.461
0.483
0.277
0.739
0.571
0.002
0.584
0.591
0.981
0.868
0.171
0.210
0.836
0.325
0.799
0.819
0.886
0.576
0.350
0.085
0.220
0.602
0.144
0.974
0.733
0.567
0.577
0.110
0.763
0.090
0.968
0.115
0.942
0.830
0.312
0.135
0.388
0.194
0.913
0.185
0.320
0.479
0.045
0.970
0.717
0.178
0.765
0.254
0.039
0.679
0.889
0.227
0.299
0.898
0.971
0.168
0.180
0.062
0.078
0.188
0.926
0.268
0.553
0.396
0.667
0.033
0.591
0.170
0.107
0.050
0.588
0.937
0.245
0.400
0.108
0.965
0.022
0.141
0.012
0.444
0.686
0.253
0.005
0.873
0.718
0.550
0.131
0.690
0.673
0.287
0.574
0.862
0.288
0.333
0.748
0.647
0.330
0.296
0.379
0.364
0.086
0.359
0.476
0.991
0.168
0.077
0.213
0.064
0.844
0.418
0.638
0.888
0.985
0.485
0.633
0.131
0.264
0.500
0.444
0.181
0.380
0.902
0.048
0.034
0.077
0.537
0.814
0.466
0.000
0.648
0.585
0.404
0.990
0.208
0.622
0.189
0.015
0.825
0.787
0.500
0.733
0.021
0.838
0.721
0.219
0.911
0.195
0.442
0.550
0.617
0.304
0.194
0.245
0.951
0.245
0.029
0.962
0.637
0.593
0.874
0.254
0.408
0.639
0.748
0.591
0.288
0.740
0.509
0.167
0.434
0.475
0.319
0.302
0.933
0.346
0.931
0.472
0.986
0.997
0.811
0.522
0.493
0.548
0.251
0.463
0.918
0.391
0.754
0.948
0.977
0.634
0.458
0.473
0.877
0.330
0.320
0.209
0.859
0.545
0.782
0.451
0.970
0.416
0.956
0.041
0.804
0.717
0.940
0.651
0.786
0.636
0.718
0.260
0.227
0.906
0.040
0.903
0.104
0.416
0.891
0.788
0.730
0.548
0.176
0.558
0.420
0.109
0.901
0.058
0.451
0.627
0.358
0.058
0.541
0.951
0.674
0.331
0.122
0.192
0.949
0.445
0.866
0.957
0.564
0.220
0.940
0.780
0.444
0.478
0.921
0.866
0.657
0.009
0.358
0.678
0.074
0.127
0.172
0.072
0.286
0.693
0.386
0.474
0.617
0.670
0.833
0.810
0.117
0.936
0.308
0.647
0.998
0.786
0.904
0.991
0.518
0.214
0.210
0.420
0.898
0.919
0.003
0.898
0.868
0.169
0.627
0.900
0.282
0.245
0.834
0.511
0.161
0.675
0.240
0.044
0.833
0.576
0.908
0.758
0.046
0.767
0.671
0.337
0.799
0.652
0.592
0.853
0.573
0.291
0.139
0.183
0.433
0.173
0.790
0.760
0.178
0.485
0.077
0.677
0.354
0.194
0.816
0.759
0.773
0.540
0.807
0.957
0.182
0.396
0.502
0.672
0.257
0.695
0.491
0.135
0.269
0.185
0.078
0.034
0.317
0.008
0.832
0.576
0.358
0.474
0.224
0.079
0.420
0.083
0.356
0.173
0.144
0.828
0.650
0.138
0.688
0.243
0.146
0.373
0.390
0.154
0.271
0.153
0.322
0.376
0.769
0.052
0.703
0.336
0.696
0.677
0.306
0.835
0.763
0.713
0.319
0.319
0.832
0.071
0.198
0.808
0.462
0.659
0.685
0.838
0.168
0.791
0.388
0.840
0.257
0.483
0.952
0.061
0.133
0.191
0.843
0.314
0.395
0.277
0.437
0.247
0.815
0.651
0.157
0.630
0.712
0.038
0.302
0.929
0.378
0.529
0.786
0.858
0.575
0.245
0.307
0.442
0.374
0.686
0.227
0.056
0.542
0.404
0.192
0.708
0.266
0.232
0.937
0.791
0.871
0.001
0.027
0.394
0.370
0.522
0.701
0.407
0.540
0.848
0.956
0.722
0.714
0.219
0.529
0.223
0.912
0.140
0.985
0.180
0.576
0.094
0.561
0.905
0.040
0.342
0.380
0.035
0.123
0.271
0.343
0.315
0.602
0.854
0.599
0.641
0.044
0.518
0.074
0.416
0.260
0.380
0.654
0.822
0.502
0.468
0.750
0.729
0.214
0.056
0.605
0.823
0.700
0.179
0.772
0.153
0.122
0.381
0.685
0.859
0.270
0.696
0.852
0.885
0.596
0.033
0.220
0.452
0.961
0.222
0.580
0.801
0.134
0.714
0.562
0.240
0.787
0.131
0.711
0.247
0.428
0.024
0.620
0.081
0.150
0.477
0.827
0.618
0.772
0.752
0.623
0.318
0.272
0.389
0.243
0.028
0.837
0.541
0.811
0.786
0.728
0.321
0.300
0.226
0.191
0.009
0.575
0.733
0.468
0.628
0.775
0.115
0.878
0.579
0.849
0.210
0.393
0.926
0.570
0.610
0.314
0.345
0.792
0.406
0.208
0.189
0.871
0.185
0.660
0.589
0.267
0.211
0.648
0.055
0.905
0.141
0.808
0.968
0.054
0.605
0.304
0.046
0.143
0.738
0.526
0.493
0.575
0.488
0.827
0.071
0.239
0.505
0.365
0.845
0.312
0.596
0.760
0.976
0.766
0.019
0.205
0.459
0.731
0.160
0.210
0.069
0.684
0.657
0.704
0.956
0.565
0.492
0.710
0.201
0.357
0.603
0.322
0.970
0.594
0.333
0.617
0.425
0.268
0.611
0.752
0.148
0.273
0.072
0.183
0.648
0.414
0.177
0.354
0.198
0.048
0.953
0.336
0.860
0.660
0.697
0.442
0.231
0.265
0.200
0.013
0.257
0.915
0.986
0.138
0.963
0.786
0.353
0.395
0.600
0.753
0.818
0.077
0.118
0.697
0.841
0.801
0.689
0.660
0.665
0.120
0.691
0.673
0.585
0.847
0.678
0.341
0.475
0.888
0.606
0.115
0.072
0.840
0.448
0.606
0.586
0.511
0.939
0.728
0.759
0.049
0.961
0.169
0.567
0.121
0.714
0.064
0.762
0.938
0.617
0.910
0.305
0.941
0.096
0.698
0.111
0.652
0.416
0.522
0.110
0.332
0.108
0.634
0.089
0.406
0.179
0.731
0.095
0.480
0.948
0.381
0.498
0.719
0.399
0.736
0.087
0.344
0.772
0.495
0.663
0.345
0.737
0.900
0.629
0.699
0.013
0.554
0.230
0.546
0.462
0.161
0.427
0.234
0.696
0.990
0.016
0.014
0.745
0.800
0.639
0.907
0.934
0.583
0.468
0.286
0.558
0.955
0.560
0.581
0.053
0.294
0.680
0.910
0.963
0.974
0.648
0.877
0.961
0.215
0.858
0.677
0.979
0.176
0.808
0.078
0.540
0.796
0.190
0.513
0.598
0.664
0.978
0.823
0.707
0.144
0.394
0.988
0.640
0.245
0.057
0.378
0.009
0.440
0.251
0.972
0.199
0.642
0.370
0.234
0.517
0.377
0.552
0.773
0.651
0.678
0.104
0.932
0.763
0.634
0.246
0.458
0.578
0.928
0.238
0.307
0.187
0.504
0.726
0.923
0.226
0.969
0.433
0.954
0.933
0.062
0.971
0.094
0.721
0.676
0.542
0.914
0.190
0.930
0.264
0.154
0.754
0.763
0.186
0.993
0.882
0.541
0.428
0.417
0.542
0.533
0.727
0.233
0.860
0.833
0.966
0.064
0.408
0.691
0.467
0.306
0.183
0.039
0.207
0.100
0.230
0.584
0.332
0.872
0.309
0.198
0.616
0.697
0.845
0.819
0.203
0.556
0.211
0.977
0.081
0.171
0.150
0.523
0.801
0.742
0.958
0.016
0.077
0.546
0.199
0.780
0.057
0.294
0.005
0.431
0.265
0.947
0.331
0.063
0.536
0.014
0.066
0.910
0.214
0.188
0.755
0.371
0.017
0.596
0.121
0.326
0.829
0.139
0.546
0.612
0.228
0.004
0.982
0.393
0.436
0.670
0.522
0.159
0.979
0.096
0.310
0.766
0.028
0.540
0.732
0.826
0.105
0.664
0.282
0.347
0.629
0.205
0.559
0.898
0.429
0.979
0.291
0.252
0.000
0.483
0.167
0.038
0.321
0.130
0.342
0.640
0.628
0.023
0.096
0.885
0.377
0.906
0.884
0.549
0.659
0.141
0.051
0.421
0.268
0.451
0.705
0.020
0.003
0.344
0.611
0.072
0.649
0.169
0.594
0.864
0.355
0.792
0.813
0.845
0.411
0.541
0.715
0.589
0.709
0.570
0.836
0.594
0.934
0.720
0.659
0.564
0.040
0.758
0.212
0.066
0.041
0.611
0.978
0.373
0.783
0.410
0.786
0.286
0.934
0.705
0.206
0.061
0.412
0.858
0.790
0.797
0.146
0.621
0.598
0.438
0.975
0.900
0.323
0.759
0.644
0.552
0.918
0.748
0.369
0.951
0.833
0.451
0.197
0.488
0.187
0.760
0.755
0.522
0.256
0.657
0.847
0.315
0.133
0.234
0.432
0.376
0.900
0.165
0.199
0.676
0.310
0.176
0.339
0.443
0.079
0.791
0.503
0.250
0.189
0.535
0.497
0.866
0.922
0.031
0.442
0.082
0.240
0.842
0.980
0.289
0.037
0.671
0.824
0.612
0.051
0.111
0.076
0.159
0.199
0.947
0.886
0.598
0.119
0.179
0.568
0.084
0.046
0.490
0.547
0.309
0.022
0.895
0.145
0.409
0.745
0.131
0.160
0.276
0.271
0.924
0.548
0.724
0.464
0.419
0.363
0.903
0.509
0.470
0.761
0.827
0.289
0.462
0.693
0.693
0.123
0.396
0.116
0.716
0.906
0.641
0.855
0.874
0.944
0.507
0.018
0.642
0.059
0.623
0.539
0.163
0.284
0.530
0.816
0.222
0.700
0.995
0.972
0.359
0.818
0.835
0.366
0.147
0.451
0.861
0.551
0.972
0.178
0.789
0.942
0.961
0.470
0.177
0.256
0.413
0.765
0.220
0.892
0.645
0.621
0.630
0.284
0.157
0.653
0.779
0.383
0.216
0.979
0.046
0.177
0.650
0.504
0.953
0.158
0.199
0.265
0.838
0.304
0.374
0.502
0.767
0.200
0.679
0.699
0.046
0.181
0.276
0.495
0.006
0.728
0.885
0.044
0.691
0.547
0.668
0.005
0.854
0.579
0.426
0.470
0.094
0.456
0.833
0.292
0.995
0.054
0.472
0.855
0.074
0.195
0.917
0.115
0.511
0.424
0.559
0.279
0.296
0.577
0.910
0.189
0.596
0.800
0.926
0.702
0.281
0.521
0.720
0.702
0.535
0.323
0.112
0.530
0.643
0.705
0.175
0.827
0.213
0.449
0.989
0.503
0.463
0.339
0.361
0.818
0.445
0.711
0.704
0.096
0.319
0.831
0.225
0.380
0.057
0.585
0.854
0.332
0.045
0.669
0.884
0.653
0.348
0.362
0.441
0.972
0.973
0.475
0.604
0.488
0.804
0.453
0.006
0.807
0.143
0.793
0.823
0.342
0.220
0.005
0.387
0.497
0.113
0.359
0.558
0.817
0.055
0.077
0.967
0.382
0.607
0.719
0.911
0.032
0.641
0.141
0.842
0.060
0.391
0.424
0.046
0.567
0.281
0.545
0.803
0.642
0.215
0.877
0.978
0.247
0.858
0.142
0.860
0.108
0.405
0.186
0.773
0.972
0.555
0.235
0.382
0.715
0.319
0.525
0.260
0.584
0.715
0.130
0.985
0.529
0.496
0.102
0.448
0.876
0.964
0.392
0.893
0.071
0.268
0.340
0.700
0.812
0.026
0.622
0.804
0.071
0.812
0.900
0.443
0.608
0.893
0.847
0.879
0.330
0.208
0.230
0.154
0.104
0.141
0.154
0.215
0.678
0.168
0.061
0.974
0.809
0.109
0.989
0.956
0.542
0.019
0.842
0.227
0.839
0.435
0.311
0.508
0.083
0.246
0.149
0.920
0.116
0.847
0.649
0.849
0.822
0.766
0.969
0.386
0.555
0.774
0.790
0.180
0.502
0.037
0.644
0.907
0.744
0.395
0.629
0.442
0.308
0.442
0.636
0.049
0.312
0.967
0.345
0.295
0.664
0.610
0.119
0.003
0.105
0.456
0.726
0.256
0.362
0.198
0.082
0.327
0.311
0.060
0.586
0.487
0.424
0.501
0.596
0.351
0.850
0.282
0.312
0.668
0.162
0.727
0.950
0.252
0.210
0.623
0.034
0.812
0.660
0.731
0.627
0.698
0.694
0.527
0.209
0.499
0.874
0.397
0.476
0.936
0.100
0.281
0.334
0.605
0.290
0.439
0.467
0.479
0.291
0.191
0.003
0.260
0.575
0.520
0.454
0.001
0.599
0.279
0.551
0.431
0.621
0.965
0.020
0.049
0.096
0.199
0.558
0.076
0.636
0.115
0.578
0.543
0.162
0.357
0.558
0.158
0.340
0.376
0.558
0.604
0.030
0.371
0.202
0.317
0.500
0.605
0.568
0.293
0.512
0.707
0.794
0.955
0.023
0.473
0.191
0.223
0.955
0.177
0.466
0.119
0.356
0.411
0.506
0.714
0.441
0.619
0.698
0.763
0.452
0.429
0.170
0.062
0.897
0.433
0.039
0.238
0.288
0.334
0.920
0.324
0.703
0.874
0.458
0.055
0.553
0.690
0.020
0.155
0.872
0.834
0.998
0.786
0.289
0.738
0.850
0.051
0.689
0.912
0.146
0.573
0.193
0.492
0.634
0.522
0.373
0.902
0.617
0.238
0.887
0.946
0.231
0.826
0.721
0.409
0.256
0.448
0.305
0.159
0.037
0.144
0.848
0.349
0.182
0.137
0.802
0.130
0.791
0.554
0.205
0.940
0.049
0.697
0.063
0.403
0.870
0.071
0.162
0.858
0.608
0.585
0.446
0.174
0.369
0.639
0.183
0.532
0.526
0.996
0.716
0.749
0.083
0.104
0.470
0.766
0.998
0.105
0.196
0.202
0.768
0.276
0.732
0.168
0.538
0.191
0.319
0.734
0.528
0.253
0.857
0.960
0.492
0.555
0.340
0.565
0.736
0.318
0.086
0.393
0.908
0.058
0.401
0.961
0.946
0.091
0.572
0.398
0.126
0.027
0.784
0.324
0.781
0.197
0.099
0.633
0.740
0.319
0.184
0.607
0.984
0.746
0.139
0.523
0.831
0.475
0.285
0.518
0.370
0.889
0.350
0.027
0.085
0.113
0.485
0.499
0.680
0.729
0.851
0.495
0.733
0.958
0.100
0.917
0.946
0.298
0.888
0.942
0.253
0.176
0.931
0.319
0.667
0.952
0.649
0.324
0.789
0.326
0.595
0.741
0.256
0.075
0.763
0.622
0.770
0.598
0.950
0.846
0.548
0.149
0.534
0.096
0.793
0.441
0.660
0.715
0.185
0.017
0.836
0.199
0.949
0.390
0.489
0.303
0.124
0.081
0.377
0.536
0.486
0.117
0.899
0.355
0.234
0.279
0.158
0.983
0.661
0.000
0.642
0.165
0.336
0.516
0.087
0.350
0.632
0.189
0.038
0.825
0.479
0.451
0.891
0.748
0.580
0.336
0.591
0.852
0.153
0.267
0.201
0.998
0.024
0.369
0.070
0.839
0.146
0.177
0.049
0.654
0.547
0.878
0.951
0.909
0.369
0.099
0.452
0.106
0.154
0.031
0.140
0.248
0.326
0.938
0.161
0.540
0.728
0.490
0.189
0.495
0.938
0.918
0.034
0.624
0.676
0.861
0.341
0.858
0.492
0.668
0.034
0.159
0.641
0.590
0.501
0.672
0.370
0.319
0.269
0.665
0.732
0.024
0.930
0.713
0.694
0.144
0.061
0.241
0.898
0.109
0.842
0.813
0.431
0.947
0.476
0.098
0.727
0.577
0.783
0.372
0.873
0.866
0.515
0.955
0.343
0.158
0.249
0.745
0.228
0.198
0.081
0.112
0.955
0.147
0.918
0.718
0.704
0.679
0.123
0.310
0.700
0.785
0.901
0.120
0.566
0.972
0.626
0.777
0.045
0.981
0.604
0.590
0.230
0.709
0.002
0.088
0.442
0.588
0.721
0.284
0.765
0.187
0.876
0.207
0.270
0.216
0.780
0.223
0.945
0.035
0.698
0.210
0.743
0.874
0.831
0.907
0.650
