0.335
0.085
0.319
0.791
0.713
0.748
0.105
0.762
0.154
0.043
0.822
0.012
0.682
0.814
0.468
0.075
0.357
0.428
0.044
0.830
0.996
0.628
0.118
0.962
0.241
0.766
0.052
0.704
0.220
0.146
0.131
0.058
0.510
0.925
0.140
0.387
0.477
0.815
0.615
0.949
0.975
0.557
0.359
0.013
0.919
0.103
0.602
0.521
0.055
0.867
0.533
0.952
0.600
0.080
0.676
0.820
0.160
0.499
0.513
0.359
0.528
0.653
0.384
0.817
0.003
0.443
0.671
0.021
0.091
0.655
0.412
0.150
0.136
0.827
0.572
0.603
0.392
0.485
0.979
0.659
0.669
0.582
0.442
0.810
0.634
0.960
0.678
0.398
0.130
0.438
0.805
0.402
0.387
0.562
0.091
0.849
0.122
0.775
0.959
0.837
0.143
0.234
0.204
0.720
0.533
0.986
0.342
0.623
0.412
0.021
0.271
0.081
0.292
0.618
0.448
0.299
0.152
0.087
0.249
0.425
0.957
0.435
0.466
0.330
0.649
0.360
0.411
0.888
0.886
0.723
0.381
0.166
0.839
0.358
0.849
0.066
0.149
0.316
0.584
0.971
0.336
0.901
0.161
0.338
0.293
0.998
0.197
0.410
0.478
0.659
0.934
0.488
0.903
0.059
0.521
0.847
0.302
0.021
0.555
0.936
0.325
0.611
0.357
0.312
0.612
0.337
0.010
0.395
0.701
0.873
0.334
0.574
0.797
0.457
0.778
0.021
0.408
0.215
0.499
0.956
0.741
0.996
0.846
0.657
0.397
0.015
0.295
0.276
0.483
0.029
0.850
0.451
0.932
0.938
0.972
0.256
0.419
0.231
0.986
0.690
0.400
0.531
0.706
0.358
0.796
0.408
0.462
0.021
0.361
0.878
0.497
0.198
0.571
0.852
0.207
0.082
0.455
0.842
0.391
0.553
0.440
0.717
0.883
0.361
0.990
0.767
0.666
0.447
0.484
0.816
0.991
0.560
0.042
0.335
0.835
0.305
0.867
0.138
0.205
0.520
0.167
0.528
0.045
0.502
0.803
0.010
0.117
0.716
0.892
0.199
0.737
0.813
0.720
0.854
0.169
0.707
0.751
0.404
0.459
0.386
0.463
0.494
0.112
0.311
0.525
0.597
0.301
0.702
0.040
0.888
0.744
0.935
0.643
0.280
0.302
0.514
0.810
0.408
0.534
0.067
0.989
0.395
0.707
0.780
0.738
0.870
0.191
0.737
0.917
0.862
0.373
0.217
0.123
0.542
0.084
0.237
0.760
0.571
0.151
0.873
0.235
0.918
0.269
0.963
0.180
0.436
0.734
0.101
0.580
0.576
0.234
0.182
0.659
0.338
0.062
0.852
0.615
0.876
0.210
0.229
0.960
0.888
0.127
0.375
0.839
0.407
0.270
0.917
0.333
0.329
0.649
0.791
0.247
0.760
0.771
0.159
0.593
0.686
0.426
0.206
0.944
0.483
0.149
0.397
0.429
0.539
0.110
0.928
0.525
0.346
0.161
0.896
0.495
0.269
0.536
0.446
0.745
0.079
0.093
0.376
0.786
0.095
0.114
0.511
0.687
0.670
0.908
0.271
0.090
0.165
0.180
0.725
0.473
0.468
0.516
0.173
0.115
0.733
0.064
0.237
0.624
0.422
0.991
0.299
0.776
0.843
0.501
0.686
0.315
0.990
0.337
0.677
0.284
0.322
0.435
0.061
0.805
0.470
0.538
0.599
0.448
0.465
0.757
0.815
0.361
0.862
0.611
0.826
0.575
0.860
0.668
0.603
0.724
0.897
0.393
0.280
0.263
0.313
0.465
0.187
0.804
0.324
0.812
0.110
0.232
0.649
0.980
0.698
0.460
0.144
0.213
0.793
0.259
0.103
0.356
0.322
0.886
0.016
0.774
0.532
0.610
0.811
0.890
0.005
0.360
0.251
0.797
0.919
0.241
0.019
0.186
0.555
0.555
0.657
0.275
0.749
0.280
0.190
0.505
0.799
0.763
0.484
0.582
0.917
0.576
0.156
0.998
0.114
0.487
0.330
0.543
0.419
0.104
0.306
0.186
0.328
0.089
0.344
0.608
0.175
0.891
0.094
0.850
0.757
0.825
0.406
0.892
0.785
0.645
0.209
0.991
0.599
0.210
0.526
0.199
0.974
0.667
0.542
0.581
0.101
0.647
0.463
0.287
0.718
0.316
0.516
0.220
0.258
0.664
0.077
0.498
0.714
0.214
0.240
0.718
0.323
0.180
0.158
0.439
0.559
0.065
0.160
0.953
0.319
0.936
0.206
0.770
0.389
0.059
0.680
0.356
0.362
0.893
0.971
0.794
0.390
0.745
0.825
0.043
0.734
0.653
0.431
0.341
0.321
0.865
0.265
0.382
0.009
0.318
0.030
0.203
0.738
0.849
0.919
0.105
0.505
0.538
0.531
0.086
0.444
0.402
0.085
0.320
0.735
0.141
0.746
0.473
0.795
0.704
0.661
0.239
0.447
0.642
0.133
0.119
0.154
0.692
0.942
0.602
0.911
0.488
0.934
0.413
0.113
0.916
0.836
0.055
0.201
0.798
0.699
0.217
0.225
0.509
0.864
0.592
0.618
0.906
0.903
0.457
0.958
0.653
0.629
0.388
0.767
0.646
0.319
0.068
0.670
0.475
0.857
0.087
0.255
0.832
0.132
0.275
0.368
0.560
0.805
0.110
0.396
0.398
0.935
0.977
0.183
0.031
0.414
0.256
0.677
0.870
0.405
0.873
0.492
0.343
0.837
0.375
0.785
0.118
0.420
0.928
0.484
0.018
0.515
0.582
0.565
0.709
0.127
0.202
0.415
0.784
0.257
0.770
0.705
0.182
0.739
0.279
0.013
0.096
0.447
0.654
0.614
0.367
0.015
0.786
0.410
0.919
0.046
0.944
0.950
0.059
0.464
0.693
0.484
0.884
0.526
0.280
0.980
0.892
0.903
0.692
0.609
0.706
0.441
0.721
0.555
0.348
0.993
0.024
0.354
0.211
0.662
0.030
0.704
0.466
0.671
0.684
0.353
0.124
0.394
0.886
0.309
0.213
0.365
0.784
0.808
0.048
0.775
0.294
0.054
0.115
0.643
0.815
0.633
0.246
0.987
0.637
0.843
0.128
0.545
0.702
0.647
0.369
0.961
0.586
0.794
0.086
0.355
0.468
0.451
0.105
0.589
0.979
0.526
0.910
0.562
0.647
0.158
0.298
0.854
0.315
0.914
0.797
0.741
0.263
0.005
0.170
0.312
0.122
0.679
0.607
0.353
0.844
0.514
0.954
0.309
0.823
0.933
0.319
0.425
0.902
0.863
0.624
0.170
0.120
0.769
0.567
0.387
0.858
0.390
0.932
0.281
0.945
0.514
0.570
0.257
0.008
0.665
0.282
0.856
0.913
0.582
0.281
0.382
0.405
0.004
0.674
0.023
0.041
0.808
0.472
0.815
0.135
0.284
0.531
0.692
0.602
0.832
0.110
0.593
0.065
0.472
0.294
0.259
0.666
0.719
0.029
0.247
0.515
0.278
0.328
0.799
0.445
0.230
0.672
0.090
0.579
0.241
0.264
0.622
0.163
0.350
0.661
0.108
0.404
0.241
0.422
0.756
0.336
0.478
0.486
0.094
0.659
0.068
0.528
0.653
0.576
0.139
0.022
0.252
0.240
0.849
0.678
0.238
0.936
0.965
0.843
0.733
0.989
0.785
0.295
0.895
0.208
0.413
0.149
0.545
0.808
0.911
0.595
0.053
0.220
0.766
0.087
0.753
0.820
0.695
0.944
0.734
0.462
0.306
0.010
0.675
0.848
0.410
0.549
0.583
0.616
0.688
0.185
0.851
0.466
0.159
0.645
0.801
0.927
0.090
0.375
0.546
0.139
0.793
0.936
0.614
0.234
0.608
0.025
0.967
0.012
0.489
0.513
0.031
0.918
0.258
0.303
0.353
0.920
0.657
0.999
0.479
0.142
0.085
0.367
0.642
0.248
0.858
0.075
0.805
0.145
0.057
0.385
0.689
0.750
0.409
0.116
0.279
0.739
0.085
0.868
0.983
0.238
0.967
0.270
0.769
0.708
0.906
0.129
0.715
0.774
0.567
0.435
0.813
0.367
0.548
0.668
0.836
0.287
0.838
0.804
0.705
0.546
0.447
0.183
0.797
0.609
0.114
0.940
0.094
0.714
0.721
0.228
0.531
0.183
0.244
0.640
0.884
0.138
0.603
0.772
0.811
0.003
0.366
0.222
0.642
0.474
0.890
0.294
0.845
0.635
0.002
0.327
0.165
0.777
0.444
0.786
0.143
0.766
0.080
0.904
0.280
0.046
0.012
0.774
0.528
0.617
0.080
0.926
0.563
0.740
0.919
0.042
0.261
0.198
0.501
0.189
0.508
0.339
0.636
0.475
0.252
0.366
0.288
0.656
0.397
0.906
0.984
0.881
0.395
0.137
0.349
0.219
0.019
0.610
0.625
0.196
0.904
0.338
0.561
0.539
0.892
0.641
0.505
0.316
0.320
0.241
0.675
0.457
0.162
0.071
0.665
0.441
0.835
0.896
0.798
0.474
0.451
0.084
0.021
0.296
0.461
0.541
0.716
0.533
0.956
0.557
0.071
0.103
0.193
0.699
0.470
0.761
0.408
0.451
0.057
0.647
0.180
0.665
0.969
0.247
0.012
0.857
0.909
0.332
0.752
0.189
0.048
0.353
0.443
0.194
0.852
0.015
0.463
0.762
0.511
0.497
0.080
0.434
0.473
0.295
0.303
0.984
0.880
0.606
0.151
0.010
0.428
0.687
0.600
0.140
0.229
0.621
0.859
0.886
0.631
0.836
0.472
0.134
0.618
0.069
0.839
0.108
0.542
0.815
0.696
0.457
0.784
0.989
0.134
0.804
0.706
0.234
0.275
0.198
0.437
0.303
0.689
0.330
0.307
0.070
0.634
0.442
0.579
0.347
0.149
0.099
0.898
0.965
0.980
0.985
0.712
0.288
0.305
0.645
0.442
0.374
0.287
0.769
0.905
0.964
0.602
0.043
0.118
0.465
0.551
0.558
0.298
0.866
0.366
0.388
0.652
0.851
0.005
0.950
0.226
0.221
0.421
0.742
0.882
0.514
0.588
0.821
0.352
0.330
0.992
0.321
0.190
0.447
0.463
0.428
0.545
0.893
0.537
0.587
0.224
0.978
0.202
0.415
0.001
0.691
0.373
0.669
0.460
0.269
0.712
0.380
0.123
0.155
0.503
0.452
0.665
0.564
0.650
0.495
0.218
0.457
0.034
0.258
0.756
0.206
0.621
0.689
0.979
0.202
0.978
0.885
0.372
0.625
0.136
0.928
0.299
0.337
0.374
0.678
0.651
0.400
0.897
0.386
0.768
0.756
0.969
0.525
0.623
0.699
0.601
0.058
0.642
0.158
0.237
0.658
0.884
0.838
0.676
0.888
0.663
0.969
0.191
0.315
0.212
0.158
0.167
0.211
0.465
0.468
0.135
0.688
0.307
0.123
0.754
0.863
0.321
0.434
0.707
0.717
0.661
0.411
0.164
0.529
0.828
0.385
0.472
0.831
0.118
0.453
0.506
0.831
0.812
0.044
0.765
0.325
0.603
0.416
0.056
0.247
0.120
0.035
0.404
0.585
0.840
0.521
0.306
0.366
0.371
0.522
0.809
0.128
0.052
0.625
0.606
0.988
0.868
0.245
0.549
0.724
0.886
0.113
0.824
0.832
0.790
0.748
0.773
0.195
0.989
0.848
0.409
0.317
0.854
0.739
0.697
0.497
0.303
0.971
0.319
0.762
0.498
0.813
0.556
0.277
0.976
0.888
0.946
0.089
0.573
0.845
0.855
0.374
0.988
0.081
0.885
0.119
0.228
0.841
0.549
0.485
0.866
0.545
0.029
0.304
0.640
0.581
0.908
0.253
0.831
0.633
0.183
0.859
0.917
0.594
0.200
0.546
0.815
0.905
0.264
0.848
0.344
0.446
0.553
0.669
0.518
0.435
0.231
0.300
0.092
0.455
0.479
0.333
0.713
0.620
0.653
0.368
0.193
0.812
0.969
0.419
0.427
0.756
0.456
0.751
0.919
0.249
0.310
0.679
0.587
0.571
0.423
0.696
0.393
0.335
0.175
0.097
0.309
0.108
0.085
0.656
0.078
0.085
0.924
0.149
0.161
0.743
0.476
0.367
0.210
0.140
0.463
0.910
0.902
0.946
0.730
0.143
0.515
0.497
0.416
0.735
0.519
0.663
0.227
0.307
0.594
0.429
0.611
0.048
0.533
0.663
0.594
0.652
0.766
0.310
0.433
0.883
0.145
0.475
0.263
0.012
0.196
0.699
0.866
0.028
0.089
0.743
0.932
0.149
0.678
0.382
0.141
0.164
0.135
0.989
0.189
0.720
0.018
0.125
0.673
0.154
0.618
0.478
0.854
0.393
0.709
0.207
0.842
0.708
0.731
0.135
0.117
0.302
0.013
0.288
0.441
0.594
0.110
0.821
0.902
0.316
0.687
0.664
0.803
0.167
0.082
0.012
0.945
0.189
0.006
0.688
0.390
0.939
0.283
0.094
0.362
0.530
0.414
0.372
0.056
0.937
0.099
0.131
0.308
0.309
0.086
0.426
0.416
0.282
0.643
0.636
0.709
0.820
0.189
0.722
0.435
0.572
0.157
0.484
0.793
0.861
0.563
0.212
0.392
0.969
0.367
0.046
0.114
0.971
0.028
0.479
0.106
0.029
0.980
0.015
0.645
0.769
0.437
0.792
0.952
0.058
0.004
0.285
0.870
0.710
0.690
0.037
0.275
0.422
0.166
0.908
0.923
0.261
0.904
0.970
0.339
0.579
0.835
0.645
0.919
0.786
0.553
0.312
0.393
0.271
0.617
0.762
0.866
0.263
0.844
0.681
0.720
0.671
0.768
0.139
0.745
0.433
0.584
0.853
0.434
0.592
0.773
0.770
0.069
0.707
0.698
0.731
0.891
0.800
0.624
0.796
0.499
0.503
0.693
0.201
0.497
0.899
0.906
0.714
0.518
0.457
0.812
0.305
0.009
0.472
0.037
0.717
0.409
0.219
0.828
0.311
0.589
0.523
0.048
0.979
0.276
0.834
0.243
0.462
0.666
0.211
0.030
0.710
0.105
0.360
0.986
0.575
0.964
0.719
0.548
0.459
0.754
0.914
0.394
0.921
0.416
0.149
0.227
0.977
0.764
0.593
0.367
0.690
0.981
0.185
0.396
0.173
0.303
0.594
0.257
0.679
0.857
0.525
0.550
0.831
0.508
0.421
0.416
0.301
0.652
0.204
0.208
0.875
0.816
0.682
0.740
0.805
0.141
0.438
0.139
0.729
0.542
0.663
0.677
0.224
0.529
0.643
0.194
0.338
0.513
0.756
0.956
0.639
0.443
0.242
0.546
0.503
0.353
0.785
0.519
0.066
0.714
0.965
0.235
0.356
0.079
0.402
0.149
0.615
0.176
0.091
0.905
0.538
0.178
0.139
0.970
0.565
0.687
0.650
0.485
0.468
0.803
0.440
0.027
0.236
0.743
0.077
0.456
0.226
0.988
0.875
0.256
0.743
0.544
0.142
0.582
0.384
0.170
0.802
0.877
0.403
0.545
0.546
0.274
0.175
0.034
0.158
0.112
0.374
0.531
0.709
0.974
0.424
0.027
0.926
0.242
0.867
0.136
0.307
0.093
0.313
0.008
0.822
0.572
0.465
0.519
0.943
0.890
0.432
0.237
0.008
0.940
0.688
0.376
0.449
0.005
0.302
0.516
0.960
0.781
0.166
0.309
0.586
0.689
0.850
0.311
0.284
0.531
0.132
0.315
0.147
0.555
0.487
0.738
0.048
0.378
0.138
0.799
0.670
0.823
0.183
0.094
0.537
0.312
0.057
0.735
0.482
0.886
0.083
0.469
0.241
0.837
0.854
0.549
0.921
0.053
0.925
0.995
0.847
0.288
0.687
0.427
0.731
0.320
0.323
0.585
0.053
0.431
0.412
0.334
0.664
0.302
0.210
0.954
0.494
0.666
0.285
0.533
0.203
0.883
0.333
0.971
0.196
0.914
0.489
0.078
0.774
0.856
0.143
0.967
0.713
0.880
0.322
0.352
0.043
0.868
0.541
0.888
0.672
0.463
0.374
0.626
0.228
0.219
0.338
0.430
0.239
0.368
0.937
0.293
0.567
0.361
0.790
0.770
0.525
0.188
0.153
0.310
0.994
0.075
0.142
0.603
0.305
0.950
0.431
0.039
0.122
0.013
0.453
0.875
0.475
0.926
0.352
0.522
0.445
0.177
0.833
0.674
0.063
0.379
0.802
0.477
0.071
0.461
0.342
0.800
0.126
0.178
0.477
0.049
0.836
0.789
0.966
0.354
0.007
0.965
0.703
0.541
0.471
0.661
0.079
0.402
0.249
0.251
0.683
0.609
0.280
0.243
0.205
0.927
0.638
0.418
0.857
0.028
0.575
0.489
0.982
0.806
0.987
0.448
0.809
0.721
0.970
0.642
0.947
0.397
0.570
0.933
0.074
0.832
0.046
0.893
0.164
0.698
0.567
0.911
0.009
0.222
0.126
0.274
0.848
0.941
0.962
0.942
0.485
0.513
0.007
0.621
0.035
0.014
0.827
0.211
0.806
0.127
0.839
0.630
0.011
0.778
0.387
0.321
0.867
0.202
0.616
0.153
0.419
0.706
0.268
0.156
0.093
0.578
0.401
0.130
0.712
0.068
0.474
0.155
0.886
0.478
0.103
0.436
0.776
0.656
0.464
0.310
0.062
0.229
0.721
0.083
0.526
0.186
0.749
0.979
0.518
0.409
0.195
0.803
0.385
0.204
0.742
0.455
0.288
0.045
0.892
0.591
0.492
0.355
0.494
0.255
0.030
0.270
0.053
0.241
0.540
0.054
0.533
0.507
0.906
0.473
0.553
0.563
0.216
0.795
0.601
0.375
0.772
0.635
0.971
0.650
0.444
0.135
0.038
0.324
0.863
0.182
0.291
0.905
0.999
0.621
0.645
0.705
0.877
0.822
0.075
0.669
0.421
0.522
0.446
0.334
0.851
0.945
0.367
0.069
0.927
0.294
0.802
0.770
0.457
0.026
0.957
0.402
0.881
0.927
0.999
0.360
0.756
0.098
0.934
0.620
0.513
0.829
0.057
0.476
0.461
0.264
0.924
0.640
0.418
0.476
0.143
0.148
0.556
0.932
0.161
0.679
0.304
0.134
0.039
0.811
0.389
0.944
0.913
0.661
0.217
0.417
0.290
0.191
0.911
0.733
0.638
0.066
0.619
0.927
0.062
0.425
0.272
0.973
0.831
0.770
0.389
0.330
0.829
0.803
0.819
0.167
0.211
0.493
0.383
0.663
0.085
0.450
0.254
0.855
0.339
0.341
0.832
0.201
0.473
0.064
0.849
0.062
0.308
0.553
0.687
0.106
0.689
0.076
0.602
0.416
0.199
0.831
0.126
0.526
0.175
0.600
0.190
0.670
0.773
0.400
0.511
0.404
0.665
0.433
0.773
0.357
0.795
0.658
0.307
0.531
0.818
0.691
0.477
0.365
0.815
0.778
0.158
0.634
0.886
0.997
0.200
0.293
0.864
0.290
0.112
0.797
0.987
0.573
0.077
0.146
0.091
0.749
0.475
0.329
0.313
0.226
0.107
0.826
0.090
0.515
0.951
0.770
0.238
0.745
0.525
0.715
0.548
0.875
0.111
0.020
0.085
0.572
0.706
0.762
0.168
0.524
0.065
0.880
0.500
0.520
0.918
0.153
0.459
0.320
0.666
0.083
0.046
0.369
0.547
0.949
0.756
0.035
0.095
0.337
0.860
0.063
0.954
0.730
0.350
0.860
0.819
0.668
0.297
0.620
0.787
0.344
0.812
0.629
0.957
0.266
0.423
0.162
0.214
0.957
0.875
0.354
0.437
0.157
0.182
0.499
0.340
0.846
0.750
0.034
0.330
0.136
0.746
0.680
0.188
0.277
0.637
0.570
0.054
0.310
0.349
0.710
0.240
0.345
0.240
0.456
0.016
0.423
0.125
0.744
0.929
0.826
0.858
0.608
0.807
0.182
0.013
0.619
0.091
0.270
0.169
0.519
0.701
0.636
0.477
0.213
0.908
0.287
0.677
0.190
0.456
0.115
0.110
0.587
0.893
0.487
0.834
0.452
0.932
0.743
0.841
0.786
0.480
0.055
0.205
0.348
0.851
0.111
0.127
0.792
0.330
0.974
0.120
0.223
0.938
0.156
0.658
0.643
0.128
0.366
0.617
0.226
0.338
0.658
0.031
0.872
0.194
0.776
0.765
0.991
0.391
0.048
0.276
0.195
0.376
0.983
0.310
0.655
0.543
0.688
0.699
0.692
0.926
0.975
0.660
0.148
0.825
0.977
0.124
0.914
0.859
0.444
0.886
0.851
0.443
0.696
0.886
0.746
0.502
0.522
0.685
0.629
0.327
0.916
0.307
0.077
1.000
0.352
0.622
0.231
0.203
0.088
0.822
0.071
0.522
0.007
0.839
0.381
0.433
0.460
0.311
0.180
0.203
0.025
0.341
0.192
0.726
0.805
0.878
0.142
0.897
0.148
0.819
0.789
0.884
0.818
0.002
0.236
0.530
0.350
0.104
0.369
0.466
0.101
0.020
0.968
0.664
0.590
0.155
0.469
0.195
0.758
0.093
0.431
0.436
0.286
0.118
0.516
0.082
0.185
0.322
0.369
0.907
0.032
0.464
0.533
0.815
0.080
0.480
0.108
0.789
0.452
0.080
0.489
0.312
0.483
0.203
0.220
0.310
0.676
0.578
0.230
0.298
0.734
0.637
0.036
0.521
0.676
0.384
0.520
0.227
0.852
0.392
0.005
0.576
0.559
0.466
0.089
0.287
0.548
0.557
0.519
0.856
0.605
0.988
0.009
0.625
0.700
0.257
0.872
0.698
0.574
0.728
0.709
0.877
0.440
0.104
0.082
0.483
0.593
0.548
0.790
0.404
0.157
0.967
0.854
0.711
0.733
0.582
0.718
0.237
0.876
0.304
0.101
0.494
0.179
0.792
0.727
0.004
0.622
0.475
0.869
0.810
0.982
0.147
0.869
0.337
0.229
0.663
0.352
0.169
0.042
0.163
0.403
0.100
0.446
0.900
0.328
0.827
0.586
0.284
0.916
0.363
0.541
0.968
0.283
0.863
0.268
0.733
0.456
0.098
0.728
0.168
0.492
0.958
0.849
0.532
0.279
0.019
0.725
0.548
0.504
0.782
0.073
0.896
0.620
0.649
0.585
0.234
0.494
0.217
0.146
0.100
0.690
0.603
0.820
0.334
0.910
0.867
0.504
0.375
0.803
0.958
0.912
0.306
0.764
0.187
0.502
0.190
0.547
0.787
0.603
0.176
0.343
0.965
0.646
0.804
0.493
0.908
0.084
0.712
0.830
0.047
0.926
0.004
0.189
0.235
0.021
0.758
0.884
0.588
0.422
0.669
0.054
0.880
0.419
0.280
0.968
0.640
0.438
0.342
0.700
0.280
0.965
0.084
0.080
0.249
0.821
0.417
0.920
0.693
0.501
0.753
0.150
0.728
0.396
0.439
0.606
0.782
0.738
0.650
0.575
0.705
0.429
0.231
0.118
0.188
0.239
0.524
0.502
0.926
0.528
0.230
0.713
0.697
0.227
0.425
0.047
0.210
0.582
0.031
0.141
0.948
0.166
0.136
0.285
0.147
0.436
0.246
0.081
0.981
0.442
0.957
0.322
0.321
0.569
0.636
0.095
0.679
0.613
0.964
0.522
0.150
0.239
0.945
0.056
0.780
0.889
0.968
0.080
0.560
0.467
0.669
0.619
0.096
0.267
0.392
0.350
0.478
0.699
0.160
0.761
0.766
0.685
0.587
0.444
0.838
0.716
0.351
0.574
0.196
0.302
0.859
0.644
0.418
0.525
0.298
0.503
0.723
0.349
0.765
0.760
0.842
0.835
0.256
0.424
0.480
0.764
0.420
0.273
0.759
0.541
0.491
0.013
0.075
0.460
0.546
0.848
0.399
0.577
0.204
0.833
0.659
0.463
0.376
0.260
0.007
0.626
0.151
0.554
0.515
0.987
0.408
0.294
0.408
0.501
0.686
0.671
0.655
0.788
0.315
0.599
0.037
0.751
0.883
0.394
0.843
0.181
0.050
0.296
0.590
0.637
0.266
0.180
0.152
0.388
0.156
0.036
0.941
0.778
0.523
0.513
0.205
0.890
0.632
0.339
0.730
0.282
0.440
0.991
0.765
0.486
0.364
0.511
0.308
0.483
0.628
0.060
0.418
0.159
0.448
0.608
0.294
0.786
0.058
0.643
0.080
0.145
0.713
0.597
0.279
0.742
0.804
0.926
0.593
0.024
0.154
0.220
0.715
0.982
0.713
0.575
0.396
0.413
0.867
0.519
0.395
0.804
0.691
0.634
0.208
0.399
0.970
0.923
0.712
0.443
0.692
0.154
0.196
0.105
0.927
0.905
0.156
0.014
0.972
0.105
0.096
0.422
0.187
0.076
0.429
0.134
0.689
0.028
0.860
0.726
0.637
0.033
0.604
0.412
0.408
0.606
0.426
0.316
0.658
0.302
0.705
0.721
0.933
0.400
0.345
0.490
0.601
0.468
0.234
0.888
0.228
0.817
0.131
0.842
0.816
0.349
0.661
0.994
0.159
0.946
0.411
0.384
0.303
0.787
0.420
0.182
1.000
0.613
0.088
0.310
0.774
0.829
0.412
0.551
0.531
0.249
0.044
0.719
0.243
0.550
0.457
0.004
0.925
0.426
0.670
0.351
0.658
0.204
0.580
0.826
0.543
0.244
0.290
0.130
0.579
0.269
0.015
0.499
0.593
0.938
0.997
0.233
0.375
0.550
0.806
0.540
0.512
0.961
0.221
0.244
0.520
0.361
0.591
0.796
0.265
0.951
0.322
0.250
0.159
0.338
0.727
0.011
0.358
0.605
0.770
0.964
0.791
0.540
0.495
0.917
0.964
0.030
0.582
0.344
0.062
0.103
0.572
0.504
0.690
0.802
0.659
0.597
0.277
0.528
0.846
0.871
0.600
0.549
0.031
0.837
0.158
0.291
0.066
0.225
0.435
0.383
0.035
0.340
0.273
0.456
0.668
0.305
0.334
0.441
0.467
0.904
0.026
0.176
0.897
0.640
0.772
0.359
0.280
0.757
0.488
0.827
0.052
0.303
0.912
0.741
0.222
0.396
0.725
0.149
