0.064
0.505
0.892
0.061
0.559
0.347
0.764
0.999
0.850
0.846
0.338
0.258
0.948
0.857
0.950
0.975
0.312
0.485
0.609
0.401
0.129
0.301
0.317
0.544
0.463
0.757
0.296
0.555
0.326
0.401
0.881
0.121
0.261
0.244
0.352
0.916
0.250
0.171
0.087
0.269
0.878
0.608
0.161
0.794
0.166
0.590
0.322
0.728
0.536
0.597
0.277
0.146
0.558
0.383
0.798
0.603
0.381
0.036
0.902
0.485
0.282
0.489
0.659
0.300
0.960
0.116
0.811
0.050
0.785
0.232
0.797
0.976
0.536
0.567
0.258
0.357
0.515
0.437
0.767
0.687
0.929
0.740
0.486
0.584
0.725
0.251
0.843
0.309
0.107
0.788
0.265
0.947
0.508
0.340
0.574
0.441
0.927
0.626
0.175
0.397
0.432
0.308
0.165
0.881
0.749
0.913
0.770
0.402
0.786
0.451
0.938
0.363
0.605
0.102
0.523
0.861
0.791
0.042
0.109
0.301
0.449
0.600
0.185
0.385
0.052
0.493
0.445
0.239
0.319
0.061
0.313
0.366
0.864
0.332
0.634
0.991
0.893
0.996
0.008
0.933
0.004
0.615
0.852
0.703
0.616
0.501
0.092
0.483
0.724
0.270
0.861
0.390
0.576
0.235
0.720
0.149
0.225
0.431
0.302
0.326
0.945
0.906
0.264
0.223
0.494
0.889
0.458
0.356
0.290
0.608
0.372
0.366
0.925
0.318
0.173
0.159
0.132
0.003
0.866
0.073
0.737
0.841
0.942
0.378
0.947
0.581
0.955
0.475
0.892
0.692
0.158
0.620
0.485
0.861
0.876
0.911
0.551
0.755
0.895
0.724
0.983
0.632
0.821
0.674
0.918
0.469
0.301
0.668
0.008
0.219
0.112
0.656
0.121
0.810
0.805
0.786
0.667
0.408
0.150
0.462
0.924
0.108
0.363
0.918
0.477
0.997
0.859
0.581
0.809
0.187
0.244
0.167
0.858
0.159
0.118
0.269
0.853
0.759
0.969
0.301
0.634
0.520
0.993
0.213
0.209
0.870
0.900
0.975
0.432
0.684
0.189
0.789
0.717
0.690
0.799
0.050
0.618
0.088
0.643
0.893
0.745
0.416
0.899
0.682
0.819
0.273
0.198
0.472
0.080
0.118
0.825
0.180
0.645
0.170
0.869
0.663
0.664
0.863
0.409
0.112
0.399
0.143
0.722
0.837
0.751
0.886
0.312
0.921
0.922
0.505
0.659
0.834
0.919
0.191
0.042
0.355
0.519
0.178
0.872
0.432
0.170
0.020
0.424
0.014
0.483
0.834
0.946
0.375
0.902
0.900
0.605
0.259
0.809
0.934
0.309
0.994
0.121
0.488
0.605
0.126
0.272
0.180
0.239
0.626
0.529
0.295
0.911
0.525
0.224
0.497
0.034
0.215
0.052
0.297
0.375
0.611
0.405
0.381
0.582
0.387
0.012
0.701
0.637
0.787
0.658
0.161
0.567
0.644
0.542
0.283
0.171
0.737
0.172
0.318
0.694
0.588
0.401
0.172
0.818
0.425
0.725
0.140
0.035
0.159
0.568
0.731
0.934
0.618
0.648
0.507
0.028
0.338
0.247
0.105
0.166
0.606
0.805
0.134
0.610
0.122
0.614
0.957
0.497
0.467
0.619
0.461
0.218
0.476
0.181
0.955
0.566
0.216
0.718
0.691
0.794
0.252
0.379
0.753
0.518
0.724
0.428
0.837
0.415
0.598
0.036
0.590
0.022
0.953
0.535
0.178
0.660
0.032
0.734
0.348
0.771
0.081
0.093
0.552
0.238
0.158
0.829
0.753
0.527
0.961
0.545
0.886
0.535
0.351
0.774
0.738
0.100
0.539
0.464
0.434
0.430
0.989
0.969
0.915
0.319
0.739
0.265
0.708
0.555
0.739
0.196
0.746
0.238
0.157
0.642
0.885
0.831
0.031
0.301
0.737
0.828
0.894
0.429
0.723
0.276
0.518
0.507
0.906
0.545
0.115
0.180
0.560
0.318
0.949
0.088
0.810
0.293
0.405
0.284
0.931
0.076
0.360
0.520
0.450
0.861
0.501
0.821
0.429
0.171
0.787
0.686
0.535
0.102
0.096
0.279
0.105
0.694
0.151
0.110
0.135
0.434
0.088
0.534
0.774
0.301
0.137
0.191
0.674
0.206
0.581
0.802
0.546
0.717
0.579
0.029
0.212
0.379
0.243
0.453
0.848
0.065
0.639
0.178
0.560
0.204
0.556
0.660
0.462
0.168
0.874
0.265
0.437
0.587
0.043
0.765
0.866
0.359
0.364
0.622
0.485
0.327
0.367
0.109
0.580
0.616
0.229
0.857
0.713
0.137
0.021
0.202
0.408
0.252
0.218
0.028
0.016
0.866
0.001
0.997
0.219
0.214
0.679
0.134
0.402
0.317
0.636
0.203
0.962
0.613
0.739
0.617
0.377
0.393
0.861
0.738
0.058
0.041
0.318
0.887
0.903
0.868
0.388
0.188
0.477
0.644
0.095
0.691
0.954
0.653
0.906
0.809
0.182
0.874
0.270
0.338
0.790
0.662
0.809
0.039
0.588
0.958
0.503
0.196
0.577
0.793
0.209
0.708
0.043
0.553
0.316
0.557
0.599
0.057
0.166
0.539
0.738
0.383
0.020
0.290
0.446
0.201
0.573
0.008
0.205
0.082
0.234
0.318
0.795
0.561
0.464
0.513
0.321
0.729
0.698
0.990
0.120
0.826
0.127
0.863
0.400
0.914
0.419
0.212
0.096
0.705
0.507
0.852
0.766
0.978
0.392
0.315
0.652
0.840
0.079
0.990
0.438
0.034
0.468
0.089
0.777
0.126
0.491
0.575
0.541
0.073
0.956
0.962
0.583
0.534
0.960
0.109
0.929
0.509
0.306
0.115
0.988
0.110
0.850
0.261
0.585
0.883
0.889
0.373
0.075
0.148
0.790
0.696
0.563
0.835
0.871
0.663
0.745
0.326
0.351
0.154
0.726
0.024
0.189
0.977
0.602
0.064
0.560
0.631
0.217
0.156
0.285
0.233
0.329
0.726
0.249
0.224
0.859
0.090
0.465
0.617
0.948
0.452
0.338
0.129
0.309
0.835
0.991
0.787
0.782
0.118
0.524
0.096
0.336
0.340
0.092
0.403
0.014
0.262
0.365
0.104
0.185
0.942
0.509
0.998
0.231
0.831
0.733
0.139
0.335
0.268
0.602
0.846
0.866
0.239
0.996
0.008
0.563
0.483
0.766
0.038
0.544
0.534
0.375
0.405
0.348
0.345
0.923
0.623
0.017
0.691
0.677
0.593
0.437
0.060
0.463
0.530
0.319
0.519
0.956
0.542
0.177
0.646
0.726
0.016
0.819
0.835
0.523
0.797
0.900
0.760
0.528
0.984
0.472
0.566
0.332
0.872
0.084
0.191
0.680
0.361
0.515
0.215
0.131
0.510
0.292
0.710
0.297
0.064
0.006
0.036
0.613
0.453
0.490
0.193
0.924
0.986
0.948
0.277
0.609
0.504
0.812
0.656
0.147
0.949
0.910
0.252
0.996
0.430
0.522
0.834
0.671
0.582
0.323
0.301
0.621
0.260
0.997
0.492
0.047
0.690
0.669
0.222
0.331
0.671
0.381
0.807
0.359
0.438
0.825
0.559
0.061
0.937
0.617
0.037
0.921
0.387
0.383
0.393
0.268
0.639
0.975
0.062
0.398
0.396
0.486
0.386
0.433
0.365
0.396
0.999
0.872
0.420
0.518
0.033
0.637
0.375
0.931
0.451
0.228
0.933
0.928
0.647
0.306
0.155
0.026
0.772
0.849
0.097
0.616
0.551
0.361
0.247
0.849
0.927
0.950
0.755
0.237
0.480
0.606
0.845
0.512
0.774
0.313
0.812
0.534
0.021
0.781
0.791
0.372
0.305
0.292
0.351
0.756
0.615
0.397
0.578
0.583
0.250
0.749
0.013
0.330
0.828
0.327
0.584
0.042
0.275
0.306
0.647
0.851
0.413
0.544
0.143
0.227
0.045
0.913
0.569
0.847
0.656
0.175
0.343
0.886
0.104
0.241
0.083
0.181
0.124
0.787
0.272
0.429
0.581
0.275
0.808
0.750
0.785
0.077
0.861
0.421
0.209
0.382
0.150
0.356
0.254
0.496
0.221
0.579
0.307
0.981
0.942
0.550
0.113
0.055
0.081
0.867
0.735
0.752
0.764
0.726
0.948
0.541
0.841
0.491
0.123
0.821
0.721
0.969
0.780
0.879
0.160
0.957
0.308
0.972
0.565
0.471
0.795
0.161
0.959
0.107
0.266
0.964
0.675
0.296
0.190
0.672
0.700
0.437
0.815
0.918
0.223
0.887
0.055
0.790
0.235
0.071
0.386
0.184
0.181
0.362
0.689
0.092
0.948
0.055
0.494
0.546
0.228
0.148
0.203
0.789
0.514
0.546
0.739
0.992
0.141
0.056
0.001
0.042
0.748
0.707
0.578
0.426
0.534
0.601
0.808
0.336
0.861
0.775
0.011
0.328
0.201
0.293
0.659
0.557
0.556
0.275
0.330
0.899
0.780
0.919
0.518
0.019
0.959
0.752
0.873
0.538
0.472
0.779
0.659
0.300
0.277
0.651
0.720
0.236
0.068
0.974
0.968
0.946
0.155
0.237
0.467
0.357
0.718
0.833
0.094
0.883
0.773
0.548
0.682
0.538
0.437
0.580
0.121
0.799
0.285
0.414
0.945
0.843
0.823
0.999
0.584
0.019
0.110
0.993
0.203
0.965
0.802
0.140
0.640
0.725
0.500
0.889
0.900
0.227
0.106
0.305
0.209
0.408
0.081
0.858
0.002
0.623
0.869
0.656
0.788
0.369
0.688
0.507
0.234
0.356
0.210
0.530
0.802
0.956
0.132
0.873
0.792
0.147
0.596
0.797
0.724
0.113
0.185
0.647
0.545
0.656
0.161
0.077
0.381
0.867
0.752
0.677
0.376
0.930
0.014
0.092
0.244
0.168
0.630
0.614
0.884
0.483
0.812
0.730
0.373
0.338
0.073
0.764
0.573
0.860
0.398
0.017
0.469
0.476
0.580
0.266
0.903
0.430
0.964
0.492
0.648
0.523
0.926
0.019
0.662
0.086
0.907
0.326
0.671
0.416
0.351
0.928
0.695
0.651
0.571
0.535
0.142
0.429
0.641
0.144
0.654
0.973
0.628
0.331
0.088
0.878
0.411
0.014
0.417
0.289
0.964
0.594
0.738
0.880
0.436
0.187
0.349
0.057
0.673
0.404
0.398
0.652
0.113
0.867
0.286
0.788
0.774
0.033
0.409
0.403
0.877
0.517
0.964
0.686
0.813
0.583
0.334
0.698
0.597
0.653
0.878
0.420
0.644
0.384
0.292
0.866
0.460
0.975
0.018
0.031
0.411
0.207
0.751
0.357
0.950
0.439
0.210
0.781
0.790
0.491
0.290
0.545
0.008
0.368
0.314
0.017
0.778
0.301
0.568
0.419
0.044
0.519
0.550
0.801
0.150
0.042
0.162
0.249
0.881
0.666
0.079
0.718
0.275
0.178
0.209
0.073
0.977
0.797
0.512
0.324
0.926
0.118
0.321
0.729
0.376
0.349
0.315
0.417
0.208
0.721
0.802
0.072
0.162
0.171
0.838
0.449
0.295
0.469
0.600
0.995
0.412
0.419
0.603
0.144
0.498
0.074
0.559
0.233
0.402
0.992
0.214
0.768
0.670
0.664
0.503
0.042
0.826
0.194
0.891
0.119
0.960
0.799
0.535
0.932
0.585
0.879
0.822
0.237
0.145
0.958
0.103
0.115
0.239
0.093
0.973
0.413
0.824
0.482
0.541
0.677
0.749
0.411
0.303
0.576
0.724
0.656
0.140
0.079
0.291
0.082
0.122
0.864
0.766
0.530
0.601
0.289
0.678
0.074
0.119
0.988
0.393
0.107
0.132
0.258
0.855
0.101
0.253
0.713
0.277
0.369
0.714
0.635
0.220
0.944
0.384
0.676
0.152
0.381
0.102
0.365
0.964
0.838
0.793
0.999
0.604
0.845
0.226
0.821
0.879
0.793
0.828
0.322
0.412
0.584
0.576
0.335
0.515
0.919
0.937
0.839
0.180
0.341
0.493
0.239
0.138
0.529
0.023
0.926
0.763
0.648
0.443
0.303
0.491
0.621
0.463
0.016
0.947
0.080
0.274
0.213
0.953
0.649
0.655
0.631
0.468
0.089
0.912
0.404
0.410
0.467
0.327
0.161
0.753
0.449
0.770
0.195
0.204
0.907
0.399
0.941
0.976
0.419
0.918
0.691
0.804
0.698
0.806
0.350
0.477
0.491
0.950
0.743
0.484
0.149
0.372
0.884
0.545
0.546
0.111
0.106
0.387
0.644
0.372
0.440
0.868
0.336
0.124
0.109
0.145
0.104
0.076
0.324
0.315
0.665
0.668
0.608
0.991
0.848
0.958
0.834
0.844
0.460
0.534
0.298
0.729
0.157
0.983
0.745
0.358
0.431
0.150
0.448
0.822
0.601
0.491
0.390
0.300
0.267
0.073
0.013
0.885
0.757
0.662
0.794
0.219
0.650
0.796
0.072
0.574
0.875
0.470
0.457
0.917
0.004
0.653
0.866
0.777
0.929
0.794
0.382
0.432
0.677
0.836
0.006
0.512
0.340
0.639
0.211
0.781
0.989
0.729
0.895
0.698
0.294
0.705
0.298
0.059
0.094
0.217
0.960
0.501
0.492
0.589
0.537
0.014
0.632
0.971
0.460
0.518
0.044
0.559
0.272
0.670
0.933
0.355
0.790
0.599
0.979
0.513
0.485
0.540
0.399
0.422
0.967
0.350
0.736
0.637
0.743
0.568
0.806
0.566
0.966
0.600
0.165
0.516
0.880
0.137
0.921
0.266
0.820
0.453
0.769
0.120
0.314
0.083
0.510
0.469
0.279
0.519
0.107
0.382
0.604
0.831
0.380
0.756
0.491
0.902
0.329
0.184
0.446
0.026
0.981
0.037
0.105
0.749
0.889
0.484
0.872
0.067
0.477
0.580
0.721
0.253
0.508
0.833
0.989
0.055
0.324
0.308
0.073
0.973
0.917
0.330
0.752
0.130
0.957
0.852
0.798
0.577
0.233
0.417
0.840
0.186
0.348
0.621
0.484
0.408
0.611
0.169
0.187
0.954
0.610
0.140
0.226
0.480
0.931
0.950
0.687
0.552
0.256
0.918
0.931
0.278
0.920
0.168
0.402
0.876
0.305
0.506
0.720
0.623
0.853
0.497
0.797
0.306
0.148
0.429
0.116
0.405
0.285
0.532
0.933
0.782
0.817
0.943
0.143
0.283
0.217
0.085
0.390
0.806
0.501
0.955
0.551
0.042
0.373
0.329
0.980
0.661
0.906
0.159
0.028
0.964
0.930
0.505
0.087
0.647
0.242
0.172
0.635
0.435
0.842
0.915
0.388
0.821
0.643
0.391
0.682
0.509
0.178
0.397
0.806
0.467
0.002
0.783
0.096
0.763
0.579
0.499
0.741
0.222
0.070
0.659
0.128
0.661
0.399
0.163
0.956
0.499
0.576
0.658
0.462
0.998
0.812
0.175
0.720
0.733
0.606
0.243
0.507
0.207
0.099
0.345
0.340
0.192
0.908
0.058
0.692
0.030
0.547
0.674
0.733
0.630
0.754
0.126
0.756
0.757
0.510
0.987
0.289
0.756
0.063
0.693
0.432
0.763
0.505
0.959
0.050
0.205
0.759
0.315
0.500
0.712
0.484
0.434
0.098
0.633
0.154
0.015
0.544
0.011
0.940
0.042
0.677
0.983
0.563
0.854
0.260
0.768
0.652
0.569
0.224
0.688
0.025
0.577
0.224
0.187
0.582
0.012
0.342
0.103
0.949
0.787
0.968
0.521
0.038
0.625
0.114
0.658
0.513
0.323
0.841
0.541
0.777
0.058
0.547
0.344
0.667
0.336
0.502
0.397
0.418
0.030
0.007
0.401
0.629
0.178
0.405
0.647
0.474
0.995
0.719
0.893
0.809
0.481
0.419
0.990
0.270
0.971
0.995
0.732
0.323
0.931
0.534
0.085
0.255
0.964
0.190
0.459
0.498
0.920
0.131
0.776
0.932
0.158
0.730
0.337
0.155
0.923
0.261
0.774
0.471
0.580
0.887
0.203
0.378
0.466
0.970
0.013
0.160
0.527
0.538
0.120
0.988
0.178
0.994
0.032
0.531
0.494
0.147
0.731
0.243
0.630
0.287
0.385
0.765
0.572
0.932
0.325
0.362
0.345
0.224
0.184
0.615
0.908
0.830
0.337
0.552
0.330
0.001
0.738
0.000
0.836
0.774
0.754
0.268
0.935
0.656
0.217
0.042
0.851
0.442
0.326
0.904
0.626
0.769
0.410
0.107
0.820
0.704
0.644
0.444
0.198
0.909
0.986
0.721
0.622
0.310
0.387
0.714
0.379
0.453
0.213
0.538
0.581
0.003
0.087
0.256
0.596
0.374
0.195
0.585
0.675
0.542
0.328
0.147
0.861
0.531
0.806
0.240
0.723
0.063
0.126
0.634
0.463
0.140
0.813
0.628
0.287
0.610
0.321
0.872
0.410
0.753
0.698
0.040
0.484
0.731
0.101
0.944
0.624
0.756
0.670
0.769
0.998
0.207
0.752
0.411
0.059
0.830
0.038
0.968
0.548
0.806
0.491
0.459
0.597
0.243
0.220
0.471
0.807
0.381
0.383
0.265
0.049
0.075
0.298
0.298
0.395
0.554
0.326
0.900
0.497
0.057
0.194
0.898
0.441
0.786
0.692
0.662
0.810
0.043
0.179
0.379
0.606
0.182
0.684
0.478
0.879
0.564
0.436
0.833
0.167
0.553
0.111
0.868
0.667
0.771
0.181
0.645
0.575
0.234
0.832
0.668
0.567
0.909
0.305
0.363
0.211
0.364
0.819
0.364
0.870
0.016
0.440
0.696
0.310
0.548
0.060
0.596
0.616
0.809
0.859
0.514
0.190
0.689
0.109
0.597
0.823
0.218
0.691
0.061
0.961
0.402
0.355
0.381
0.802
0.383
0.489
0.206
0.930
0.311
0.501
0.262
0.350
0.578
0.348
0.428
0.890
0.585
0.759
0.327
0.554
0.608
0.937
0.344
0.612
0.711
0.487
0.682
0.497
0.852
0.795
0.123
0.905
0.524
0.148
0.606
0.022
0.560
0.737
0.844
0.356
0.598
0.724
0.671
0.648
0.492
0.255
0.673
0.298
0.037
0.688
0.573
0.325
0.486
0.696
0.025
0.300
0.808
0.590
0.248
0.985
0.068
0.665
0.309
0.652
0.516
0.513
0.140
0.365
0.505
0.179
0.250
0.123
0.638
0.244
0.565
0.909
0.419
0.767
0.822
0.087
0.875
0.913
0.709
0.705
0.579
0.974
0.355
0.797
0.175
0.717
0.182
0.542
0.462
0.136
0.651
0.256
0.676
0.116
0.763
0.874
0.138
0.324
0.655
0.052
0.928
0.582
0.063
0.302
0.665
0.328
0.460
0.011
0.807
0.586
0.602
0.795
0.976
0.824
0.556
0.885
0.127
0.868
0.501
0.944
0.321
0.730
0.755
0.778
0.809
0.294
0.429
0.748
0.610
0.820
0.304
0.145
0.864
0.377
0.286
0.735
0.787
0.697
0.179
0.073
0.193
0.861
0.378
0.562
0.803
0.197
0.909
0.060
0.263
0.837
0.681
0.351
0.934
0.389
0.329
0.871
0.974
0.844
0.995
0.171
0.770
0.281
0.847
0.490
0.089
0.452
0.263
0.615
0.428
0.670
0.569
0.979
0.121
0.723
0.130
0.040
0.848
0.384
0.161
0.895
0.073
0.439
0.287
0.656
0.696
0.321
0.499
0.397
0.534
0.915
0.137
0.699
0.863
0.498
0.773
0.886
0.791
0.251
0.550
0.444
0.646
0.181
0.739
0.104
0.552
0.462
0.998
0.212
0.870
0.297
0.158
0.411
0.302
0.859
0.900
0.987
0.811
0.166
0.412
0.030
0.756
0.367
0.846
0.926
0.491
0.727
0.210
0.538
0.225
0.217
0.443
0.887
0.451
0.309
0.612
0.414
0.388
0.255
0.349
0.848
0.334
0.077
0.546
0.374
0.165
0.841
0.193
0.461
0.951
0.894
0.843
0.554
0.418
0.885
0.123
0.362
0.616
0.954
0.771
0.643
0.137
0.428
0.528
0.091
0.314
0.345
0.414
0.650
0.427
0.075
0.898
0.064
0.338
0.206
0.550
0.971
0.722
0.636
0.379
0.327
0.984
0.537
0.642
0.203
0.029
0.459
0.686
0.292
0.807
0.081
0.048
0.783
0.584
0.287
0.244
0.369
0.382
0.514
0.897
0.429
0.615
0.684
0.480
0.420
0.068
0.229
0.270
0.688
0.520
0.572
0.556
0.516
0.181
0.880
0.389
0.025
0.330
0.335
0.964
0.860
0.074
0.756
0.914
0.588
0.625
0.379
0.928
0.632
0.261
0.942
0.944
0.368
0.709
0.089
0.144
0.769
0.318
0.247
0.218
0.499
0.569
0.927
0.031
0.324
0.878
0.093
0.578
0.167
0.855
0.398
0.012
0.655
0.499
0.568
0.989
0.956
0.421
0.269
0.125
0.057
0.752
0.109
0.569
0.179
0.598
0.616
0.735
0.556
0.771
0.763
0.866
0.158
0.451
0.425
0.502
0.503
0.285
0.247
0.799
0.550
0.038
0.677
0.162
0.304
0.190
0.913
0.455
0.150
0.369
0.505
0.025
0.481
0.259
0.723
0.845
0.332
0.966
0.069
0.303
0.627
0.322
0.025
0.578
0.355
0.076
0.475
0.909
0.794
0.469
0.416
0.945
0.663
0.986
0.904
0.042
0.549
0.995
0.635
0.249
0.745
0.936
0.797
0.902
0.790
1.000
0.716
0.149
0.162
0.410
0.710
0.524
0.679
0.462
0.824
0.267
0.318
0.847
0.002
0.178
0.253
0.607
0.264
0.513
0.933
0.459
0.988
0.996
0.902
0.186
0.216
0.052
0.595
0.267
0.663
0.350
0.738
0.306
0.191
0.054
0.191
0.693
0.978
0.685
0.887
0.018
0.783
0.357
0.533
0.572
0.073
0.286
0.702
0.326
0.761
0.164
0.033
0.140
0.693
0.045
0.882
0.392
0.806
0.262
0.254
0.405
0.034
0.356
0.051
0.523
0.221
0.737
0.431
0.931
0.563
0.125
0.530
0.283
0.691
0.261
0.943
0.920
0.303
0.301
0.779
0.634
0.482
0.994
0.219
0.184
0.182
0.885
0.537
0.686
0.593
0.410
0.208
0.182
0.909
0.780
0.376
0.043
0.373
0.335
0.472
0.701
0.220
0.137
0.805
0.760
0.952
0.322
0.232
0.176
0.015
0.276
0.372
0.282
0.663
0.185
0.514
0.319
0.776
0.234
0.459
0.001
0.210
0.538
0.478
0.324
0.544
0.842
0.012
0.347
0.432
0.119
0.833
0.836
0.864
0.236
0.240
0.356
0.198
0.042
0.443
0.185
0.961
0.155
0.607
0.125
0.771
0.447
0.571
0.890
0.358
0.061
0.392
0.281
0.733
0.631
0.546
0.298
0.955
0.350
0.818
0.620
0.350
0.848
0.453
0.379
0.065
0.176
0.114
0.529
0.322
0.953
0.513
0.672
0.759
0.449
0.858
0.371
0.054
0.110
0.101
0.952
0.187
0.795
0.364
0.199
0.286
0.352
0.569
0.873
0.106
0.370
0.188
0.746
0.075
0.780
0.411
0.229
0.578
0.913
0.104
0.094
0.472
0.919
0.796
0.782
0.010
0.101
0.067
0.098
0.383
0.293
0.438
0.554
0.270
0.276
0.444
0.933
0.534
0.068
0.526
0.017
0.154
0.992
0.454
0.738
0.314
0.028
0.346
0.979
0.158
0.022
0.742
0.285
0.883
0.988
0.988
0.398
0.761
0.288
0.839
0.070
0.957
0.747
0.716
0.595
0.967
0.522
0.238
0.515
0.746
0.559
0.159
0.293
0.262
0.198
0.215
0.094
0.127
0.612
0.318
0.642
0.229
0.318
0.447
0.090
0.155
0.981
0.733
0.468
0.069
0.962
0.841
0.130
0.982
0.986
0.867
0.094
0.002
0.836
0.637
0.381
0.266
0.031
0.832
0.877
0.742
0.037
0.199
0.665
0.900
0.731
0.031
0.961
0.388
0.687
0.184
0.641
0.090
0.320
0.513
0.804
0.263
0.143
0.146
0.553
0.880
0.677
0.824
0.055
0.695
0.960
0.978
0.655
0.391
0.630
0.397
0.419
0.129
0.599
0.857
0.423
0.763
0.558
0.359
0.217
0.222
0.429
0.473
0.107
0.281
0.022
0.025
0.805
0.020
0.156
0.406
0.097
0.083
0.799
0.890
0.073
0.186
0.241
0.642
0.798
0.121
0.144
0.831
0.982
0.794
0.890
0.931
0.806
0.848
0.223
0.081
0.029
0.208
0.797
0.356
0.639
0.743
0.662
0.095
0.589
0.618
0.594
0.547
0.959
0.775
0.552
0.360
0.754
0.785
0.069
0.789
0.868
0.578
0.029
0.030
0.294
0.339
0.087
0.087
0.828
0.758
0.266
0.442
0.129
0.309
0.185
0.280
0.830
0.357
0.932
0.759
0.645
0.265
0.088
0.536
0.288
0.020
0.762
0.680
0.938
0.766
0.182
0.535
0.060
0.454
0.845
0.754
0.449
0.534
0.115
0.748
0.468
0.031
0.185
0.887
0.381
0.238
0.155
0.689
0.894
0.014
0.698
0.580
0.653
0.386
0.473
0.346
0.759
0.487
0.555
0.082
0.169
0.780
0.858
0.778
0.253
0.102
0.633
0.740
0.583
0.706
0.199
0.078
0.267
0.834
0.623
0.186
0.619
0.942
0.697
0.386
0.601
0.548
0.787
0.744
0.025
0.995
0.438
0.449
0.924
0.469
0.706
0.417
0.847
0.990
0.511
0.492
0.451
0.659
0.636
0.467
0.545
0.845
0.977
0.692
0.595
0.281
0.628
0.017
0.625
0.400
0.277
0.898
0.858
0.902
0.367
0.348
0.729
0.831
0.607
0.098
0.019
0.057
0.209
0.505
0.714
0.020
0.434
0.939
0.880
0.393
0.725
0.884
0.763
0.318
0.067
0.565
0.640
