0.694
0.870
0.695
0.622
0.453
0.647
0.009
0.483
0.307
0.283
0.548
0.709
0.454
0.088
0.777
0.259
0.964
0.125
0.328
0.160
0.303
0.183
0.820
0.009
0.799
0.530
0.265
0.589
0.744
0.830
0.004
0.466
0.563
0.700
0.972
0.953
0.293
0.423
0.597
0.323
0.153
0.039
0.134
0.731
0.299
0.077
0.400
0.124
0.428
0.929
0.344
0.094
0.360
0.364
0.908
0.424
0.021
0.777
0.995
0.304
0.475
0.322
0.866
0.194
0.815
0.433
0.795
0.412
0.008
0.068
0.823
0.849
0.259
0.514
0.423
0.483
0.443
0.153
0.314
0.353
0.746
0.640
0.208
0.283
0.485
0.104
0.922
0.149
0.263
0.434
0.988
0.551
0.482
0.783
0.621
0.628
0.987
0.433
0.912
0.619
0.554
0.976
0.839
0.325
0.050
0.056
0.566
0.652
0.093
0.499
0.311
0.962
0.525
0.349
0.512
0.163
0.223
0.374
0.208
0.302
0.850
0.064
0.819
0.191
0.759
0.442
0.108
0.606
0.245
0.950
0.834
0.540
0.505
0.453
0.656
0.531
0.368
0.818
0.573
0.310
0.084
0.184
0.260
0.146
0.789
0.830
0.269
0.103
0.257
0.418
0.873
0.402
0.026
0.587
0.835
0.959
0.578
0.087
0.362
0.954
0.643
0.078
0.918
0.528
0.321
0.701
0.604
0.939
0.135
0.185
0.600
0.406
0.056
0.041
0.496
0.607
0.691
0.567
0.709
0.327
0.153
0.284
0.880
0.357
0.456
0.400
0.860
0.314
0.339
0.783
0.322
0.588
0.393
0.137
0.875
0.208
0.013
0.900
0.815
0.476
0.829
0.680
0.821
0.122
0.632
0.718
0.899
0.285
0.237
0.693
0.471
0.873
0.895
0.822
0.191
0.253
0.074
0.253
0.705
0.890
0.210
0.597
0.611
0.255
0.391
0.539
0.107
0.897
0.827
0.582
0.588
0.133
0.634
0.915
0.777
0.808
0.607
0.712
0.799
0.196
0.154
0.830
0.021
0.760
0.412
0.640
0.341
0.595
0.838
0.407
0.471
0.864
0.065
0.665
0.520
0.294
0.612
0.681
0.962
0.173
0.354
0.183
0.879
0.333
0.818
0.156
0.634
0.754
0.977
0.187
0.956
0.437
0.346
0.321
0.500
0.219
0.263
0.570
0.112
0.351
0.662
0.874
0.921
0.243
0.194
0.329
0.934
0.567
0.115
0.412
0.504
0.726
0.082
0.362
0.023
0.388
0.169
0.873
0.495
0.136
0.228
0.228
0.913
0.095
0.176
0.827
0.060
0.024
0.471
0.258
0.792
0.669
0.352
0.649
0.458
0.082
0.971
0.520
0.027
0.237
0.427
0.640
0.005
0.555
0.353
0.018
0.033
0.753
0.864
0.935
0.951
0.524
0.812
0.548
0.513
0.737
0.354
0.392
0.214
0.667
0.098
0.088
0.325
0.227
1.000
0.432
0.139
0.997
0.169
0.316
0.538
0.338
0.783
0.396
0.433
0.402
0.805
0.274
0.752
0.515
0.470
0.179
0.404
0.033
0.175
0.980
0.838
0.118
0.799
0.527
0.505
0.155
0.038
0.318
0.462
0.379
0.225
0.124
0.985
0.044
0.122
0.513
0.273
0.172
0.751
0.431
0.956
0.133
0.393
0.673
0.087
0.089
0.516
0.605
0.065
0.947
0.303
0.428
0.894
0.005
0.435
0.757
0.857
0.175
0.994
0.241
0.210
0.533
0.974
0.370
0.868
0.675
0.586
0.830
0.412
0.256
0.671
0.959
0.174
0.952
0.985
0.103
0.439
0.078
0.951
0.424
0.007
0.404
0.820
0.068
0.753
0.519
0.955
0.073
0.846
0.348
0.415
0.472
0.033
0.969
0.656
0.007
0.277
0.637
0.356
0.684
0.118
0.014
0.173
0.731
0.448
0.294
0.552
0.561
0.195
0.446
0.714
0.939
0.934
0.925
0.295
0.954
0.725
0.037
0.410
0.669
0.994
0.103
0.768
0.337
0.933
0.150
0.110
0.672
0.984
0.791
0.447
0.230
0.505
0.983
0.041
0.284
0.136
0.654
0.456
0.008
0.486
0.204
0.845
0.061
0.204
0.828
0.622
0.656
0.892
0.134
0.468
0.256
0.558
0.058
0.383
0.689
0.717
0.557
0.906
0.329
0.460
0.227
0.601
0.789
0.677
0.940
0.306
0.958
0.425
0.486
0.120
0.984
0.877
0.877
0.472
0.326
0.006
0.193
0.694
0.875
0.937
0.739
0.968
0.611
0.656
0.744
0.002
0.455
0.033
0.108
0.862
0.990
0.465
0.054
0.313
0.328
0.249
0.539
0.807
0.228
0.477
0.962
0.336
0.910
0.044
0.700
0.770
0.914
0.483
0.777
0.573
0.676
0.812
0.381
0.543
0.933
0.242
0.602
0.867
0.676
0.603
0.482
0.992
0.235
0.335
0.310
0.260
0.997
0.342
0.497
0.749
0.174
0.321
0.508
0.460
0.041
0.029
0.972
0.301
0.117
0.768
0.255
0.310
0.629
0.749
0.097
0.428
0.222
0.304
0.727
0.767
0.877
0.200
0.464
0.069
0.848
0.561
0.666
0.033
0.590
0.704
0.038
0.821
0.618
0.818
0.025
0.407
0.037
0.687
0.774
0.443
0.957
0.266
0.732
0.103
0.686
0.358
0.311
0.733
0.690
0.112
0.739
0.369
0.493
0.460
0.426
0.622
0.470
0.577
0.810
0.336
0.417
0.859
0.615
0.971
0.856
0.988
0.847
0.200
0.321
0.566
0.330
0.007
0.572
0.332
0.444
0.514
0.155
0.606
0.308
0.731
0.010
0.689
0.790
0.947
0.155
0.494
0.469
0.632
0.006
0.117
0.022
0.900
0.179
0.384
0.136
0.310
0.247
0.572
0.301
0.894
0.421
0.293
0.328
0.992
0.949
0.465
0.738
0.101
0.570
0.674
0.637
0.483
0.179
0.264
0.958
0.778
0.096
0.446
0.495
0.227
0.282
0.009
0.803
0.818
0.544
0.984
0.315
0.361
0.992
0.677
0.173
0.180
0.495
0.381
0.980
0.410
0.278
0.298
0.962
0.803
0.746
0.525
0.456
0.955
0.240
0.575
0.091
0.548
0.104
0.210
0.942
0.488
0.084
0.832
0.570
0.175
0.668
0.963
0.959
0.492
0.817
0.089
0.489
0.599
0.157
0.092
0.622
0.126
0.411
0.017
0.896
0.660
0.689
0.240
0.263
0.401
0.261
0.481
0.447
0.827
0.617
0.308
0.712
0.081
0.478
0.117
0.750
0.529
0.360
0.402
0.244
0.199
0.546
0.239
0.101
0.082
0.597
0.293
0.446
0.614
0.043
0.370
0.955
0.138
0.778
0.356
0.991
0.762
0.912
0.807
0.422
0.068
0.444
0.311
0.496
0.819
0.106
0.434
0.433
0.540
0.460
0.283
0.082
0.543
0.603
0.880
0.869
0.968
0.993
0.215
0.717
0.967
0.328
0.060
0.603
0.577
0.284
0.544
0.177
0.862
0.988
0.668
0.509
0.458
0.786
0.406
0.576
0.929
0.523
0.648
0.276
0.375
0.875
0.778
0.357
0.005
0.721
0.467
0.232
0.005
0.690
0.531
0.352
0.587
0.095
0.783
0.854
0.933
0.801
0.470
0.280
0.711
0.412
0.146
0.613
0.235
0.685
0.394
0.512
0.040
0.307
0.772
0.957
0.789
0.344
0.759
0.190
0.042
0.633
0.411
0.626
0.954
0.689
0.060
0.327
0.912
0.714
0.047
0.150
0.129
0.297
0.936
0.925
0.403
0.956
0.159
0.294
0.947
0.372
0.476
0.570
0.908
0.373
0.487
0.022
0.606
0.262
0.700
0.790
0.548
0.329
0.242
0.001
0.891
0.245
0.839
0.556
0.055
0.149
0.367
0.106
0.051
0.348
0.740
0.409
0.969
0.346
0.923
0.664
0.586
0.814
0.383
0.887
0.990
0.189
0.862
0.003
0.528
0.519
0.277
0.533
0.665
0.472
0.844
0.266
0.939
0.900
0.733
0.135
0.485
0.540
0.909
0.974
0.286
0.774
0.597
0.917
0.460
0.199
0.926
0.347
0.559
0.505
0.980
0.912
0.173
0.958
0.698
0.453
0.543
0.687
0.577
0.033
0.158
0.641
0.327
0.743
0.012
0.801
0.445
0.457
0.540
0.094
0.931
0.551
0.145
0.383
0.142
0.619
0.074
0.656
0.898
0.469
0.066
0.625
0.149
0.132
0.615
0.191
0.935
0.800
0.099
0.817
0.379
0.817
0.560
0.040
0.769
0.661
0.017
0.866
0.875
0.719
0.961
0.682
0.972
0.203
0.596
0.811
0.966
0.239
0.628
0.515
0.891
0.578
0.799
0.007
0.903
0.247
0.103
0.449
0.622
0.683
0.213
0.003
0.601
0.969
0.769
0.619
0.276
0.438
0.679
0.167
0.203
0.181
0.753
0.940
0.344
0.910
0.407
0.051
0.503
0.857
0.158
0.198
0.598
0.883
0.201
0.956
0.575
0.587
0.522
0.781
0.076
0.474
0.318
0.404
0.993
0.461
0.386
0.575
0.758
0.850
0.667
0.015
0.728
0.592
0.517
0.641
0.568
0.424
0.516
0.933
0.415
0.622
0.859
0.387
0.123
0.623
0.155
0.215
0.528
0.631
0.223
0.409
0.533
0.582
0.452
0.672
0.007
0.307
0.489
0.692
0.477
0.003
0.046
0.533
0.516
0.181
0.001
0.177
0.626
0.166
0.452
0.227
0.544
0.782
0.787
0.034
0.624
0.514
0.096
0.570
0.674
0.638
0.474
0.089
0.402
0.718
0.876
0.832
0.977
0.989
0.674
0.170
0.805
0.140
0.676
0.166
0.504
0.443
0.400
0.961
0.117
0.656
0.907
0.650
0.458
0.689
0.873
0.817
0.057
0.401
0.995
0.747
0.441
0.806
0.383
0.972
0.561
0.601
0.723
0.681
0.817
0.707
0.521
0.760
0.763
0.020
0.943
0.129
0.414
0.221
0.710
0.443
0.047
0.651
0.331
0.089
0.554
0.392
0.489
0.030
0.549
0.514
0.469
0.732
0.245
0.019
0.041
0.825
0.649
0.980
0.639
0.364
0.009
0.462
0.578
0.718
0.864
0.318
0.560
0.729
0.109
0.166
0.063
0.874
0.195
0.965
0.401
0.595
0.352
0.532
0.178
0.966
0.908
0.105
0.573
0.895
0.971
0.826
0.385
0.996
0.369
0.578
0.691
0.145
0.186
0.868
0.262
0.652
0.213
0.292
0.045
0.679
0.529
0.590
0.330
0.069
0.766
0.478
0.857
0.582
0.062
0.815
0.038
0.731
0.141
0.866
0.171
0.581
0.314
0.258
0.474
0.993
0.821
0.547
0.715
0.333
0.600
0.834
0.891
0.779
0.620
0.635
0.674
0.508
0.323
0.832
0.820
0.635
0.592
0.802
0.701
0.643
0.719
0.319
0.932
0.555
0.711
0.263
0.027
0.395
0.710
0.416
0.447
0.755
0.858
0.179
0.603
0.842
0.655
0.781
0.431
0.336
0.381
0.715
0.916
0.359
0.876
0.906
0.956
0.824
0.090
0.611
0.903
0.296
0.134
0.609
0.022
0.169
0.422
0.615
0.953
0.704
0.586
0.499
0.017
0.251
0.681
0.222
0.008
0.795
0.338
0.742
0.254
0.117
0.265
0.282
0.168
0.103
0.007
0.959
0.058
0.963
0.768
0.693
0.411
0.254
0.350
0.813
0.993
0.108
0.902
0.030
0.005
0.936
0.033
0.751
0.864
0.252
0.158
0.355
0.862
0.414
0.932
0.352
0.971
0.674
0.624
0.035
0.815
0.921
0.707
0.716
0.903
0.387
0.889
0.371
0.229
0.617
0.258
0.190
0.243
0.987
0.987
0.021
0.494
0.058
0.381
0.786
0.434
0.763
0.950
0.434
0.111
0.295
0.544
0.987
0.801
0.648
0.337
0.325
0.539
0.399
0.099
0.061
0.431
0.295
0.241
0.616
0.580
0.576
0.224
0.140
0.088
0.785
0.347
0.580
0.060
0.659
0.532
0.317
0.070
0.478
0.588
0.973
0.044
0.591
0.639
0.146
0.753
0.682
1.000
0.932
0.709
0.335
0.986
0.532
0.635
0.836
0.356
0.248
0.132
0.781
0.788
0.703
0.548
0.882
0.222
0.715
0.787
0.020
0.557
0.489
0.858
0.352
0.344
0.434
0.801
0.997
0.303
0.916
0.141
0.519
0.243
0.389
0.254
0.533
0.734
0.958
0.951
0.595
0.244
0.968
0.101
0.803
0.596
0.374
0.430
0.560
0.646
0.776
0.728
0.840
0.154
0.380
0.445
0.895
0.062
0.318
0.134
0.882
0.775
0.918
0.167
0.033
0.604
0.943
0.886
0.248
0.886
0.703
0.062
0.202
0.522
0.181
0.047
0.578
0.912
0.546
0.376
0.420
0.969
0.808
0.557
0.083
0.583
0.795
0.817
0.219
0.612
0.185
0.723
0.406
0.115
0.723
0.827
0.661
0.018
0.081
0.723
0.115
0.990
0.694
0.122
0.434
0.852
0.421
0.801
0.872
0.091
0.168
0.525
0.476
0.568
0.258
0.232
0.138
0.828
0.669
0.911
0.715
0.969
0.539
0.606
0.385
0.413
0.067
0.636
0.593
0.071
0.118
0.067
0.432
0.231
0.496
0.237
0.222
0.807
0.138
0.047
0.142
0.821
0.489
0.919
0.995
0.193
0.944
0.239
0.414
0.429
0.542
0.695
0.129
0.477
0.271
0.186
0.779
0.268
0.823
0.651
0.968
0.892
0.070
0.509
0.524
0.139
0.786
0.045
0.217
0.330
0.757
0.899
0.682
0.678
0.425
0.753
0.487
0.108
0.614
0.458
0.540
0.211
0.198
0.819
0.747
0.424
0.963
0.416
0.969
0.135
0.404
0.497
0.811
0.486
0.488
0.056
0.500
0.787
0.203
0.882
0.290
0.280
0.757
0.056
0.119
0.193
0.281
0.982
0.786
0.221
0.096
0.904
0.127
0.229
0.331
0.247
0.406
0.931
0.309
0.690
0.838
0.125
0.963
0.428
0.095
0.982
0.027
0.818
0.618
0.199
0.433
0.764
0.306
0.348
0.892
0.024
0.689
0.257
0.983
0.953
0.996
0.887
0.643
0.509
0.968
0.447
0.290
0.571
0.277
0.264
0.503
0.987
0.592
0.459
0.494
0.815
0.662
0.423
0.028
0.282
0.978
0.546
0.606
0.668
0.814
0.368
0.743
0.843
0.757
0.915
0.377
0.418
0.637
0.030
0.804
0.315
0.054
0.119
0.771
0.189
0.571
0.798
0.659
0.003
0.837
0.412
0.926
0.457
0.493
0.218
0.273
0.449
0.436
0.092
0.723
0.135
0.498
0.593
0.379
0.596
0.604
0.094
0.996
0.695
0.407
0.347
0.931
0.159
0.889
0.239
0.292
0.875
0.004
0.189
0.567
0.017
0.262
0.007
0.076
0.273
0.199
0.519
0.170
0.191
0.760
0.263
0.910
0.695
0.958
0.753
0.209
0.359
0.042
0.493
0.897
0.671
0.429
0.622
0.608
0.679
0.518
0.039
0.362
0.336
0.482
0.783
0.116
0.724
0.273
0.677
0.061
0.630
0.830
0.316
0.658
0.527
0.465
0.938
0.460
0.007
0.844
0.705
0.588
0.022
0.178
0.454
0.219
0.023
0.246
0.931
0.223
0.289
0.847
0.460
0.415
0.673
0.810
0.254
0.461
0.312
0.341
0.358
0.436
0.837
0.403
0.356
0.142
0.688
0.225
0.073
0.777
0.825
0.595
0.984
0.994
0.921
0.328
0.014
0.989
0.905
0.722
0.046
0.927
0.704
0.457
0.542
0.522
0.192
0.210
0.810
0.886
0.116
0.573
0.657
0.761
0.391
0.021
0.329
0.948
0.275
0.071
0.871
0.580
0.087
0.022
0.073
0.986
0.848
0.807
0.597
0.057
0.130
0.146
0.880
0.562
0.576
0.259
0.425
0.208
0.840
0.968
0.258
0.484
0.597
0.992
0.065
0.651
0.850
0.862
0.417
0.947
0.798
0.671
0.066
0.283
0.325
0.975
0.362
0.446
0.585
0.985
0.265
0.276
0.727
0.537
0.983
0.734
0.784
0.576
0.490
0.896
0.882
0.277
0.821
0.706
0.226
0.218
0.208
0.575
0.956
0.262
0.424
0.743
0.269
0.261
0.269
0.978
0.181
0.551
0.148
0.745
0.289
0.157
0.781
0.159
0.435
0.691
0.024
0.001
0.210
0.555
0.428
0.919
0.192
0.577
0.156
0.454
0.693
0.145
0.576
0.874
0.229
0.898
0.323
0.361
0.865
0.855
0.636
0.297
0.286
0.779
0.825
0.559
0.101
0.306
0.120
0.020
0.143
0.654
0.498
0.570
0.136
0.563
0.504
0.119
0.502
0.592
0.334
0.820
0.263
0.751
0.107
0.331
0.434
0.124
0.098
0.135
0.154
0.186
0.972
0.290
0.098
0.948
0.560
0.900
0.563
0.743
0.935
0.669
0.548
0.834
0.738
0.086
0.594
0.942
0.361
0.881
0.057
0.505
0.584
0.557
0.327
0.012
0.490
0.826
0.122
0.488
0.334
0.621
0.854
0.179
0.818
0.980
0.095
0.638
0.923
0.953
0.552
0.983
0.899
0.272
0.840
0.037
0.159
0.275
0.510
0.924
0.278
0.715
0.428
0.708
0.714
0.098
0.114
0.267
0.551
0.532
0.804
0.489
0.657
0.421
0.574
0.200
0.397
0.049
0.074
0.842
0.271
0.514
0.061
0.810
0.906
0.816
0.397
0.031
0.217
0.283
0.483
0.989
0.819
0.793
0.487
0.815
0.085
0.924
0.665
0.029
0.974
0.984
0.981
0.981
0.995
0.202
0.715
0.235
0.925
0.207
0.886
0.661
0.613
0.884
0.534
0.466
0.802
0.181
0.559
0.800
0.514
0.806
0.152
0.655
0.455
0.005
0.048
0.643
0.315
0.587
0.372
0.835
0.274
0.489
0.482
0.680
0.643
0.899
0.946
0.362
0.742
0.754
0.102
0.674
0.023
0.714
0.461
0.578
0.831
0.551
0.078
0.053
0.579
0.792
0.858
0.430
0.002
0.642
0.145
0.955
0.832
0.161
0.206
0.452
0.404
0.547
0.218
0.487
0.640
0.004
0.470
0.306
0.248
0.498
0.016
0.079
0.365
0.569
0.652
0.535
0.205
0.991
0.742
0.256
0.739
0.544
0.101
0.534
0.150
0.174
0.821
0.053
0.999
0.006
0.174
0.076
0.271
0.161
0.308
0.539
0.552
0.631
0.966
0.882
0.398
0.302
0.840
0.817
0.273
0.997
0.056
0.475
0.308
0.778
0.811
0.832
0.142
0.293
0.901
0.202
0.172
0.316
0.078
0.920
0.909
0.194
0.272
0.726
0.303
0.567
0.038
0.637
0.896
0.880
0.980
0.566
0.546
0.671
0.652
0.624
0.623
0.865
0.305
0.048
0.196
0.592
0.546
0.499
0.897
0.873
0.677
0.847
0.672
0.885
0.736
0.811
0.488
0.328
0.945
0.684
0.970
0.373
0.769
0.301
0.194
0.409
0.284
0.224
0.216
0.885
0.055
0.943
0.045
0.288
0.799
0.870
0.650
0.182
0.848
0.713
0.568
0.960
0.772
0.150
0.222
0.629
0.733
0.256
0.112
0.224
0.986
0.692
0.773
0.775
0.404
0.632
0.970
0.254
0.114
0.783
0.011
0.900
0.061
0.278
0.322
0.033
0.893
0.720
0.042
0.909
0.642
0.193
0.126
0.465
0.157
0.564
0.601
0.542
0.102
0.605
0.131
0.122
0.134
0.895
0.043
0.564
0.725
0.060
0.752
0.130
0.478
0.925
0.821
0.360
0.837
0.536
0.768
0.792
0.721
0.180
0.843
0.268
0.866
0.359
0.853
0.621
0.556
0.433
0.282
0.602
0.192
0.162
0.033
0.828
0.330
0.977
0.786
0.950
0.437
0.755
0.322
0.568
0.156
0.633
0.935
0.706
0.246
0.817
0.643
0.406
0.948
0.230
0.202
0.525
0.301
0.979
0.469
0.226
0.530
0.930
0.922
0.484
0.663
0.505
0.161
0.766
0.508
0.589
0.441
0.486
0.420
0.977
0.814
0.308
0.254
0.781
0.080
0.973
0.114
0.670
0.027
0.231
0.919
0.888
0.364
0.302
0.386
0.013
0.922
0.800
0.602
0.238
0.663
0.211
0.081
0.206
0.767
0.758
0.744
0.220
0.550
0.260
0.847
0.330
0.382
0.549
0.070
0.775
0.987
0.398
0.129
0.610
0.135
0.349
0.780
0.216
0.716
0.582
0.459
0.241
0.118
0.575
0.520
0.386
0.384
0.976
0.544
0.871
0.055
0.541
0.261
0.424
0.529
0.635
0.393
0.841
0.781
0.785
0.388
0.347
0.120
0.266
0.621
0.813
0.351
0.492
0.853
0.737
0.536
0.589
0.891
0.155
0.935
0.196
0.714
0.496
0.730
0.587
0.976
0.743
0.393
0.978
0.128
0.828
0.317
0.905
0.039
0.834
0.519
0.961
0.163
0.941
0.063
0.899
0.938
0.222
0.730
0.662
0.311
0.806
0.670
0.427
0.320
0.508
0.349
0.132
0.761
0.619
0.137
0.714
0.838
0.224
0.199
0.012
0.643
0.917
0.422
0.791
0.073
0.287
0.765
0.588
0.006
0.784
0.772
0.360
0.187
0.727
0.009
0.902
0.718
0.585
0.472
0.447
0.711
0.316
0.717
0.881
0.582
0.529
0.318
0.828
0.973
0.234
0.089
0.848
0.580
0.650
0.041
0.338
0.015
0.430
0.710
0.610
0.180
0.391
0.889
0.819
0.176
0.491
0.062
0.740
0.412
0.312
0.409
0.683
0.356
0.098
0.696
0.766
0.600
0.633
0.639
0.440
0.245
0.443
0.688
0.322
0.469
0.801
0.566
0.254
0.332
0.570
0.251
0.117
0.254
0.674
0.140
0.657
0.596
0.125
0.518
0.631
0.534
0.601
0.411
0.425
0.788
0.387
0.045
0.720
0.906
0.068
0.095
0.841
0.689
0.021
0.934
0.299
0.338
0.143
0.054
0.487
0.305
0.729
0.201
0.449
0.278
0.152
0.669
0.719
0.930
0.720
0.792
0.104
0.554
0.887
0.540
0.720
0.796
0.244
0.639
0.284
0.740
0.629
0.825
0.081
0.771
0.657
0.785
0.857
0.361
0.689
0.317
0.504
0.049
0.538
0.480
0.679
0.452
0.248
0.227
0.821
0.934
0.684
0.446
0.442
0.972
0.337
0.922
0.734
0.786
0.744
0.730
0.796
0.531
0.676
0.293
0.558
0.362
0.446
0.825
0.704
0.759
0.993
0.101
0.078
0.626
0.391
0.185
0.145
0.203
0.075
0.868
0.980
0.678
0.375
0.766
0.838
0.755
0.314
0.422
0.741
0.482
0.859
0.221
0.311
0.599
0.643
0.111
0.031
0.516
1.000
0.169
0.276
0.906
0.801
0.897
0.823
0.571
0.746
0.964
0.962
0.953
0.826
0.490
0.928
0.425
0.430
0.913
0.984
0.177
0.674
0.491
0.913
0.813
0.868
0.072
0.718
0.292
0.670
0.404
0.797
0.329
0.395
0.948
0.953
0.367
0.988
0.056
0.775
0.387
0.355
0.488
0.725
0.403
0.331
0.475
0.537
0.801
0.806
0.921
0.724
0.388
0.670
0.098
0.735
0.221
0.421
0.801
0.758
0.386
0.918
0.938
0.692
0.872
0.748
0.705
0.390
0.372
0.852
0.159
0.661
0.013
0.054
0.584
0.134
0.534
0.247
0.659
0.910
0.276
0.571
0.366
0.104
0.679
0.300
0.829
0.557
0.265
0.788
0.037
0.495
0.221
0.888
0.337
0.509
0.513
0.653
0.354
0.203
0.477
0.210
0.784
0.620
0.853
0.883
0.315
0.846
0.003
0.005
0.781
0.798
0.364
0.959
0.089
0.530
0.233
0.572
0.353
0.638
0.357
0.751
0.425
0.528
0.362
0.719
0.568
0.186
0.154
0.751
0.143
0.185
0.838
0.438
0.982
0.854
0.489
0.081
0.299
0.176
0.760
0.861
0.733
0.974
0.153
0.412
0.211
0.886
0.034
0.143
0.232
0.999
0.494
0.675
0.212
0.205
0.983
0.498
0.259
0.572
0.917
0.590
0.921
0.053
0.036
0.178
0.202
0.048
0.052
0.029
0.554
0.601
0.488
0.039
0.037
0.835
0.970
0.997
0.233
0.379
0.986
0.244
0.192
0.458
0.285
0.050
0.012
0.243
0.455
0.859
0.516
0.004
0.331
0.713
0.974
0.995
0.551
0.579
0.314
0.097
0.551
0.548
0.107
0.074
0.551
0.461
0.183
0.187
0.544
0.699
0.231
0.423
0.563
0.715
0.497
0.909
0.511
0.763
0.143
0.543
0.347
0.367
0.199
0.999
0.638
0.208
0.287
0.419
0.744
0.234
0.020
0.196
0.394
0.179
0.576
0.044
0.007
0.001
0.852
0.205
0.837
0.322
0.450
0.201
0.950
0.529
0.441
0.957
0.574
0.366
0.236
0.333
0.677
0.774
0.272
0.556
0.252
0.930
0.630
0.762
0.907
0.146
0.230
0.412
0.642
0.125
0.840
0.320
0.058
0.031
0.191
0.817
0.515
0.997
0.215
0.269
0.547
0.119
0.943
0.838
0.373
0.614
0.555
0.171
0.883
0.735
0.529
0.670
0.881
0.119
0.780
0.450
0.751
0.907
0.214
0.410
0.607
0.250
0.874
0.776
0.463
0.620
0.334
0.990
0.573
0.397
0.302
0.621
0.207
0.927
0.127
0.910
0.155
0.472
0.091
0.787
0.469
0.658
0.175
0.409
0.228
0.076
0.147
0.225
0.142
0.982
0.083
0.524
0.751
0.091
0.659
0.701
0.765
0.777
0.511
0.010
0.388
0.437
0.861
0.815
0.607
0.217
0.405
0.407
0.059
0.358
0.305
0.439
0.374
0.589
0.149
0.337
