0.85
0.38
0.70
0.45
0.33
0.32
0.76
0.67
0.71
0.52
0.57
0.33
0.27
0.32
0.26
0.20
0.14
0.11
0.67
0.15
0.67
0.71
0.52
0.43
0.33
0.38
0.32
0.26
0.19
0.19
0.16
0.15
0.15
0.11
0.62
0.67
0.57
0.62
0.52
0.57
0.52
0.48
0.43
0.38
0.43
0.33
0.29
0.33
0.23
0.27
0.17
0.16
0.15
0.09
0.62
0.67
0.57
0.62
0.52
0.57
0.52
0.29
0.23
0.17
0.16
0.15
0.09
0.54
0.59
0.50
0.54
0.45
0.50
0.41
0.45
0.41
0.36
0.32
0.36
0.27
0.32
0.23
0.27
0.17
0.21
0.12
0.16
0.11
0.11
0.11
0.11
0.10
0.10
0.09
0.09
0.08
0.08
0.08
0.07
0.07
0.06
0.59
0.63
0.54
0.59
0.54
0.32
0.32
0.21
0.26
0.16
0.20
0.15
0.15
0.14
0.14
0.09
0.08
0.50
0.54
0.17
0.08
0.06
0.54
0.59
0.50
0.54
0.45
0.50
0.45
0.41
0.36
0.32
0.27
0.32
0.23
0.27
0.17
0.21
0.12
0.16
0.11
0.11
0.11
0.11
0.10
0.08
0.08
0.07
0.07
0.06
0.47
0.51
0.47
0.43
0.38
0.34
0.30
0.26
0.21
0.26
0.17
0.12
0.16
0.08
0.11
0.07
0.07
0.07
0.07
0.06
0.06
0.06
0.05
0.05
0.05
0.05
0.04
0.04
0.04
0.47
0.51
0.43
0.47
0.38
0.34
0.38
0.34
0.30
0.26
0.30
0.21
0.26
0.17
0.21
0.12
0.16
0.08
0.11
0.07
0.07
0.07
0.06
0.06
0.06
0.06
0.05
0.04
0.04
0.04
0.44
0.28
0.11
0.04
0.07
0.03
0.03
0.03
0.03
0.02
0.02
0.02
0.44
0.20
0.08
0.11
0.04
0.03
0.02
0.02
0.48
0.32
0.11
0.06
0.06
0.06
0.05
0.04
0.03
0.03
0.02
0.01
0.41
0.07
0.11
0.07
0.03
0.03
0.02
0.01
0.00
0.00
0.39
0.07
0.01
0.00
0.43
0.18
0.35
0.23
0.16
0.18
0.44
0.39
0.41
0.30
0.33
0.19
0.15
0.18
0.14
0.10
0.04
0.01
0.39
0.07
0.39
0.41
0.30
0.25
0.19
0.22
0.18
0.14
0.09
0.09
0.06
0.05
0.05
0.01
0.36
0.39
0.33
0.36
0.30
0.33
0.30
0.28
0.25
0.22
0.25
0.19
0.17
0.19
0.13
0.15
0.09
0.08
0.07
0.01
0.36
0.39
0.33
0.36
0.30
0.33
0.30
0.17
0.13
0.09
0.08
0.07
0.01
0.36
0.39
0.33
0.36
0.30
0.33
0.27
0.30
0.27
0.24
0.21
0.24
0.18
0.21
0.15
0.18
0.11
0.14
0.08
0.10
0.07
0.07
0.06
0.06
0.05
0.05
0.05
0.05
0.04
0.03
0.03
0.02
0.02
0.02
0.39
0.42
0.36
0.39
0.36
0.21
0.21
0.14
0.17
0.10
0.13
0.09
0.09
0.08
0.08
0.03
0.02
0.33
0.36
0.11
0.05
0.03
0.36
0.39
0.33
0.36
0.30
0.33
0.30
0.27
0.24
0.21
0.18
0.21
0.15
0.18
0.11
0.14
0.08
0.10
0.07
0.07
0.06
0.06
0.05
0.04
0.03
0.02
0.02
0.02
0.36
0.39
0.36
0.33
0.29
0.26
0.23
0.20
0.16
0.20
0.13
0.09
0.12
0.06
0.08
0.05
0.05
0.05
0.05
0.04
0.04
0.04
0.03
0.03
0.03
0.03
0.02
0.02
0.02
0.36
0.39
0.33
0.36
0.29
0.26
0.29
0.26
0.23
0.20
0.23
0.16
0.20
0.13
0.16
0.09
0.12
0.06
0.08
0.05
0.05
0.05
0.04
0.04
0.04
0.04
0.03
0.02
0.02
0.02
