0.05
0.55
0.25
0.55
0.61
0.61
0.20
0.25
0.25
0.40
0.40
0.72
0.72
0.72
0.72
0.66
0.30
0.25
0.33
0.72
0.33
0.33
0.55
0.66
0.77
0.77
0.77
0.77
0.66
0.72
0.55
0.44
0.50
0.33
0.39
0.39
0.44
0.44
0.50
0.50
0.55
0.61
0.66
0.72
0.72
0.77
0.83
0.83
0.83
0.83
0.83
0.77
0.77
0.39
0.44
0.44
0.50
0.50
0.55
0.55
0.61
0.88
0.88
0.88
0.88
0.83
0.44
0.44
0.44
0.50
0.50
0.55
0.55
0.61
0.61
0.66
0.72
0.77
0.77
0.83
0.83
0.88
0.88
0.88
0.88
0.88
0.88
0.83
0.88
0.77
0.83
0.72
0.77
0.66
0.72
0.61
0.50
0.55
0.44
0.50
0.44
0.44
0.44
0.50
0.50
0.55
0.83
0.88
0.88
0.88
0.88
0.88
0.83
0.88
0.77
0.83
0.44
0.44
0.50
0.50
0.94
0.88
0.72
0.50
0.50
0.55
0.55
0.61
0.61
0.66
0.72
0.77
0.83
0.88
0.88
0.94
0.94
0.94
0.94
0.94
0.94
0.88
0.94
0.83
0.88
0.77
0.61
0.55
0.50
0.55
0.50
0.44
0.44
0.50
0.55
0.61
0.66
0.72
0.77
0.83
0.83
0.88
0.88
0.88
0.88
0.88
0.83
0.88
0.77
0.83
0.72
0.77
0.61
0.55
0.61
0.50
0.55
0.44
0.50
0.44
0.50
0.50
0.55
0.55
0.61
0.66
0.66
0.72
0.77
0.83
0.83
0.88
0.88
0.94
0.94
0.94
0.94
0.94
0.94
0.88
0.94
0.88
0.77
0.83
0.72
0.77
0.55
0.50
0.55
0.50
0.39
0.61
0.83
0.83
0.83
0.72
0.77
0.55
0.61
0.39
0.44
0.39
0.44
0.77
0.88
0.88
0.88
0.77
0.55
0.44
0.44
0.66
0.88
0.77
0.83
0.77
0.66
0.44
0.44
0.66
0.25
0.25
0.33
0.77
0.77
0.77
0.77
0.61
0.50
0.39
0.10
0.15
0.20
0.66
0.25
0.10
0.05
0.55
0.25
0.55
0.61
0.61
0.20
0.25
0.25
0.40
0.40
0.72
0.72
0.72
0.72
0.66
0.30
0.25
0.30
0.72
0.30
0.30
0.50
0.66
0.77
0.77
0.77
0.77
0.66
0.72
0.50
0.40
0.45
0.30
0.35
0.35
0.40
0.40
0.45
0.45
0.50
0.55
0.60
0.72
0.72
0.77
0.83
0.83
0.83
0.83
0.83
0.77
0.77
0.35
0.40
0.40
0.45
0.45
0.50
0.50
0.55
0.88
0.88
0.88
0.88
0.83
0.40
0.40
0.40
0.45
0.45
0.50
0.50
0.55
0.55
0.60
0.65
0.77
0.77
0.83
0.83
0.88
0.88
0.88
0.88
0.88
0.88
0.83
0.88
0.77
0.83
0.65
0.77
0.60
0.65
0.55
0.45
0.50
0.40
0.45
0.40
0.40
0.40
0.45
0.45
0.50
0.83
0.88
0.88
0.88
0.88
0.88
0.83
0.88
0.77
0.83
0.40
0.40
0.50
0.50
0.94
0.88
0.72
0.50
0.50
0.55
0.55
0.61
0.61
0.66
0.72
0.77
0.83
0.88
0.88
0.94
0.94
0.94
0.94
0.94
0.94
0.88
0.94
0.83
0.88
0.77
0.61
0.55
0.50
0.55
0.50
0.44
0.44
0.50
0.55
0.61
0.66
0.72
0.77
0.83
0.83
0.88
0.88
0.88
0.88
0.88
0.83
0.88
0.77
0.83
0.72
0.77
0.61
0.55
0.61
0.50
0.55
0.44
0.50
0.44
0.50
0.50
0.55
0.55
0.61
0.66
0.66
0.72
0.77
0.83
0.83
0.88
0.88
0.94
0.94
0.94
0.94
0.94
0.94
0.88
0.94
0.88
0.77
0.83
0.72
0.77
0.55
0.50
0.55
0.50
