0.489613768
0.152801333
0.124727851
0.434768507
0.217308828
0.551268511
0.865683754
0.885422958
0.785612921
0.11110657
0.749815197
0.69390525
0.051169148
0.166096118
0.331534714
0.277097777
0.747228284
0.705484949
0.698576857
0.05371501
0.705705242
0.056579831
0.711719839
0.133555663
0.202146734
0.045298465
0.816042009
0.768472859
0.474233573
0.329742408
0.968031611
0.974433264
0.268108104
0.025094974
0.334493272
0.721426343
0.417607727
0.035958341
0.388070862
0.695412845
0.090892699
0.884341553
0.265994534
0.500683086
0.415648709
0.544391032
0.659077699
0.619468991
0.043607845
0.665267381
0.155427895
0.454626269
0.612683955
0.918792026
0.372880475
0.429611702
0.750349054
0.328683263
0.101125587
0.657123852
0.070549041
0.549853588
0.554162586
0.474547206
0.131413332
0.185766797
0.22402101
0.408932527
0.918514331
0.218511846
0.050958579
0.876424597
0.684114781
0.443698996
0.964660995
0.705748091
0.055742091
0.197638596
0.116831115
0.272673412
0.464803466
0.907373681
0.000864502
0.904267767
0.817922253
0.084229899
0.7205804
0.270578422
0.543630866
0.945353984
0.403983102
0.476750155
0.865418682
0.934071017
0.299455392
0.51761225
0.439195526
0.781421221
0.060313422
0.509238407
0.961847744
0.943790333
0.656451796
0.739679042
0.275853273
0.996024193
0.417612546
0.758500831
0.192145957
0.485574223
0.816231149
0.026423489
0.392035919
0.43125171
0.16684388
0.649558855
0.33391986
0.917182539
0.844697033
0.061609779
0.930347545
0.184661362
0.792322687
0.617811539
0.738577309
0.282134975
0.339819145
0.671010492
0.380258811
0.276227519
0.919068769
0.844826148
0.390369205
0.630910114
0.957709064
0.392094477
0.048723664
0.945197502
0.869254783
0.783335089
0.26641716
0.797745562
0.575249588
0.494895889
0.402760469
0.601900691
0.000591131
0.727400953
0.941507834
0.055645587
0.010193266
0.409267412
0.622988652
0.441475792
0.116060227
0.356658477
0.218527325
0.550673766
0.176357961
0.646146207
0.229376279
0.929420168
0.432111332
0.114174113
0.252561576
0.520171338
0.064110212
0.803355406
0.498763578
0.424687105
0.346658275
0.73200463
0.181693918
0.773251675
0.677941031
0.045527687
0.528225449
0.010850827
0.750544536
0.211510439
0.539319637
0.791661905
0.745808258
0.678672838
0.210126582
0.958154113
0.17899998
0.319729996
0.923061543
0.090540652
0.092981801
0.597633693
0.718340605
0.005723721
0.328349501
0.727191564
0.094627966
0.105506969
0.224854698
0.923467946
0.754038624
0.367637528
0.965649335
0.44105613
0.384824578
0.85813819
0.840167971
0.774524683
0.485182327
0.683331392
0.318470725
0.237265618
0.965091319
0.039599154
0.643184835
0.449503117
0.324605881
0.516534514
0.666118051
0.887653762
0.600366896
0.726519259
0.8705706
0.601064778
0.122465372
0.946773536
0.965847989
0.01694438
0.717133309
0.88201983
0.738473182
0.992492764
0.412565416
0.389418826
0.196779919
0.200430949
0.002883322
0.853188673
0.993346293
0.321997383
0.471309483
0.063961728
0.833143102
0.784104351
0.262215261
0.081785903
0.981001758
0.06529413
0.340581106
0.660363982
0.639486593
0.209231918
0.377767782
0.833206993
0.007147106
0.748849932
0.198398154
0.422196246
0.18817931
0.329363609
0.515733277
0.955702535
0.241918612
0.413462058
0.653293855
0.919920033
0.267923825
0.967201952
0.988730714
0.879294728
0.214039904
0.364402698
0.860699576
0.211741431
0.092479463
0.147087643
0.210837722
0.969238058
0.582194047
0.287876713
0.875284803
0.096011662
0.448019989
0.944107404
0.184077981
0.822737215
0.948923615
0.4548975
0.282820871
0.116041496
0.292409387
0.732689443
0.978212507
0.345411864
0.668458615
0.070827097
0.799154637
0.326956961
0.507494271
0.02319926
0.014450222
0.09638374
0.298153879
0.506516521
0.270984351
0.014460956
0.255475134
0.163073789
0.477941424
0.315006373
0.816165243
0.162733972
0.9031133
0.420876617
0.386556163
0.861566575
0.381727626
0.111511129
0.88984953
0.687447041
0.448822053
0.19540404
0.856848227
0.194336414
0.297211614
0.420666246
0.17262314
0.639106161
0.793184153
0.551038465
0.039987671
0.936071578
0.968214891
0.186679387
0.847079821
0.426032341
0.169356012
0.897350654
0.77978248
0.98077461
0.844712839
0.812688948
0.092385857
0.137456624
0.947522413
0.057293427
0.781358015
0.514147812
0.576141074
0.169366348
0.355280402
0.558804248
0.646034005
0.779752951
0.481374946
0.484167883
0.648564867
0.238937979
0.092727146
0.590524319
0.698555954
0.43347314
0.341022595
0.730631783
0.44459609
0.860105516
0.685993973
0.537746594
0.557664318
0.609693629
0.041382453
0.508901741
0.241901344
0.146615404
0.754139929
0.848522561
0.4377904
0.842154837
0.627347782
0.021499382
0.741325875
0.555240337
0.939314404
0.642024963
0.75044663
0.435189069
0.252676318
0.488879919
0.322999144
0.328994009
0.214983899
0.73956866
0.763266478
0.555300439
0.059380559
0.711531013
0.01555451
0.710629614
0.409967332
0.121285238
0.80242574
0.160706956
0.212850532
0.847689641
0.031320117
0.831963187
0.755801952
0.251260471
0.865420816
0.245304651
0.879944193
0.020045423
0.415532412
0.889277804
0.515725242
0.366649745
0.411233267
0.153489238
0.938818454
0.420722178
0.600244135
0.861839796
0.549163207
0.476142803
0.006476047
0.204181298
0.220396393
0.594978352
0.688697158
0.540439684
0.375617641
0.890845953
0.493043079
0.032091552
0.279701285
0.997137022
0.23473361
0.473206248
0.148409346
0.298634771
0.545569207
0.840315592
0.604585998
0.555604562
0.54413759
0.028995137
0.930764923
0.020428974
0.951011655
0.837218024
0.887124993
0.273516646
0.283134744
0.528042491
0.856381331
0.181863771
0.427275267
0.570924676
0.440452592
0.955976323
0.787555443
0.339933058
0.781338409
0.716953849
0.054223059
0.859811032
0.983201454
0.276396842
0.547532793
0.085982015
0.380052356
0.650758916
0.682465102
0.258160805
0.806811993
0.628712218
0.472994288
0.156859679
0.879614208
0.839288193
0.991688669
0.342978076
0.97986527
0.179130942
0.212153608
0.853462258
0.696975725
0.028550889
0.304015449
0.401403906
0.014048295
0.266608847
0.408975946
0.744256787
0.417139579
0.082399751
0.075091016
0.147072916
0.235612045
0.190021678
0.027786783
0.896183503
0.083886222
0.350068405
0.589394668
0.206522971
0.159759754
0.622996683
0.30777323
0.885738721
0.912961256
0.77130981
0.395309623
0.990073806
0.737419836
0.913719737
0.760399461
0.029642877
0.600699803
0.419952465
0.39130521
0.872123727
0.178587537
0.48036544
0.452584018
0.799937085
0.071702877
0.734482465
0.92867475
0.820627793
0.293142853
0.33169384
0.678888593
0.167130449
0.819000974
0.791534661
0.835096258
0.379394308
0.660261846
0.308864728
0.930818228
0.832064746
0.486940268
0.066857854
0.187967504
0.892826541
0.162712367
0.389566067
0.969693175
0.826245867
0.424340967
0.727703549
0.585177367
0.526645494
0.060931068
0.62871692
0.353413335
0.227878159
0.058041931
0.83330968
0.352199841
0.503104798
0.186684713
0.691109544
0.445345304
0.331714103
0.871294162
0.442352994
0.596104049
0.089095835
0.156977503
0.374356959
0.959633411
0.348422501
0.656986562
0.210677861
0.716773823
0.746292705
0.102473796
0.154957362
0.910453944
0.591708556
0.947135759
0.534282534
0.425054588
0.233585505
0.633511235
0.670765068
0.313249044
0.743356731
0.065158468
0.573419391
0.681719867
0.158101871
0.107978902
0.532327183
0.962670763
0.23332027
0.234154778
0.974450182
0.353700928
0.284341928
0.261001034
0.515956502
0.912128494
0.610475769
0.926683256
0.378605465
0.362987224
0.539613461
0.47334193
0.108436284
0.924641945
0.602086397
0.82469216
0.730645822
0.383789672
0.622930356
0.938353988
0.690392163
0.405069594
0.275084478
0.490670522
0.595118799
0.285466207
0.395745602
0.648811366
0.737108254
0.448700813
0.350803669
0.592226247
0.461219661
0.67930309
0.408099656
0.265371637
0.846657029
0.247494845
0.124674859
0.600663949
0.164456368
0.650063428
0.937630949
0.572026399
0.537380888
0.299216171
0.551557387
0.302591577
0.676349382
0.284142495
0.466445465
0.331143857
0.348737986
0.273444859
0.799949943
0.11410398
0.339565778
0.871667111
0.675923542
0.693207896
0.903601245
0.035078679
0.740694657
0.959021918
0.009044561
0.025992818
0.474825602
0.534761688
0.393642776
0.437123359
0.221690355
0.780838485
0.244663646
0.413109768
0.001471395
0.013706713
0.902660259
0.327994393
0.889536149
0.479998567
0.426854227
0.018976095
0.255885217
0.457715475
0.407487207
0.909595175
0.634320688
0.683407208
0.129757187
0.015255139
0.341956684
0.774487447
0.00358751
0.128043609
0.875237603
0.684201332
0.124959988
0.981871603
0.539720546
0.223781969
0.079937981
0.241406438
0.703898504
0.430044283
0.219908276
0.109540544
0.828185114
0.231530579
0.517058636
0.048231414
0.468475236
0.04180347
0.121509367
0.183168788
0.949009026
0.256693292
0.637961596
0.316099619
0.272697828
0.695556456
0.613893738
0.946318906
0.533644918
0.864678611
0.38745608
0.279556882
0.576909452
0.564942794
0.834007328
0.601554145
0.005715677
0.243607749
0.759754765
0.630071885
0.679334806
0.71945097
0.365968618
0.259874835
0.508520312
0.272095892
0.279404694
0.923691412
0.993663383
0.694358914
0.747105641
0.554626212
0.781770512
0.755600505
0.429310064
0.638800814
0.343421743
0.794586043
0.732690222
0.346145017
0.30001272
0.822865082
0.64682152
0.013994258
0.037454644
0.01612195
0.660668095
0.027538086
0.059161904
0.379137954
0.718215914
0.497635393
0.921171138
0.834814214
0.882134217
0.095266762
0.990031353
0.890939711
0.976399255
0.229001283
0.952496002
0.367063173
0.499235623
0.419841366
0.125566086
0.775050607
0.522576534
0.425957889
0.351535401
0.609914542
0.149636747
0.166736022
0.500716785
0.28813189
0.393978548
0.905747834
0.99815144
0.629080743
0.469159653
0.932386906
0.969609199
0.946829708
0.708622359
0.577273515
0.123172311
0.644522105
0.435941583
0.015706503
0.722914999
0.202286259
0.499493189
0.480770092
0.111273011
0.276680095
0.784535844
0.656775368
0.942131678
0.231836752
0.790640776
0.958000028
0.851029005
0.158496988
0.622426205
0.387542246
0.524901269
0.483848824
0.829676614
0.309654656
0.950833386
0.631149104
0.801550694
0.301754062
0.770314968
0.892521469
0.559050471
0.714500008
0.251434035
0.998161956
0.112604112
0.247302636
0.978498086
0.838233804
0.937175889
0.596776518
0.586715223
0.421364343
0.380388078
0.94103963
0.335895579
0.466024643
0.637541812
0.624353168
0.893831345
0.77454098
0.094956401
0.004567642
0.673709028
0.635110019
0.025022486
0.462181082
0.83599123
0.278566891
0.73497015
0.041020813
0.588694096
0.27207625
0.15635091
0.184118494
0.795028863
0.645480981
0.748753902
0.879790775
0.429731505
0.570483214
0.279744802
0.017914583
0.710355297
0.056530572
0.804606215
0.047565528
0.796323394
0.205351947
0.918548574
0.083615659
0.424429883
0.531836768
0.271916025
0.502235416
0.947516323
0.945390098
0.031994523
0.765103156
0.624018995
0.813142915
0.357510353
0.284101686
0.671364827
0.63262452
0.012819315
0.724450958
0.804034005
0.75887946
0.814631744
0.25314728
0.40683779
0.430130108
0.154849941
0.91356253
0.479847667
0.390508167
0.884325482
0.263762699
0.96729659
0.948601249
0.082436071
0.297165748
0.902805636
0.133399275
0.452220186
0.682853342
0.826843159
0.08818894
0.051923016
0.162020026
0.905913628
0.591399785
0.11966529
0.319643449
0.991138937
0.327830815
0.902920813
0.273851426
0.20591765
0.211938177
0.867016435
0.399050246
0.603197117
0.094350848
0.330367715
0.640950179
0.107654253
0.387672727
0.638742779
0.80503143
0.940228987
0.822974248
0.347879398
0.120775583
0.389746947
0.208707668
0.627856652
0.369607341
0.112464126
0.045444566
0.105636052
0.761120021
0.434838225
0.443784288
0.059835834
0.541708384
0.660458247
0.413838141
0.227173091
0.276313608
0.814825665
0.160345319
0.349253394
0.755955815
0.692882368
0.778730216
0.43372342
0.082556872
0.379997428
0.335815022
0.580217043
0.236743931
0.896324473
0.906380112
0.730364792
0.862215719
0.814257426
0.455092659
0.933968905
0.226683272
0.752336729
0.35309572
0.752909299
0.707951162
0.885916943
0.87288664
0.082172782
0.457911524
0.202600169
0.766255401
0.833354517
0.786249417
0.626864029
0.368516052
0.464266952
0.826853798
0.117898349
0.307236022
0.06397245
0.276795698
