0.075664569
0.61377016
0.478604152
0.712732714
0.503285121
0.119146181
0.983929757
0.936302117
0.106144903
0.023417198
0.191986232
0.210880146
0.95362172
0.180162763
0.091633481
0.573642354
0.354093569
0.992592639
0.577563977
0.51637084
0.716970793
0.500898623
0.595509448
0.810563455
0.720773097
0.523717553
0.28648826
0.602812041
0.806850909
0.249067053
0.630947774
0.741354048
0.103244375
0.330102099
0.079915061
0.960918389
0.601612894
0.77735246
0.452590902
0.187106646
0.566234734
0.844667041
0.75561423
0.831797539
0.51170922
0.64068511
0.015992626
0.659175043
0.816358075
0.370935151
0.292820145
0.832643936
0.872344131
0.817688678
0.168903094
0.792660545
0.540721837
0.906873001
0.085999172
0.364658749
0.643378126
0.962690386
0.463545936
0.425632788
0.841683908
0.720483429
0.847237987
0.835234637
0.599060942
0.856944552
0.212550822
0.894167078
0.434998176
0.109588629
0.722351578
0.540378651
0.844554134
0.631597022
0.34315216
0.623504574
0.966149795
0.880839824
0.94976168
0.808285228
0.225221311
0.552907454
0.437733736
0.78638791
0.153730178
0.267090055
0.832899592
0.696908733
0.991567487
0.877043083
0.339000471
0.122373669
0.134382583
0.418284352
0.397542162
0.750593018
0.147545269
0.23625762
0.186756732
0.419656918
0.463957635
0.591536507
0.842951958
0.410761876
0.637741778
0.378499776
0.109949947
0.570340143
0.128834569
0.5297316
0.761043976
0.865941666
0.429236252
0.683241085
0.048689359
0.813502579
0.711597761
0.239563532
0.577669104
0.936409815
0.376649503
0.749994092
0.975905238
0.968737824
0.160544069
0.168642514
0.631371481
0.856782039
0.865230599
0.095396426
0.522585794
0.539238334
0.783961716
0.806587683
0.63258559
0.019555132
0.117268815
0.818344871
0.216201284
0.394318398
0.397805114
0.152441354
0.675846564
0.530169449
0.634059855
0.835109122
0.451935668
0.913333137
0.189247885
0.674565237
0.439768812
0.029071957
0.35078032
0.861063223
0.952233301
0.437672218
0.683787232
0.491845451
0.722629293
0.878564582
0.218977731
0.165785466
0.248882066
0.308313318
0.020313866
0.36547784
0.611860716
0.366440788
0.272897387
0.242194412
0.083706898
0.175331289
0.463841289
0.897947466
0.948690439
0.892293539
0.592516271
0.704831825
0.060311665
0.871288108
0.6936229
0.358850013
0.034908076
0.030737888
0.255625619
0.316908135
0.27976456
0.231638948
0.853845145
0.575036401
0.714826992
0.907772862
0.742089099
0.453990192
0.613510637
0.606452623
0.949423275
0.099435756
0.490896449
0.469449233
0.960277181
0.085075683
0.679049348
0.5635735
0.762173855
0.266608317
0.116394936
0.158467284
0.429124304
0.959282611
0.908494471
0.660359408
0.935692047
0.27668641
0.788647703
0.886286318
0.771679511
0.196390198
0.786543153
0.346314234
0.588039853
0.862537401
0.786498692
0.156264593
0.753883801
0.859356872
0.587452314
0.331308387
0.213649169
0.164351099
0.181696473
0.068905504
0.184643438
0.245524265
0.456814061
0.077057582
0.875429302
0.409953751
0.033284389
0.835791491
0.917414982
0.307861922
0.849692129
0.497581184
0.468121772
0.146383596
0.658403203
0.202583618
0.921743045
0.224865533
0.872570179
0.536363306
0.751273456
0.337304193
0.159395026
0.818450435
0.564529885
0.159071518
0.135366027
0.575436838
0.854287492
0.05040814
0.993019673
0.350108925
0.963043088
0.032772785
0.905181508
0.318831228
0.37386297
0.78456061
0.131106598
0.369395556
0.866640808
0.381432815
0.857343931
0.781874286
0.937817289
0.595986865
0.521811868
0.98880987
0.719852044
0.10893969
0.444066977
0.993638389
0.974836006
0.668496724
0.472398855
0.401715447
0.047557875
0.828286508
0.94331592
0.949344474
0.304067099
0.595327228
0.173285406
0.506757683
0.846476499
0.622811136
0.777085359
0.349211238
0.865396293
0.925764246
0.270704507
0.263096507
0.100663019
0.692185133
0.532503307
0.838012175
0.938818638
0.644189156
0.464196274
0.843134987
0.668191957
0.283257175
0.938423122
0.883297738
0.75770352
0.375778471
0.840169966
0.70260629
0.106808988
0.000771828
0.594423082
0.009264332
0.084177022
0.410844278
0.029434596
0.03824329
0.558325034
0.370548834
0.916023494
0.844057819
0.068068384
0.693847767
0.689995304
0.529571534
0.259976674
0.294882147
0.142202592
0.485734306
0.747157665
0.028817441
0.295850475
0.30543341
0.351161581
0.180667889
0.274866031
0.419941019
0.918707005
0.651184223
0.194938362
0.122213513
0.126445183
0.928125155
0.275867102
0.898716865
0.280302473
0.691743115
0.45022539
0.906954263
0.17297664
0.478361028
0.460058261
0.272692116
0.043316553
0.279755063
0.891746517
0.157017647
0.255463327
0.7151602
0.612611319
0.677200748
0.825276615
0.495446527
0.417974449
0.809188295
0.542294342
0.432119595
0.729413489
0.218680416
0.343206433
0.056606692
0.197915903
0.694722687
0.238349726
0.567694369
0.142928638
0.02477408
0.935095442
0.666856733
0.221981659
0.275679457
0.805796655
0.512495567
0.252307035
0.938548128
0.718096737
0.949397424
0.445442132
0.349630875
0.04172551
0.217391494
0.913514101
0.14846426
0.214151429
0.829540549
0.690123736
0.396091914
0.249459736
0.904431545
0.721817078
0.279832611
0.567671357
0.295732237
0.548802425
0.004938566
0.173794834
0.760479572
0.243685734
0.404202095
0.594462226
0.883150813
0.985594138
0.656431301
0.627877527
0.484116953
0.426853542
0.255615979
0.848077982
0.074637273
0.992441705
0.010827952
0.498975596
0.808938489
0.355916588
0.018677143
0.868125189
0.058226171
0.950810629
0.450980021
0.351041257
0.19860332
0.861172563
0.144451443
0.779536972
0.507794803
0.460676012
0.220293215
0.931475851
0.57473461
0.662080302
0.416146244
0.715939569
0.98019892
0.98819241
0.738017827
0.84458274
0.525070747
0.898058492
0.618096026
0.770339945
0.574801286
0.838249863
0.582193909
0.226002447
0.841138744
0.476589942
0.528315215
0.824181129
0.565256581
0.707450252
0.035765329
0.805350095
0.100885837
0.284820564
0.129898825
0.799322813
0.194778777
0.910861116
0.317340555
0.195358164
0.804493386
0.690508446
0.942507205
0.05127438
0.321714246
0.210498502
0.57306188
0.596422062
0.698213457
0.211943111
0.843334681
0.824038313
0.842773089
0.889757514
0.040862464
0.600923819
0.48511162
0.950854266
0.889401738
0.738012607
0.199604941
0.573455684
0.745240994
0.006554462
0.983121457
0.192059673
0.700012623
0.936098646
0.840959342
0.84685512
0.828898304
0.354144275
0.506179552
0.728558207
0.476460402
0.7914359
0.84521149
0.180996062
0.499619247
0.681207138
0.664466471
0.581706887
0.673263448
0.804226023
0.521690114
0.899938629
0.742773528
0.19036649
0.758186744
0.154098902
0.900483394
0.33281622
0.897293674
0.400006065
0.146204603
0.65027331
0.839447358
0.08668839
0.039605013
0.23201104
0.051000882
0.5892642
0.671246118
0.406891253
0.566838309
0.33461243
0.105938495
0.931676852
0.030874266
0.205664709
0.004280243
0.089971915
0.221808242
0.460336602
0.493169968
0.483242095
0.824672942
0.605384446
0.155813616
0.550331404
0.659751388
0.306287497
0.935801309
0.637045646
0.730203088
0.70740506
0.750490125
0.610775783
0.832486284
0.235184005
0.724261453
0.87837273
0.689759484
0.606880435
0.820420363
0.477786505
0.427988286
0.52731514
0.722257905
0.392838422
0.432004869
0.512001583
0.04518283
0.262870153
0.399515114
0.957814068
0.166095882
0.152484606
0.348481453
0.433691691
0.317902373
0.316185161
0.98155308
0.055124169
0.662477377
0.734103207
0.166143383
0.834611631
0.062740834
0.801096484
0.002587718
0.119425832
0.68589603
0.349501717
0.801713356
0.696249002
0.957263192
0.447885182
0.431160193
0.305174543
0.755585004
0.395336967
0.932194695
0.580121782
0.705957092
0.302140874
0.039392637
0.590790583
0.743583719
0.395058299
0.334295731
0.40241758
0.680029629
0.633255702
0.011210896
0.590811529
0.825021589
0.033514363
0.716890151
0.436760185
0.15635319
0.184751246
0.069445401
0.324638972
0.457425815
0.240504628
0.690433583
0.384047651
0.248895939
0.432202695
0.655024939
0.505283299
0.705183263
0.61056594
0.27318197
0.847895011
0.915222447
0.35034681
0.249545841
0.90105401
0.514066628
0.873473415
0.013950847
0.314139542
0.538933115
0.418459593
0.139477925
0.088922381
0.803011647
0.552303717
0.394357054
0.704901577
0.307230226
0.154760563
0.876604554
0.9814598
0.74079757
0.652328342
0.167496095
0.771422443
0.578193238
0.100607067
0.030184559
0.076058554
0.920377829
0.933493985
0.165090412
0.482834997
0.923161985
0.224306105
0.332628005
0.061107185
0.008426758
0.600618693
0.720195092
0.426147689
0.360628044
0.488276821
0.544487147
0.506178811
0.618932983
0.522325967
0.51326176
0.925148237
0.237212151
0.587883424
0.316652474
0.841236196
0.877607663
0.426662418
0.736977754
0.00959191
0.198081656
0.19139335
0.575690157
0.05390991
0.632672972
0.713801344
0.98802549
0.627607759
0.061436351
0.55964733
0.090581719
0.161356033
0.240652392
0.351860342
0.823300885
0.936086286
0.200044885
0.297662314
0.283233844
0.199056593
0.395872327
0.362394463
0.181586069
0.153167479
0.901415948
0.923217675
0.686213884
0.961395611
0.906274835
0.3662634
0.904966213
0.194340155
0.226197514
0.165591984
0.398533788
0.457902405
0.539141819
0.684771376
0.952421294
0.274526107
0.942059257
0.744630064
0.883573874
0.122301383
0.645805845
0.5382829
0.382740975
0.266795325
0.455902416
0.948435928
0.031618146
0.784041345
0.063577623
0.683520748
0.464447986
0.920877698
0.459504364
0.987396244
0.538559605
0.306589805
0.768420297
0.71361461
0.288284828
0.497409801
0.849285239
0.385376746
0.385559307
0.640792453
0.41451918
0.995531591
0.87409928
0.318483729
0.726610501
0.659295875
0.903578579
0.994628302
0.170697273
0.054587936
0.589318514
0.578091144
0.255143753
0.676588942
0.610830605
0.176318623
0.473457264
0.127798348
0.47398345
0.123101686
0.825360109
0.994622702
0.150212895
0.491130093
0.002969004
0.475692931
0.456932181
0.691796439
0.407513492
0.77887275
0.770001448
0.902472519
0.750112513
0.068548756
0.964478669
0.224309408
0.760321213
0.529534956
0.023604324
0.511497961
0.101336047
0.635714305
0.906834878
0.582468917
0.945659123
0.414725844
0.169576503
0.332370123
0.524582764
0.357616606
0.454592659
0.777459689
0.227558182
0.962377027
0.776865757
0.565113323
0.171354361
0.147566352
0.740260092
0.436957106
0.325041316
0.01836945
0.645261322
0.817540147
0.513687206
0.302785278
0.120641309
0.646417336
0.775060279
0.360624149
0.537088283
0.275023559
0.579288101
0.976130403
0.425685444
0.473402903
0.872582159
0.104308097
0.829990214
0.757999222
0.626080167
0.418897618
0.476912033
0.078413899
0.995958793
0.821006839
0.563379238
0.721803509
0.034075814
0.093784233
0.408979025
0.433417113
0.461819469
0.812500062
0.733312037
0.519230716
0.385824025
0.826801726
0.081194193
0.145632484
0.580146623
0.800466859
0.468164675
0.305311649
0.218237172
0.045362859
0.169645756
0.600281426
0.094169369
0.225885185
0.607855671
0.0185993
0.559446931
0.078731081
0.340018192
0.61434716
0.990939614
0.603065969
0.859663587
0.599485318
0.656944388
0.384288189
0.513736237
0.481789542
0.710872361
0.001289166
0.462901714
0.747782643
0.236937137
0.534672782
0.344894647
0.542848463
0.167294722
0.111530976
0.050154767
0.577265462
0.89213216
0.66460456
0.355797417
0.197490867
0.269111868
0.507902364
0.58067666
0.950160013
0.570092724
0.577086984
0.950141712
0.955801898
0.346205671
0.003534118
0.760915415
0.084582356
0.641479234
0.947323713
0.101230032
0.397615339
0.965627225
0.910770425
0.464309974
0.045653247
0.46368613
0.558618931
0.013500378
0.712422114
0.350051036
0.711609509
0.750108124
0.654006674
0.58785149
0.129091209
0.545968756
0.52571545
0.766470633
0.306464423
0.964506408
0.672893583
0.489595711
0.297061357
0.414940788
0.781442639
0.651781083
0.170353158
0.804456161
0.40879472
0.858044797
0.442369725
0.053553514
0.74081424
0.190261169
0.416519428
0.920598515
0.166354197
0.270586106
0.206979181
0.651467587
0.569043455
0.477336982
0.778019683
0.511107983
0.537150175
0.79394949
0.342405296
0.587338726
0.642045842
0.151707845
0.12016986
0.200520235
0.541759955
0.874727434
0.7961523
0.332178089
0.266072468
0.853404362
0.121313008
0.8526865
0.944184759
0.962609913
0.21793316
0.074229964
0.353440299
0.869124274
0.575132601
