0.679860532
0.870052231
0.367224808
0.347010639
0.834595227
0.492982978
0.361048898
0.467045273
0.918784932
0.227077091
0.150979891
0.520712708
0.752098511
0.570984231
0.509320362
0.771375575
0.088877832
0.441575398
0.919693569
0.483849095
0.318956913
0.45676545
0.477095191
0.968434323
0.627399866
0.991483819
0.772142767
0.683045825
0.704682449
0.876598077
0.621932183
0.778771144
0.969176155
0.871005049
0.380376409
0.101699703
0.559729407
0.362848786
0.163450238
0.223163555
0.897822876
0.330126094
0.154644251
0.580646212
0.758968299
0.877520353
0.43075358
0.328155314
0.980471075
0.637486957
0.882244239
0.076561151
0.846625657
0.631437121
0.573924387
0.003809621
0.141755332
0.054884387
0.352224322
0.105795364
0.657480299
0.031096734
0.649203374
0.236404589
0.909184996
0.360464014
0.570359327
0.514617142
0.816137955
0.290305815
0.712368678
0.119275136
0.298091532
0.137594317
0.25739448
0.385334078
0.691298988
0.097144408
0.806689267
0.362529725
0.391343871
0.039874607
0.514911464
0.537189479
0.508819619
0.701732397
0.510400974
0.206903437
0.974125413
0.380271402
0.222251048
0.301054969
0.378192526
0.008961883
0.749011084
0.592079084
0.12254165
0.461707652
0.686107286
0.268716645
0.337442597
0.437089563
0.200641891
0.487806949
0.422656628
0.784715609
0.516633745
0.623790584
0.278802186
0.049141818
0.91341795
0.171233356
0.217705416
0.897369781
0.708813492
0.097605113
0.445900423
0.4605868
0.92526206
0.463971438
0.351838693
0.559820092
0.23351225
0.167213958
0.968958146
0.254453578
0.603428961
0.724090577
0.936838036
0.330897684
0.436926461
0.603257117
0.425062432
0.139009963
0.621844664
0.760442249
0.789256686
0.116997032
0.951945938
0.100740853
0.603383077
0.439806794
0.384267319
0.269205403
0.240241978
0.409371485
0.133216281
0.060126718
0.92500225
0.328293155
0.44345603
0.727795142
0.864231213
0.285165948
0.474403154
0.290727221
0.352751814
0.647534225
0.079929045
0.461215434
0.887892164
0.259567799
0.213798281
0.942165543
0.414264799
0.759396219
0.392095834
0.616908078
0.322988049
0.813019684
0.434323812
0.996326246
0.666775011
0.012552999
0.548459016
0.213672682
0.125879453
0.408423278
0.814204718
0.990188324
0.423388679
0.581219888
0.896705481
0.650926948
0.877971248
0.100515875
0.442100851
0.254953991
0.232236718
0.624795637
0.342247375
0.805896494
0.935194421
0.543976598
0.726055104
0.877954509
0.650380016
0.246049001
0.530559483
0.886175964
0.421099231
0.860702857
0.130507496
0.253925793
0.621862857
0.691992522
0.840567611
0.405138121
0.92936244
0.274586692
0.592935675
0.291126056
0.713649931
0.372321865
0.732241799
0.267525799
0.042892691
0.613437431
0.472606576
0.597188644
0.977625244
0.923652981
0.920414277
0.726275526
0.661644703
0.341262384
0.30571854
0.640203294
0.723856368
0.920252836
0.636804419
0.241643332
0.127735063
0.722640955
0.43520127
0.785711494
0.065073096
0.308592203
0.071418501
0.517372375
0.783150575
0.06305725
0.671217945
0.181811894
0.697633052
0.703522439
0.504855579
0.386301548
0.738404415
0.852320215
0.497199361
0.688429163
0.93487665
0.218228429
0.900519357
0.005486583
0.313346146
0.900690418
0.264166371
0.494806796
0.322658529
0.357413008
0.991128268
0.115935585
0.509998523
0.879906389
0.520030765
0.684930826
0.465521875
0.444689743
0.791024954
0.456424494
0.077891535
0.346972092
0.374239028
0.35371802
0.261678478
0.636738563
0.954008389
0.232724541
0.938570308
0.55173774
0.861460599
0.618584484
0.337916905
0.853707334
0.975385709
0.800051731
0.643541999
0.025352298
0.529865946
0.115244177
0.692938952
0.931606412
0.631237252
0.580853702
0.198135598
0.823693987
0.810050792
0.458479124
0.278391671
0.104611395
0.647750588
0.376057466
0.866903876
0.784420319
0.885247454
0.031174124
0.477470369
0.527814967
0.646499126
0.700255491
0.622585472
0.892104502
0.469816152
0.627462096
0.566294244
0.307297895
0.659734922
0.548738842
0.475611889
0.217894743
0.536537981
0.551702114
0.874691409
0.549216147
0.954098804
0.767398199
0.870995774
0.845509798
0.328487601
0.684554285
0.177428606
0.290036377
0.081969704
0.444577593
0.75913878
0.791696841
0.051236186
0.287862861
0.475144556
0.382365112
0.156432986
0.712078332
0.446679156
0.132813011
0.114572258
0.961793416
0.463783879
0.332856732
0.745985678
0.64201337
0.20934276
0.592595031
0.200081337
0.463628799
0.495771768
0.711039453
0.73586876
0.677990752
0.18568767
0.043212313
0.081804601
0.438893768
0.837427204
0.445778104
0.520884242
0.831978681
0.867824312
0.502668717
0.766298419
0.313206142
0.82421165
0.85891638
0.732164127
0.623175168
0.004403258
0.287147462
0.341470796
0.424116275
0.13839027
0.226299533
0.395784039
0.261226569
0.739117965
0.971456279
0.582356827
0.374477326
0.68757432
0.320213507
0.983982155
0.090504043
0.261239381
0.677756951
0.478171447
0.681635051
0.982489876
0.566499765
0.427471351
0.656610307
0.660513591
0.966609335
0.744482186
0.398501576
0.079757786
0.63562087
0.335722259
0.183414599
0.277213828
0.553085378
0.307459908
0.044087779
0.910812822
0.304053137
0.653533368
0.984422138
0.473377901
0.955429507
0.432158839
0.717124752
0.698890928
0.208731335
0.098864043
0.762092466
0.236123628
0.331720579
0.168803871
0.934796797
0.626205754
0.204039988
0.769455579
0.875767755
0.733091173
0.725340757
0.768224161
0.590953342
0.356617634
0.516715843
0.058529619
0.77259776
0.882905058
0.128224187
0.008785565
0.111183548
0.586362873
0.890334282
0.352627442
0.260259693
0.358948459
0.073063749
0.056601905
0.036865506
0.371794342
0.996412931
0.568882958
0.256893014
0.406974029
0.534247393
0.041335979
0.177737389
0.676256821
0.871647167
0.592746306
0.013897968
0.813444833
0.045324265
0.982758002
0.292521381
0.426612714
0.776762369
0.085937259
0.476442366
0.308869064
0.292302343
0.22804913
0.452319119
0.894873339
0.626812411
0.73224798
0.968495802
0.829244778
0.699967849
0.376767289
0.770878188
0.418728459
0.177048705
0.04021899
0.47877199
0.725636548
0.319361192
0.655492376
0.829541874
0.582531689
0.692916181
0.025282085
0.921347108
0.53481586
0.423711143
0.777357581
0.327283521
0.959174941
0.151099771
0.938297607
0.388969052
0.632790557
0.261746955
0.511869923
0.282177121
0.225915747
0.230826539
0.140880579
0.423695694
0.780190325
0.408520672
0.260972424
0.830290773
0.001704212
0.670278079
0.732794271
0.817840752
0.95721441
0.94344924
0.410004427
0.885759728
0.641500765
0.390278963
0.773448193
0.13614656
0.074089964
0.394931273
0.791130092
0.406611621
0.304276775
0.93797088
0.06072747
0.473334295
0.079124146
0.42059924
0.529888226
0.438904063
0.989473385
0.068279963
0.88049749
0.351898838
0.204350618
0.17757572
0.231931335
0.481041924
0.175823129
0.83717688
0.253227413
0.728036019
0.310924566
0.236761845
0.684509119
0.17274001
0.732732856
0.731176775
0.250717507
0.300455234
0.683372093
0.034662641
0.939617745
0.986029417
0.59423543
0.249344796
0.328567268
0.782212381
0.826992525
0.12281663
0.098259542
0.481249827
0.438278457
0.460419248
0.173874627
0.271724916
0.0432629
0.718510832
0.117637718
0.166512648
0.779758162
0.263101403
0.208981928
0.358443341
0.188320938
0.822662599
0.39611623
0.665960629
0.789118157
0.84373148
0.016533528
0.231074805
0.621547687
0.798918773
0.505560808
0.039902898
0.352211586
0.803398719
0.283857373
0.775200251
0.906084374
0.687680027
0.758252397
0.370479518
0.436166564
0.263339061
0.090305175
0.740959092
0.783829958
0.360573767
0.229156103
0.93063071
0.986204468
0.101371266
0.932802588
0.140405282
0.866201113
0.667505729
0.127358288
0.423776279
0.897364203
0.213413551
0.04389321
0.44597926
0.280101058
0.933051012
0.768345187
0.381542164
0.005778239
0.053553118
0.871903934
0.264157019
0.897066076
0.984351566
0.510384306
0.06179213
0.818542478
0.57975207
0.75480744
0.908646763
0.527496609
0.291856597
0.383443555
0.622734693
0.290200617
0.881811764
0.989863202
0.057948833
0.229288992
0.802810723
0.463012696
0.414750462
0.951869426
0.512663149
0.562297288
0.332107056
0.137683752
0.408248967
0.708989227
0.799385948
0.867324066
0.95655641
0.198418558
0.030139853
0.325718915
0.358040353
0.232973774
0.908203718
0.025421771
0.361337487
0.018640522
0.118434767
0.51524586
0.296993923
0.961605753
0.111306892
0.923436194
0.03761721
0.269185593
0.183100527
0.832197481
0.673150754
0.97495322
0.72234416
0.507267214
0.534312749
0.364330617
0.338267989
0.13729006
0.477958936
0.576283098
0.924853468
0.70446919
0.439605485
0.277545751
0.688767916
0.263954757
0.004812894
0.35079297
0.664080971
0.380112169
0.602936863
0.549404033
0.348391004
0.859048899
0.562566399
0.130893089
0.548819222
0.434846879
0.893168761
0.787193875
0.939277798
0.890586228
0.438694389
0.60159525
0.053358845
0.251598794
0.051593558
0.266901835
0.89528631
0.07227352
0.760573787
0.426041666
0.436488989
0.22371495
0.313227985
0.026074645
0.75736421
0.980064243
0.04427145
0.947188954
0.967634817
0.865019514
0.569354731
0.310361746
0.939234126
0.25809084
0.798631511
0.933731188
0.664094104
0.994389627
0.316556263
0.318251707
0.692941914
0.813106901
0.459559124
0.629711335
0.169151258
0.476387216
0.212692242
0.86575745
0.370654541
0.57291771
0.288818762
0.07845348
0.131512632
0.026803888
0.758366643
0.859120858
0.758205139
0.764798726
0.823295895
0.489443068
0.084393617
0.989967834
0.181092573
0.898781771
0.72566655
0.779831482
0.107910356
0.546108273
0.16284475
0.431462649
0.742940405
0.375736792
0.075807032
0.814188618
0.142771611
0.315228733
0.90992154
0.416764675
0.310850467
0.79553746
0.446273835
0.027961159
0.518696145
0.446688834
0.054435176
0.797675043
0.891935413
0.600490618
0.980922122
0.609085452
0.445687027
0.323824804
0.997697073
0.508912633
0.02258939
0.898251117
0.623640972
0.008114511
0.980118019
0.615615621
0.758420801
0.80756981
0.169904317
0.144352122
0.630229972
0.001706207
0.515199605
0.349917298
0.985869114
0.699285622
0.700810832
0.984453836
0.890160403
0.415515429
0.725584387
0.859165101
0.355721201
0.600599485
0.317085734
0.935014672
0.481290901
0.534374323
0.220689102
0.136549851
0.891243045
0.263680939
0.695147641
0.199003695
0.242408759
0.330733322
0.662234317
0.374391559
0.645016202
0.941411277
0.769576805
0.172969746
0.519256452
0.297686701
0.791594711
0.709643163
0.219342378
0.676999103
0.520040544
0.216969531
0.48273288
0.90071827
0.020329965
0.168328423
0.529090817
0.662998882
0.211153201
0.670281038
0.385331928
0.561973285
0.894060333
0.756391542
0.892056731
0.442355768
0.964474888
0.096904476
0.648140104
0.123202346
0.427214018
0.327627177
0.501347598
0.214164883
0.868515501
0.177001825
0.90961676
0.432514811
0.617208126
0.063798754
0.909688029
0.413984439
0.44965986
0.268767592
0.280287055
0.485521435
0.117228449
0.208838189
0.801103481
0.963732645
0.491788726
0.822391608
0.798216567
0.21901246
0.002254951
0.354595806
0.540713933
0.244496453
0.135349073
0.701339093
0.638581537
0.912989062
0.993667651
0.43279298
0.905489759
0.410451176
0.248334159
0.024680608
0.630011388
0.12256603
0.782220879
0.429819823
0.401301193
0.641497361
0.832780137
0.089854288
0.35841187
0.090031066
0.019217262
0.031139906
0.632637152
0.533747827
0.766430776
0.921776658
0.778539989
0.326010157
0.337870438
0.9870796
0.890781709
0.061228638
0.403007319
0.438833003
0.670182266
0.7982066
0.265971102
0.111396608
0.313012452
0.655781467
0.982772224
0.5205299
0.638768922
0.269559639
0.644041299
0.165275871
0.356439757
0.771111756
0.943518253
0.562112495
0.187335495
0.18373299
0.936879015
0.488057837
0.041964994
0.011752991
0.436849523
0.825698154
0.010592478
0.423358873
0.993667878
0.449777757
0.964967596
0.037642215
0.552947646
0.916352045
0.024815622
0.435263228
0.592040499
0.552884208
0.863571672
0.462793024
0.384075394
0.271135913
0.223245554
0.386133659
0.650275435
0.255099177
0.233323713
0.051505416
0.25383619
0.715008599
0.529140703
0.096035363
0.705999582
0.557664846
0.042723663
0.503530059
0.468087211
0.14144611
0.014486192
0.131813224
0.020159846
0.495310713
0.892215096
0.920428223
0.223788372
0.698484899
0.283344648
0.055503761
0.03953138
0.198107816
0.464184541
0.29091341
