0.807346485
0.905816561
0.949841269
0.893596072
0.445879172
0.867859405
0.22285052
0.165878311
0.781402752
0.671033322
0.763984378
0.953479378
0.281018395
0.714226835
0.494012717
0.371830339
0.699984599
0.562953997
0.044422805
0.311350577
0.490864485
0.815142816
0.188553382
0.868110804
0.317129996
0.263903271
0.706650451
0.316125436
0.78228813
0.658969351
0.110458811
0.829013739
0.596809862
0.1879334
0.890228586
0.589761349
0.062338435
0.427246337
1.4792E-05
0.345679424
0.51490596
0.696561623
0.4289158
0.725091048
0.486957894
0.559681277
0.749050353
0.199716928
0.129539063
0.537892326
0.625293646
0.781817182
0.750353893
0.420175835
0.678241946
0.052750252
0.310321952
0.928138898
0.374389005
0.535892262
0.440561745
0.246498741
0.664864999
0.465028446
0.59084526
0.582529836
0.994461774
0.573577686
0.912116714
0.505817324
0.796015423
0.874548278
0.673234343
0.443018982
0.825415296
0.624850142
0.223769947
0.931496621
0.914325923
0.041767744
0.088406097
0.743658859
0.108302403
0.617546236
0.740414839
0.068993613
0.819965699
0.608649218
0.278290647
0.653089294
0.797236746
0.238764642
0.963654608
0.450985783
0.337705369
0.805399085
0.091604498
0.149778991
0.841273487
0.402509208
0.9632824
0.713926052
0.830621854
0.961555509
0.533283728
0.726006026
0.067787891
0.880541704
0.60342714
0.97598531
0.155594264
0.974964272
0.491637904
0.762313035
0.657834637
0.818660626
0.231816263
0.96789464
0.651303522
0.670245218
0.551478831
0.766930158
0.17198689
0.648891001
0.716204382
0.809342386
0.997351604
0.176027339
0.495794787
0.190763881
0.99446109
0.005235599
0.177564937
0.594480743
0.325975285
0.546379417
0.46791723
0.240209783
0.901237631
0.797182884
0.732723319
0.565477193
0.151871923
0.738585054
0.598309478
0.234187382
0.765517611
0.228050519
0.793708987
0.852300843
0.92216682
0.967560431
0.605391962
0.997501497
0.016677615
0.834303334
0.345371045
0.930081451
0.021018139
0.060538531
0.127251129
0.579154477
0.20494833
0.395357024
0.619354035
0.345179871
0.318386952
0.643683709
0.505234559
0.169708016
0.44938963
0.860046958
0.588055846
0.913580463
0.585387871
0.155543807
0.476610052
0.329253824
0.543914422
0.820226515
0.140649527
0.201283979
0.193417531
0.145102198
0.733025795
0.226984054
0.64706299
0.405796361
0.791602749
0.858108827
0.99973797
0.842472227
0.926737975
0.608843818
0.544083475
0.953487048
0.567520016
0.735701217
0.799547351
0.920973896
0.19909169
0.265991485
0.893293365
0.122487948
0.948386269
0.768320011
0.044111245
0.117642764
0.053739568
0.949609991
0.360985616
0.356711005
0.651980759
0.642911988
0.781004466
0.431384851
0.362462288
0.361092181
0.937815906
0.376974348
0.817510589
0.272590764
0.14147355
0.764014518
0.635122195
0.141259188
0.880578471
0.94478181
0.141914387
0.900367125
0.578865162
0.89534561
0.697313277
0.775442353
0.954693942
0.57174513
0.243062368
0.905747367
0.911644292
0.078505158
0.686848919
0.086019679
0.187664337
0.838514526
0.589272455
0.829707142
0.194625792
0.64012741
0.217673276
0.527290678
0.702731023
0.288725891
0.831966644
0.308286113
0.810610269
0.631841072
0.060909713
0.891187907
0.274066828
0.582257037
0.321209242
0.257099992
0.649824914
0.28793832
0.594862749
0.338791435
0.214508302
0.69027851
0.570168159
0.443801152
0.149527533
0.603624735
0.929205649
0.648335567
0.737266944
0.247119256
0.561264081
0.805569093
0.497280329
0.86672791
0.473642716
0.072437605
0.119180626
0.184517922
0.689508216
0.712705323
0.018932459
0.426918753
0.401971678
0.795235294
0.61516151
0.512647327
0.053840722
0.417693771
0.069509289
0.501402225
0.187910225
0.978318931
0.211838207
0.517204803
0.423169166
0.284617853
0.343931196
0.818305534
0.166317908
0.911629648
0.551802785
0.27540724
0.757848383
0.956086591
0.583594283
0.128037418
0.269655397
0.09702733
0.100489777
0.075719962
0.691519301
0.180051101
0.371335337
0.648148337
0.191167924
0.540161336
0.001783398
0.95796988
0.851858102
0.685109683
0.035655681
0.4736473
0.148469961
0.984131615
0.306195222
0.251840555
0.613516953
0.008341947
0.761841267
0.363994147
0.692501105
0.846085851
0.19414735
0.876272535
0.427843423
0.244915086
0.171818456
0.077411561
0.127054469
0.599264748
0.41308525
0.767179347
0.124678652
0.292727228
0.716206115
0.664529163
0.632389949
0.038763627
0.053823928
0.474686266
0.961621699
0.931791537
0.343208143
0.916583422
0.952263978
0.020918228
0.662531451
0.085364561
0.030277331
0.878139067
0.080107506
0.90293888
0.712374817
0.075016764
0.520872003
0.94961741
0.407222679
0.390196172
0.830085945
0.17507698
0.129487715
0.40282473
0.874632612
0.406409495
0.116401142
0.303763625
0.330181693
0.144414295
0.310083655
0.278550753
0.038730781
0.965585393
0.887242591
0.183101822
0.089191493
0.161793422
0.662302105
0.613571574
0.227666296
0.421479354
0.744189321
0.180972365
0.09969196
0.233659582
0.28682451
0.8952683
0.793136213
0.792057305
0.901265728
0.599996944
0.043531032
0.295404904
0.722525627
0.114946433
0.908245329
0.385651233
0.525126531
0.406995397
0.874062814
0.521005319
0.491653129
0.556621317
0.405654216
0.680034562
0.243121654
0.879248935
0.491188438
0.503128782
0.198454063
0.327455159
0.341371161
0.861289711
0.01621771
0.383530668
0.317679628
0.510091371
0.448169402
0.184786505
0.828697809
0.854104046
0.622184989
0.0272058
0.175949467
0.831956575
0.24657963
0.643179596
0.841085303
0.151622577
0.414803739
0.036276592
0.580553889
0.003549584
0.268079818
0.415429721
0.95289192
0.572467638
0.735113742
0.29983441
0.891805061
0.591031038
0.436185924
0.442261272
0.108397855
0.041921067
0.313598583
0.902432073
0.10623226
0.397473951
0.03266258
0.606529812
0.048589583
0.665365342
0.66633603
0.096590814
0.412658531
0.328750936
0.415769926
0.085224225
0.836590481
0.113386914
0.998328357
0.843323989
0.622551037
0.822251882
0.0742354
0.573500911
0.239576729
0.157259253
0.552530583
0.840986713
0.400162057
0.487963852
0.868998608
0.292408846
0.897499043
0.068416545
0.388228509
0.200666712
0.653663467
0.071107603
0.961435917
0.039524801
0.507493705
0.287163974
0.092866517
0.549419204
0.77753752
0.531697656
0.881570102
0.184089295
0.417945962
0.186500091
0.475735124
0.933480735
0.871802664
0.600119019
0.947817667
0.773853271
0.257783258
0.525452184
0.950235605
0.687891711
0.515577014
0.658649886
0.564975252
0.443959271
0.359608276
0.902258548
0.181341777
0.010334599
0.133716572
0.578294719
0.116034235
0.502965792
0.668186873
0.401418836
0.977372025
0.082071252
0.689087724
0.987820755
0.45962058
0.853391749
0.25679031
0.851759013
0.173436327
0.076489159
0.190151531
0.162041602
0.082730348
0.433450017
0.378720707
0.317625824
0.094860563
0.069093254
0.552713271
0.93457767
0.804408486
0.421850491
0.547365819
0.670306591
0.23841639
0.173780917
0.946949469
0.047031032
0.950022802
0.974564487
0.218151302
0.39320514
0.925605431
0.838608683
0.076001892
0.683414651
0.553417537
0.075543056
0.307864571
0.654858092
0.118904606
0.338148733
0.760155489
0.650933157
0.36102074
0.134577259
0.464542807
0.769082526
0.976055249
0.50616426
0.726801492
0.687117107
0.122409278
0.689133934
0.828550162
0.510270909
0.075789082
0.269589478
0.720753564
0.839766496
0.410605067
0.631267053
0.246774927
0.746737773
0.633860473
0.406251508
0.853830519
0.097668493
0.803939917
0.113475839
0.575562208
0.561355334
0.700581454
0.522415679
0.017839391
0.466074481
0.783177615
0.523873475
0.204196627
0.814158874
0.724639663
0.298662117
0.373673817
0.757528303
0.690121554
0.948131439
0.42166719
0.442333345
0.576070546
0.848745742
0.495297102
0.659137688
0.963370195
0.573068444
0.557165081
0.932396734
0.236518526
0.625214415
0.39260559
0.976236818
0.41701229
0.405767135
0.221352991
0.035460632
0.778705364
0.790758651
0.583470385
0.973495599
0.452951346
0.6965952
0.339419857
0.722827358
0.404406464
0.632634148
0.732314863
0.476585463
0.043419825
0.187870206
0.770052873
0.962712901
0.076652626
0.762225836
0.021073858
0.064439573
0.90068476
0.505739444
0.263481173
0.806978416
0.672700432
0.533213115
0.071195
0.936097277
0.217676358
0.447877628
0.523733873
0.525419835
0.979784501
0.092001141
0.989652738
0.317071054
0.203702695
0.486542726
0.096547098
0.09748543
0.08082955
0.527121095
0.893147939
0.026324029
0.702236541
0.008298458
0.7190402
0.751086499
0.036345821
0.459895454
0.701201537
0.959272949
0.728220123
0.480159881
0.303296777
0.164927701
0.814137966
0.44312856
0.231886431
0.678828247
0.627227736
0.474939137
0.912170183
0.354788103
0.204317366
0.304891994
0.254275307
0.138685817
0.653664503
0.020224032
0.42219413
0.252083588
0.023017718
0.011892892
0.471621326
0.720324558
0.515009678
0.75589206
0.917041642
0.118113136
0.869053703
0.535637765
0.822141191
0.296874971
0.832316388
0.164886396
0.627012079
0.757974131
0.265615975
0.458728245
0.419719518
0.4555771
0.2157794
0.259501675
0.089124878
0.842678753
0.158144599
0.174394493
0.021870727
0.351732638
0.812510759
0.080702842
0.616499341
0.270141775
0.224767444
0.068093881
0.359663724
0.505374044
0.70436603
0.305329471
0.207281321
0.43324253
0.112654063
0.129864957
0.501794046
0.321286411
0.375065202
0.289578569
0.737130181
0.100877101
0.467123785
0.176438409
0.8720727
0.706322024
0.0714351
0.583333008
0.388811332
0.803139197
0.897914029
0.527293773
0.796058926
0.969437371
0.841195317
0.260838431
0.437639115
0.855902737
0.99466313
0.64994895
0.249476347
0.927256061
0.483568965
0.940377502
0.478541651
0.873775469
0.724596772
0.581429132
0.399467131
0.254046295
0.135006475
0.786317061
0.007455578
0.261120562
0.584895404
0.689932174
0.907330791
0.662582311
0.199078468
0.772340586
0.651364106
0.939796803
0.386324166
0.317505156
0.511390118
0.248723006
0.034175539
0.858088294
0.783779867
0.924278673
0.858516125
0.340737759
0.668958306
0.683951408
0.64369031
0.654050111
0.057051229
0.519490978
0.895996446
0.993069665
0.225156437
0.506139464
0.620467554
0.730041008
0.563000911
0.934167887
0.386922417
0.721520494
0.788108212
0.900279142
0.103645742
0.715547782
0.521281377
0.838925761
0.251792125
0.658819131
0.832650239
0.511596455
0.334250045
0.071915646
0.574084207
0.708516647
0.281896117
0.672558703
0.943144114
0.360050621
0.464207721
0.842410155
0.450684966
0.005606626
0.226362062
0.58305693
0.102006158
0.616161214
0.41318226
0.841889162
0.329634258
0.642497752
0.51236016
0.646785376
0.917686449
0.918227367
0.979169756
0.100902875
0.63968507
0.588832338
0.051608059
0.080092778
0.331473532
0.660335012
0.351083216
0.459557634
0.460793864
0.789512819
0.887425455
0.989326449
0.090293703
0.738755536
0.135138238
0.842684133
0.046466647
0.931585271
0.772299675
0.107283489
0.226938158
0.211233308
0.524279589
0.143390238
0.89440925
0.093665444
0.550175464
0.229164003
0.264000417
0.963657325
0.160854797
0.626539423
0.345413273
0.960977164
0.35260172
0.112249075
0.961047963
0.571873065
0.626764387
0.86933389
0.47089436
0.417242134
0.85806793
0.152519038
0.5216657
0.397116417
0.473601367
0.697699103
0.402792192
0.515977467
0.049156214
0.494078176
0.45712024
0.474259599
0.96331479
0.266026175
0.030743567
0.401588266
0.872442213
0.992423035
0.186615435
0.377164036
0.742576193
0.332193373
0.199429618
0.310056037
0.055476869
0.711490919
0.297645203
0.870750396
0.577151058
0.576948225
0.666782811
0.838538201
0.102319716
0.145230079
0.269049858
0.395748609
0.706881449
0.635612303
0.972026777
0.126263376
0.435001732
0.079888234
0.261976666
0.425140804
0.367972493
0.656297602
0.883209835
0.325398247
0.348262388
0.041135498
0.304034621
0.092884861
0.847039291
0.707668132
0.663108487
0.815660724
0.550620944
0.597263499
0.595552717
0.069726091
0.785219969
0.668431047
0.337837832
0.094562943
0.490829593
0.246298823
0.793979376
0.003993695
0.51879159
0.865747225
0.098944113
0.289220741
0.501567015
0.49443668
0.69428823
0.30472903
0.330602332
0.605507115
0.422578394
0.279477312
0.316867258
0.963036054
0.433160137
0.095982943
0.856522432
0.216592525
0.163420738
0.912492134
0.804198965
0.536881686
0.589252192
0.906841684
0.279129274
0.775635403
0.137482634
0.238626411
0.859596929
