0.42
0.43
0.44
0.45
0.46
0.47
0.48
0.49
0.50
0.51
0.52
0.53
0.54
0.55
0.56
0.57
0.58
0.59
0.60
0.61
0.62
0.63
0.64
0.65
0.66
0.67
0.68
0.69
0.70
0.71
0.72
0.73
0.74
0.75
0.76
0.77
0.78
0.79
0.80
0.80
0.79
0.78
0.77
0.76
0.75
0.74
0.73
0.72
0.71
0.70
0.69
0.68
0.67
0.66
0.65
0.64
0.63
0.62
0.61
0.60
0.59
0.58
0.57
0.56
0.55
0.54
0.53
0.52
0.51
0.50
0.49
0.48
0.47
0.46
0.45
0.44
0.43
0.42
0.61
0.61
0.61
0.56
0.55
0.56
0.61
0.59
0.58
0.52
0.51
0.56
0.56
0.61
0.61
0.61
0.61
0.61
0.54
0.61
0.52
0.52
0.54
0.6
0.61
0.58
0.56
0.61
0.61
0.6
0.56
0.52
0.54
0.61
0.53
0.18
0.09
0.39
0.61
0.61
0.41
0.61
0.61
0.39
0.41
0.6
0.61
0.61
0.45
0.6
0.61
0.61
0.55
0.61
0.59
0.58
0.46
0.41
0.32
0.61
0.35
0.61
0.54
0.61
0.58
0.61
0.48
0.49
0.53
0.61
0.44
0.42
0.39
0.59
0.54
0.61
0.51
0.46
0.61
0.57
0.16
0.57
0.45
0.46
0.6
0.61
0.61
0.61
0.58
0.34
0.48
0.54
0.61
0.58
0.57
0.61
0.59
0.48
0.43
0.33
0.58
0.51
0.55
0.61
0.61
0.56
0.56
0.55
0.54
0.57
0.61
0.56
0.61
0.59
0.61
0.59
0.61
0.52
0.59
0.53
0.47
0.35
0.34
0.51
0.61
0.61
0.61
0.61
0.55
0.61
0.51
0.49
0.61
0.61
0.56
0.61
0.61
0.61
0.54
0.56
0.61
0.56
0.61
0.53
0.51
0.61
0.57
0.61
0.58
0.57
0.53
0.44
0.58
0.56
0.55
0.61
0.61
0.58
0.57
0.61
0.59
0.61
0.43
0.54
0.6
0.61
0.61
0.53
0.61
0.61
0.54
0.61
0.58
0.61
0.58
0.61
0.61
0.61
0.5
0.61
0.61
0.56
0.58
0.61
0.56
0.61
0.61
0.47
0.48
0.51
0.5
0.44
0.43
0.49
0.61
0.41
0.6
0.5
0.55
0.61
0.61
0.55
0.49
0.49
0.51
0.61
0.38
0.36
0.43
0.61
0.48
0.48
0.46
0.61
0.6
0.45
0.4
0.61
0.61
0.61
0.61
0.49
0.28
0.55
0.51
0.42
0.48
0.59
0.61
0.57
0.61
0.54
0.5
0.41
0.61
0.46
0.51
0.61
0.61
0.61
0.61
0.61
0.61
0.56
0.57
0.61
0.61
0.6
0.57
0.52
0.48
0.61
0.51
0.6
0.57
0.47
0.45
0.61
0.61
0.61
0.61
0.61
0.61
0.48
0.61
0.46
0.48
0.6
0.61
0.61
0.61
0.61
0.61
0.5
0.61
0.51
0.61
0.61
0.61
0.61
0.55
0.52
0.61
0.51
0.56
0.55
0.61
0.56
0.61
0.57
0.61
0.61
0.61
0.61
0.54
0.53
0.56
0.61
0.61
0.5
0.45
0.6
0.61
0.61
0.61
0.56
0.56
0.61
0.61
0.52
0.5
0.44
0.61
0.36
0.04
0.01
0.15
0.52
0.21
0.26
0.41
0.45
0.61
0.48
0.61
0.6
0.54
0.61
0.53
0.61
0.61
0.54
0.47
0.6
0.61
0.58
0.61
0.57
0.61
0.61
0.61
0.56
0.61
0.57
0.58
0.61
0.61
0.61
0.61
0.61
0.61
0.56
0.61
0.61
0.61
0.61
0.61
0.61
0.57
0.61
0.58
0.58
0.59
0.61
0.61
0.61
0.61
0.61
0.61
0.61
0.61
0.61
0.56
0.6
0.61
0.6
0.54
0.6
0.61
0.61
0.61
0.6
0.6
0.61
0.57
0.57
0.61
0.61
0.55
0.58
0.58
0.61
0.61
0.61
0.61
0.59
0.54
0.61
0.61
0.57
0.58
0.57
0.54
0.61
0.58
0.61
0.58
0.59
0.61
0.61
0.58
0.58
0.58
0.56
0.61
0.55
0.57
0.61
0.57
0.58
0.59
0.57
0.61
0.61
0.55
0.54
0.47
0.47
0.61
0.61
0.61
0.56
0.61
0.6
0.58
0.52
0.61
0.49
0.61
0.61
0.49
0.61
0.57
0.61
0.6
0.53
0.61
0.55
0.61
0.61
0.61
0.57
0.61
0.59
0.57
0.5
0.61
0.61
0.61
0.54
0.6
0.61
0.61
0.56
0.61
0.54
0.61
0.61
0.6
0.6
0.57
0.6
0.6
0.61
0.61
0.61
0.61
0.4
0.58
0.49
0.61
0.61
0.61
0.61
0.55
0.61
0.58
0.57
0.6
0.6
0.52
0.61
0.61
0.58
0.61
0.61
0.61
0.61
0.57
0.61
0.61
0.59
0.6
0.59
0.61
0.61
0.61
0.59
0.61
0.61
0.61
0.54
0.61
0.61
0.54
0.61
0.51
0.42
0.36
0.6
0.57
0.48
0.6
0.5
0.51
0.54
0.61
0.57
0.61
0.52
0.61
0.53
0.61
0.49
0.52
0.56
0.61
0.53
0.56
0.61
0.61
0.61
0.54
0.61
0.59
0.61
0.6
0.61
0.58
0.57
0.61
0.61
0.6
0.61
0.59
0.59
0.61
0.61
0.61
0.61
0.57
0.61
0.61
0.53
0.49
0.6
0.48
0.61
0.61
0.55
0.58
0.56
0.61
0.61
0.57
0.61
0.56
0.61
0.57
0.51
0.6
0.61
0.52
0.61
0.61
0.57
0.58
0.58
0.61
0.61
0.51
0.54
0.61
0.61
0.54
0.6
0.39
0.61
0.6
0.61
0.61
0.56
0.61
0.61
0.61
0.61
0.59
0.58
0.61
0.61
0.61
0.56
0.61
0.47
0.61
0.44
0.47
0.48
0.35
0.15
0.18
0.01
0.57
0.61
0.08
0.6
0.56
0.27
0.59
0.61
0.61
0.61
0.61
0.61
0.35
0.38
0.61
0.52
0.61
0.56
0.59
0.61
0.52
0.55
0.61
0.57
0.51
0.61
0.5
0.61
0.52
0.61
0.51
0.5
0.53
0.61
0.61
0.56
0.59
0.58
0.6
0.61
0.61
0.43
0.61
0.55
0.58
0.61
0.59
0.61
0.61
0.52
0.53
0.61
0.56
0.61
0.48
0.32
0.21
0.6
0.5
0.49
0.46
0.42
0.39
0.48
0.51
0.61
0.47
0.61
0.53
0.37
0.6
0.6
0.61
0.44
0.61
0.61
0.61
0.55
0.5
0.61
0.51
0.53
0.61
0.52
0.46
0.61
0.56
0.5
0.49
0.53
0.61
0.41
0.6
0.61
0.5
0.61
0.47
0.61
0.52
0.56
0.52
0.59
0.6
0.61
0.44
0.43
0.48
0.44
0.37
0.39
0.61
0.61
0.54
0.51
0.53
0.51
0.61
0.5
0.51
0.61
0.58
0.61
0.55
0.61
0.61
0.53
0.61
0.51
0.61
0.53
0.55
0.61
0.61
0.61
0.61
0.61
0.4
0.37
0.61
0.6
0.57
0.5
0.28
0.6
0.61
0.49
0.29
0.58
0.31
0.6
0.61
0.32
0.35
0.33
0.16
0.61
0.3
0.5
0.38
0.6
0.61
0.34
0.61
0.61
0.61
0.45
0.48
0.61
