0.202487608
0.433876881
0.966541936
0.239166038
0.230304034
0.79221516
0.461258983
0.345920247
0.06152882
0.950610177
0.970522433
0.532829291
0.676961648
0.728642588
0.184750634
0.995797273
0.774334154
0.170599234
0.677941801
0.492329297
0.856689312
0.115074015
0.910751401
0.670572582
0.26006506
0.372090103
0.921321816
0.142262945
0.730812854
0.757647446
0.794868418
0.909390806
0.500322752
0.82284281
0.739106315
0.056462942
0.982168715
0.227289351
0.34896818
0.772449613
0.371020027
0.030576178
0.615000711
0.205874767
0.307027066
0.648170467
0.54642115
0.571101878
0.470408832
0.413285077
0.124228078
0.760454283
0.495010602
0.858087587
0.892544133
0.771800027
0.41211919
0.9632234
0.734209557
0.209862818
0.907435046
0.175549304
0.09205311
0.27651228
0.491735198
0.799077883
0.541507965
0.950744622
0.221455373
0.87358169
0.409961471
0.670312686
0.882406558
0.106293103
0.874703388
0.651221845
0.63573488
0.783913285
0.39685521
0.430900628
0.550067156
0.209467828
0.982696342
0.459188727
0.953047622
0.887081351
0.67107326
0.622994193
0.170556899
0.903173777
0.036418909
0.690034303
0.052504543
0.964820896
0.543175465
0.190399532
0.471146378
0.20603249
0.406540696
0.282385377
0.9692921
0.887251175
0.637428824
0.053949316
0.459911546
0.91121245
0.629219149
0.236358436
0.501835644
0.658690276
0.55525906
0.640057056
0.357913886
0.873280819
0.947057668
0.162897854
0.789433815
0.020054343
0.30461569
0.155481434
0.942040689
0.153123479
0.542942443
0.231989562
0.490451136
0.093017085
0.196797258
0.105044527
0.11771807
0.112916924
0.504147706
0.093186211
0.858652033
0.669467996
0.774355811
0.43183631
0.314335893
0.384190035
0.532562432
0.076265912
0.561496394
0.687845854
0.754433403
0.068064492
0.531603501
0.032984912
0.803933015
0.998450795
0.340210321
0.669616239
0.431960463
0.628313341
0.207253969
0.718320727
0.484789484
0.194651985
0.325034654
0.999650942
0.71931473
0.002966682
0.29055197
0.650120545
0.174259541
0.460985696
0.380763673
0.271113035
0.289249851
0.459619528
0.142185603
0.431753049
0.205209439
0.581398741
0.605480577
0.814524206
0.973807246
0.728299287
0.492808216
0.609364101
0.307728063
0.878342984
0.295340234
0.153211847
0.463568583
0.235044417
0.767944922
0.877783169
0.830698657
0.322624951
0.391795986
0.529567225
0.584522948
0.547501413
0.474768203
0.942365144
0.814374697
0.891730767
0.240828725
0.617798148
0.957658133
0.277714501
0.039257096
0.101515233
0.398262377
0.818926178
0.561887503
0.833172746
0.633737031
0.1072475
0.387453247
0.960163334
0.060106478
0.814530862
0.302958689
0.786272816
0.94405089
0.914246268
0.394963077
0.325647581
0.308831888
0.724322565
0.226339978
0.695113594
0.074188605
0.365279461
0.990959968
0.608024596
0.413264667
0.938897517
0.631106374
0.883732259
0.997663703
0.920248667
0.591886259
0.901260595
0.029424516
0.460484702
0.884200756
0.239577089
0.097091387
0.649907518
0.461445623
0.447127955
0.849311706
0.691299417
0.453850331
0.686846074
0.051097988
0.122734742
0.469544691
0.416034186
0.905314736
0.081788845
0.684341713
0.018775598
0.109444989
0.155256741
0.558794452
0.910112744
0.651946179
0.720782515
0.390037571
0.70445123
0.975536623
0.890794194
0.298724646
0.174790226
0.328850279
0.581027386
0.724334938
0.590328934
0.116866384
0.274171574
0.120580245
0.470868074
0.218941628
0.728596397
0.271275173
0.36209434
0.323873899
0.157147921
0.010985749
0.593838222
0.794190632
0.244629914
0.88545919
0.760207857
0.561067739
0.983736932
0.770782381
0.40332352
0.045797874
0.388833827
0.90672462
0.757061903
0.071169648
0.914804154
0.110820711
0.159387063
0.593164955
0.786765112
0.804201993
0.698402957
0.084193466
0.788164246
0.411474709
0.824002541
0.103627982
0.521419084
0.889711988
0.964765534
0.849603538
0.842824005
0.238664285
0.306352618
0.961803697
0.077585724
0.291406423
0.163555151
0.134406965
0.134784921
0.455246452
0.409159891
0.159556834
0.44715761
0.179997463
0.577958328
0.448176749
0.978036256
0.914824
0.112701617
0.933262275
0.419706688
0.017468409
0.873729882
0.490305537
0.577668853
0.637934613
0.048972373
0.248304902
0.256388322
0.419169821
0.22591435
0.930022498
0.269108037
0.652595251
0.803090966
0.411702973
0.90868204
0.856590023
0.124376013
0.780872674
0.121980383
0.715878025
0.236195482
0.266092936
0.125518614
0.5109626
0.446198628
0.166279028
0.99770144
0.755111282
0.621552246
0.441942066
0.441005764
0.97679796
0.060335459
0.948722577
0.660583136
0.796343763
0.196568408
0.785902711
0.057554976
0.488754582
0.064865354
0.097353126
0.841364469
0.585709008
0.232927276
0.767817806
0.212077683
0.770748551
0.563547449
0.270974957
0.130897614
0.033803577
0.027854592
0.244439983
0.589174258
0.432657611
0.290510869
0.833429279
0.02098461
0.836604464
0.882879025
0.498226238
0.693448446
0.643224863
0.571066186
0.626592463
0.278037929
0.713688374
0.953922499
0.166498731
0.919308113
0.485614697
0.896115594
0.007017921
0.358088179
0.340170475
0.208943903
0.17850392
0.075754302
0.587806959
0.956615777
0.434699415
0.508464526
0.481559559
0.053349104
0.341396718
0.487394326
0.552424771
0.020814177
0.587007948
0.257693828
0.419440915
0.327494078
0.846177092
0.185626024
0.771620745
0.862997555
0.445529278
0.974016761
0.852077994
0.740415244
0.003201055
0.029882696
0.87120104
0.837196806
0.679525562
0.106061822
0.920977128
0.159582631
0.522738234
0.613572035
0.607467889
0.39236473
0.596166451
0.248001538
0.317886041
0.706077403
0.77496742
0.144357811
0.098265195
0.367416415
0.93483779
0.020064562
0.368165607
0.609414536
0.940268179
0.947333615
0.718837819
0.335805832
0.693854093
0.990762446
0.367927528
0.471310529
0.4806644
0.208652744
0.281383905
0.546159111
0.412327533
0.758031435
0.672177022
0.484598905
0.452886005
0.811585169
0.688492589
0.73453155
0.609498184
0.379128264
0.332944435
0.127584288
0.840497442
0.841006109
0.297433016
0.313929739
0.401865086
0.320878111
0.529366639
0.425980772
0.690280337
0.79053264
0.370922415
0.495747951
0.573102789
0.122548037
0.464309129
0.698177092
0.119521316
0.155985871
0.4296052
0.131926613
0.880559968
0.833989013
0.457746797
0.573796624
0.502688533
0.455322064
0.594353019
0.74350167
0.059402906
0.610442682
0.239166863
0.205653098
0.299298736
0.931060682
0.974343119
0.613218775
0.444243914
0.606974421
0.220727953
0.626657552
0.847191894
0.339685417
0.328716257
0.366963212
0.000474944
0.930462086
0.270895437
0.444908976
0.757386158
0.60998657
0.414680072
0.080198593
0.990280599
0.314131583
0.863291234
0.775901891
0.587210249
0.886007083
0.928439683
0.966919332
0.42684026
0.360831326
0.238801071
0.333483343
0.945234685
0.573343236
0.389262373
0.621835834
0.350677701
0.74512699
0.998033336
0.886068347
0.876454517
0.355238787
0.015439289
0.301711601
0.468378271
0.967575122
0.874203603
0.171139793
0.294818949
0.55555538
0.238335369
0.384078742
0.1661605
0.484322054
0.946691765
0.297545334
0.253111136
0.488291143
0.922986278
0.513539019
0.961997912
0.635225159
0.837656699
0.924601898
0.514029125
0.717652971
0.280494541
0.946301627
0.871306568
0.433387568
0.561679795
0.901495498
0.105112656
0.933749774
0.639171938
0.123114494
0.779943799
0.022230994
0.486676863
0.194566893
0.175773033
0.076454097
0.155612535
0.165374212
0.031859775
0.214779192
0.809858681
0.913296782
0.776305313
0.744475035
0.560241645
0.436933516
0.372732988
0.87798708
0.09739046
0.813320971
0.486287423
0.524865804
0.845766258
0.074884817
0.958562077
0.059847881
0.274473988
0.635578223
0.379254432
0.784126874
0.424532587
0.187735848
0.183513763
0.793639076
0.794015889
0.10591762
0.966663558
0.183754898
0.409667887
0.077393635
0.157851541
0.265930815
0.790697173
0.332195905
0.070153571
0.663610901
0.970410594
0.88173187
0.356722465
0.339692073
0.274538024
0.667915146
0.665161279
0.849748912
0.613631187
0.170046179
0.885906545
0.60434457
0.708418255
0.432593122
0.703112099
0.169981674
0.198942612
0.049861557
0.42874382
0.630502503
0.106770774
0.913614868
0.702813665
0.386614882
0.617914351
0.206351529
0.9013192
0.360933534
0.466085076
0.807231713
0.527097141
0.08902504
0.366845244
0.445897814
0.412217567
0.383362231
0.466546149
0.885282068
0.52991299
0.746855796
0.494141606
0.725092281
0.677320705
0.271708619
0.864060426
0.506949259
0.858948152
0.748821863
0.482198574
0.895488334
0.564931313
0.460591529
0.770161767
0.250028774
0.279989183
0.048714797
0.5963444
0.459748444
0.061138913
0.0929504
0.329766663
0.778159576
0.635846238
0.636927039
0.755867673
0.941660265
0.731255425
0.853088837
0.186117161
0.423479699
0.924694886
0.051404495
0.207136527
0.321588618
0.179980298
0.475751855
0.843496124
0.841421813
0.862051649
0.388197011
0.200460808
0.673632442
0.912148312
0.48567547
0.300051918
0.335801091
0.374417511
0.391108065
0.351369214
0.773788812
0.515445826
0.586064473
0.610778012
0.105246287
0.704574648
0.45842184
0.857728086
0.04758478
0.686913521
0.001210902
0.428910004
0.277012134
0.753844916
0.006443483
0.321109461
0.699828112
0.244264587
0.626182531
0.261927428
0.91606537
0.527044854
0.140379965
0.554274502
0.740980817
0.373184515
0.678374781
0.057302394
0.374245174
0.613076033
0.247310679
0.59146683
0.55084435
0.245383726
0.525110478
0.188111247
0.599429138
0.369211254
0.891589896
0.737601942
0.512213618
0.507692218
0.338099803
0.36397116
0.93939412
0.361417591
0.088982603
0.702785998
0.073043705
0.064682006
0.88465226
0.660274457
0.252796563
0.473594162
0.663817124
0.851014931
0.318663119
0.289800312
0.073302562
0.215704657
0.533857654
0.367174162
0.161384162
0.219570734
0.465724497
0.501950199
0.858814935
0.601112844
0.08959508
0.269461977
0.493963318
0.41321604
0.265964405
0.663153468
0.6629502
0.76297304
0.082268623
0.925945432
0.344998473
0.82372373
0.054301077
0.438897464
0.407924812
0.31160062
0.73698928
0.830118317
0.232436679
0.573523972
0.220800048
0.419956504
0.51331875
0.462739383
0.217813948
0.392583881
0.41227657
0.882818457
0.582287652
0.953243238
0.260686265
0.942147259
0.383340909
0.947858665
0.254108037
0.667327686
0.638122537
0.313147153
0.367834012
0.223130602
0.456286422
0.32583615
0.169358693
0.401656966
0.115032602
0.964115849
0.783807136
0.075182941
0.654557911
0.008754608
0.338203591
0.031356815
0.701492845
0.426560817
0.763699007
0.094255593
0.235849274
0.548934304
0.184985389
0.215339692
0.932628217
0.721171996
0.691925801
0.69544858
0.319457123
0.496686163
0.752934387
0.764451711
0.230937096
0.392836471
0.421597546
0.833697589
0.16951721
0.589035126
0.019701521
0.160082885
0.019370781
0.519394136
0.975431974
0.974693658
0.501522801
0.591014373
0.727237254
0.359396206
0.944446463
0.800325554
0.190216806
0.385621664
0.519324204
0.301402987
0.727677227
0.072197318
0.44804435
0.167750841
0.389274951
0.159958954
0.654815693
0.0232839
0.462119361
0.982800054
0.564447905
0.747996041
0.133583296
0.459054295
0.161698619
0.801780235
0.48505536
0.211643853
0.315720447
0.272274725
0.826792457
0.793255859
0.161980573
0.420700687
0.946910439
0.512633995
0.297224508
0.603791842
0.427912609
0.545167948
0.949973405
0.580976859
0.481279043
0.774631749
0.407280998
0.139057372
0.117855846
0.69802774
0.171367257
0.175744654
0.204272482
0.043792408
0.595666245
0.5103655
0.662931306
0.254046151
0.614156781
0.498953917
0.364069547
0.020835209
0.763204441
0.9961624
0.212738307
0.898508259
0.70575536
0.406155683
0.394941782
0.181958543
0.573933873
0.583083418
0.83376357
0.97096347
0.57974105
0.593044161
0.919662123
0.874000276
0.928472299
0.966995991
0.900432283
0.533513463
0.910414627
0.156678977
0.082940643
0.723967439
0.995399395
0.191312623
0.685191474
0.397747845
0.622281174
0.030456396
0.394023838
0.676942929
0.578764987
0.977977541
0.071344682
0.915778403
0.379128081
0.342718115
0.401040201
0.701821054
0.148551902
0.952289492
0.256449683
0.207204019
0.221445058
0.140848936
0.457778511
0.405441455
0.054014978
0.112302153
0.933871855
0.930711794
0.009989168
0.77015812
0.100119759
0.107796493
0.771589518
0.382626138
0.549276728
0.869483753
0.844653557
0.097866592
0.345050131
0.434104564
0.359417295
0.486077218
0.575420495
0.114623206
0.473043537
0.858998698
0.723677936
0.582988199
0.526044672
0.307441619
0.99877479
0.680735732
0.979053898
0.559993687
0.627721414
0.260201692
0.867809691
0.873889503
0.699491428
0.520288034
0.194400974
0.033064792
0.324088001
0.650226235
0.481804472
0.381981178
0.850450461
0.295901897
0.408083007
0.248640045
0.300259224
0.550801875
0.564693884
0.657284533
0.774443089
0.556663197
0.949395546
0.391092595
0.901221804
0.551352679
0.268175315
0.307480064
0.27766493
0.106118294
0.709636928
0.949614162
0.837774178
0.605146318
0.451846154
0.366662018
0.81534655
0.86310206
0.49978537
0.24519346
0.904893075
0.370578731
0.726891747
0.104347964
0.878132008
0.503712201
0.535607928
0.786449477
0.411601181
0.431449205
0.575497525
0.207167353
0.739857371
0.709856529
0.033603373
0.690808121
0.833816636
0.354702973
0.872811209
0.958432394
0.50337214
0.966432661
0.707665651
0.592577642
0.456751962
0.223929483
0.61738659
0.998460782
0.594522966
0.009630332
0.682285211
0.460649679
0.547959909
0.213405259
0.91589751
0.750614621
0.381166427
0.45028877
0.886180201
0.540766474
0.216599594
0.646270959
0.265045585
0.909036448
0.478672067
0.407670173
0.452627645
0.610135529
0.615339602
0.848989629
0.296566264
0.837195804
0.727125659
0.45854362
0.221049929
0.052030147
0.52485309
0.251641708
0.468335315
0.785738819
