0.764787703
0.665566335
0.246525987
0.656294646
0.911930313
0.839007755
0.555523536
0.418651131
0.261058262
0.934356446
0.294135965
0.920141256
0.552676878
0.706944627
0.828655832
0.223025572
0.907626548
0.370083286
0.837194847
0.689436215
0.860204896
0.298222283
0.650610737
0.823623724
0.128108836
0.444950009
0.79569361
0.851290865
0.397498608
0.546404917
0.399196802
0.038242256
0.926194082
0.402062582
0.955600704
0.59652503
0.346271231
0.546934837
0.334661283
0.636311161
0.89165439
0.161223329
0.357754744
0.319309944
0.933305595
0.370289634
0.131802332
0.8067626
0.378986649
0.211483147
0.63561377
0.648833628
0.475459351
0.66980984
0.466947886
0.963296882
0.962270522
0.689055244
0.151331978
0.745947919
0.811133854
0.54438217
0.407618404
0.196582562
0.330021909
0.295190469
0.442104008
0.548890614
0.134562588
0.322944543
0.171420258
0.637551944
0.457371136
0.945583321
0.14694776
0.464373953
0.51091205
0.411739616
0.370147696
0.00403651
0.547151974
0.547557803
0.039081425
0.374131623
0.651507948
0.437021166
0.627817614
0.340707395
0.666712983
0.713067604
0.056480762
0.901211456
0.902544198
0.10732402
0.775884827
0.689966577
0.958397631
0.792114658
0.641630703
0.766892526
0.932851919
0.988974053
0.852564988
0.899330166
0.764171787
0.624215736
0.204641986
0.198857732
0.804719959
0.949739113
0.041432435
0.08017279
0.945477023
0.35170666
0.119583799
0.760276009
0.146355292
0.711409407
0.13893136
0.115184237
0.435863526
0.910041715
0.037128428
0.741600107
0.042670749
0.238072364
0.821389375
0.769922138
0.469345583
0.113869838
0.841840011
0.311120523
0.305538876
0.613061179
0.154922743
0.515692771
0.891599501
0.041500153
0.50274887
0.023547743
0.692455006
0.434574408
0.429279354
0.95970603
0.883387975
0.394597691
0.199640699
0.645106457
0.853774462
0.086685006
0.930887334
0.480590261
0.485745505
0.43405312
0.756444779
0.535512859
0.961216741
0.7824091
0.70819457
0.992008463
0.473469863
0.149417102
0.157128668
0.284313719
0.795258423
0.679567041
0.098530602
0.252126237
0.897113305
0.042685091
0.530937397
0.381887467
0.973016095
0.435672289
0.853186689
0.978672573
0.742659491
0.996123853
0.983260176
0.339280048
0.638706764
0.784970713
0.725619136
0.698768367
0.31109499
0.464954074
0.169847704
0.7909702
0.58124918
0.871344774
0.034990841
0.922142373
0.009071596
0.639327627
0.483400261
0.009314805
0.125772049
0.454784477
0.740165662
0.058906915
0.895459488
0.160940394
0.591709366
0.961441127
0.216982697
0.784347143
0.695830946
0.815205342
0.229116555
0.152648811
0.233295841
0.899594617
0.533579832
0.253213017
0.577448372
0.727011278
0.907753993
0.26788422
0.62931315
0.244910453
0.649089962
0.516112453
0.782180903
0.938301653
0.667183878
0.995071592
0.173063011
0.10195822
0.846538551
0.468443188
0.820845968
0.862368091
0.281389344
0.294730205
0.507900171
0.341711844
0.381692247
0.15715314
0.747897763
0.647022588
0.187556765
0.306237092
0.167840408
0.047913066
0.471317208
0.875027741
0.563903511
0.669918083
0.751405298
0.705312631
0.610407554
0.37296856
0.686676755
0.940915481
0.874577446
0.670046315
0.451816039
0.095215549
0.744488884
0.73175304
0.878831109
0.109327414
0.994144693
0.705110538
0.028672753
0.864131285
0.578547692
0.163110609
0.544463183
0.204456399
0.981531849
0.823783284
0.350712149
0.112138247
0.114825015
0.177568354
0.315940016
0.033541718
0.833266718
0.513190776
0.004250243
0.535675606
0.644601849
0.291376181
0.558022198
0.904705483
0.629396571
0.574436848
0.351070282
0.83660964
0.892277508
0.109039069
0.092565046
0.03153221
0.900017022
0.630640223
0.641276709
0.902975103
0.418619419
0.16149233
0.870685411
0.964748501
0.726712473
0.375418055
0.002008548
0.466033722
0.462839392
0.128866575
0.808993376
0.554306055
0.528562336
0.804956517
0.93460959
0.154199859
0.578808478
0.072242546
0.209706897
0.864828491
0.931217722
0.872809287
0.185560614
0.540767812
0.326521294
0.104920638
0.159911711
0.463139597
0.042987111
0.05390917
0.818433996
0.162341459
0.494445269
0.091038303
0.931497401
0.900100692
0.354004448
0.095850118
0.263454079
0.722099053
0.886127638
0.830815698
0.560416386
0.48143699
0.287969996
0.92869754
0.398101231
0.529931879
0.707394988
0.963504211
0.348470454
0.939588237
0.975362733
0.433510894
0.933211565
0.536061059
0.240295217
0.997056799
0.743834174
0.44451599
0.471658557
0.427412459
0.797253072
0.163269785
0.37362198
0.340961178
0.037455204
0.25453761
0.392154976
0.067016949
0.868821367
0.117309387
0.132218207
0.476391644
0.790676679
0.475182634
0.499795321
0.328771913
0.646820625
0.782637463
0.500163628
0.354289543
0.437823465
0.111021094
0.118872752
0.624420095
0.017647275
0.466140578
0.397853404
0.686377324
0.053477552
0.681436027
0.21127756
0.033605188
0.748725291
0.872905619
0.189402869
0.465470555
0.967882494
0.678731498
0.299234087
0.223275204
0.933334177
0.542778929
0.504640284
0.604804264
0.452384085
0.785412033
0.657517065
0.428055012
0.126658249
0.423796345
0.803077786
0.384565397
0.927862357
0.389402089
0.800375086
0.856953573
0.402563893
0.619139158
0.970395097
0.267084225
0.562122466
0.034022769
0.536761083
0.488659149
0.646822721
0.286679841
0.680773804
0.799481356
0.194990996
0.273951198
0.823379469
0.373573013
0.196856016
0.570145405
0.022701568
0.38633568
0.5369129
0.049544031
0.796532972
0.291384086
0.942480764
0.325839991
0.683573179
0.922955059
0.501304212
0.607235468
0.87816435
0.674260333
0.693678542
0.84785477
0.090488942
0.657304565
0.267127134
0.954683195
0.852031928
0.157553167
0.304997249
0.79892453
0.903052001
0.415797819
0.763949921
0.446276774
0.098321384
0.111312199
0.306629747
0.827879195
0.641828067
0.528699389
0.319880354
0.150338545
0.954933898
0.681353791
0.381350476
0.628903201
0.682548259
0.4302742
0.171765983
0.899819032
0.597847295
0.886909521
0.534977264
0.47593763
0.396610875
0.018520899
0.720897825
0.451798301
0.623397366
0.617093093
0.952919587
0.435939925
0.606330622
0.697918807
0.001167317
0.084769203
0.444142039
0.360603515
0.636926917
0.057418997
0.494696928
0.822102961
0.593729373
0.129146864
0.914914178
0.614066189
0.047317041
0.287014375
0.3489551
0.685996462
0.771175725
0.558931827
0.325071726
0.18875534
0.655268309
0.338113087
0.440315896
0.953302174
0.541316446
0.546955687
0.509206648
0.805152201
0.158272385
0.926610807
0.900542815
0.875499072
0.668670202
0.512210631
0.610938063
0.120089265
0.925066638
0.772817531
0.378333325
0.344414751
0.158555494
0.539603746
0.175736633
0.427483
0.459010691
0.407724172
0.209577072
0.571648707
0.537019589
0.95615104
0.87049659
0.127929696
0.288597074
0.491977143
0.446376113
0.384530825
0.901561327
0.08804856
0.876502316
0.927894721
0.235481329
0.198230045
0.11417394
0.256514671
0.55409415
0.560137615
0.515013072
0.589149274
0.248096996
0.765087436
0.317371137
0.694466902
0.649715091
0.246327747
0.557179067
0.559176155
0.583201484
0.119639512
0.533325199
0.582573297
0.036184019
0.58239751
0.410696343
0.686028259
0.892424926
0.409180065
0.55030528
0.684951644
0.56367484
0.378844346
0.178637835
0.084346377
0.39461907
0.739085099
0.254547338
0.145523493
0.091389119
0.808809533
0.904290596
0.317288495
0.67070599
0.869010626
0.972156417
0.063061253
0.175029654
0.063746895
0.355920459
0.820710905
0.024404347
0.963181314
0.029747882
0.9852026
0.872585007
0.836110363
0.485302941
0.257090443
0.971722067
0.047853685
0.261089555
0.399892467
0.950088275
0.947869096
0.963631554
0.924323983
0.001966347
0.935201277
0.350105819
0.041164634
0.125827024
0.127231341
0.872585433
0.35822047
0.875444579
0.591365311
0.389587064
0.727255815
0.800626515
0.741848038
0.178171758
0.115611773
0.829533321
0.014212647
0.810253163
0.919907115
0.221392282
0.338617707
0.269754924
0.999824427
0.893402393
0.473341426
0.862618473
0.129055746
0.873372834
0.47014809
0.762036868
0.706662921
0.301123526
0.382512171
0.999104424
0.426360222
0.71675793
0.991421139
0.667538682
0.159080021
0.248261078
0.020766871
0.478935969
0.349687714
0.781589544
0.267000498
0.915186112
0.36781979
0.86997695
0.399459912
0.457088487
0.70183344
0.970626816
0.439605392
0.436771695
0.521861043
0.456282702
0.225923159
0.785985055
0.843629217
0.574488778
0.133265765
0.575819667
0.942755626
0.248819274
0.769037385
0.06370082
0.370782887
0.477188359
0.41303209
0.79663324
0.48937648
0.468386018
0.963409634
0.610190709
0.466290016
0.331184582
0.451346031
0.34043449
0.285943336
0.416861662
0.683889694
0.723058223
0.545147322
0.081408737
0.05174392
0.131174137
0.921886796
0.869348365
0.426359204
0.444655496
0.15231372
0.318584876
0.205429167
0.315528362
0.908487044
0.668816676
0.300112653
0.371962768
0.648998626
0.709230218
0.232045851
0.424676054
0.236169475
0.765712279
0.531710784
0.838989143
0.101397718
0.732203803
0.585973767
0.78996299
0.979590621
0.442532152
0.701940734
0.860524136
0.372211807
0.138192578
0.349156957
0.848130175
0.165764258
0.33775309
0.289747981
0.439299354
0.039771659
0.01282537
0.646885024
0.724050316
0.029088599
0.814408883
0.343100052
0.758492346
0.379622126
0.071459094
0.856610608
0.883595681
0.163152481
0.84895889
0.952962718
0.648085709
0.315369381
0.677682342
0.983753826
0.400380315
0.989995496
0.018928379
0.205039395
0.304005732
0.194415734
0.903497393
0.10611701
0.325866246
0.878892662
0.262098815
0.911179417
0.046680182
0.919411068
0.441395018
0.890314785
0.615990932
0.329680567
0.283254907
0.684980195
0.70798557
0.728768788
0.788922609
0.647389142
0.850438184
0.994997152
0.446438266
0.781154448
0.2085832
0.427808975
0.773264494
0.506503924
0.879263015
0.939608263
0.747576124
0.024789635
0.794206287
0.488353268
0.386788428
0.799639331
0.372800419
0.993855546
0.96812206
0.601133231
0.637383227
0.083500273
0.957319042
0.36928527
0.389821563
0.933808472
0.860736858
0.199455855
0.557292124
0.230117105
0.009215505
0.976708445
0.563351318
0.583414991
0.425216041
0.940953044
0.537374474
0.442934767
0.307584156
0.751256978
0.014134175
0.794432562
0.912082805
0.827328615
0.680968009
0.527305899
0.114029143
0.915452737
0.939897882
0.597749623
0.852763048
0.720312509
0.310464453
0.961970971
0.095262923
0.214652205
0.898740735
0.560915371
0.482115633
0.011161977
0.138454777
0.533642863
0.061497228
0.462428529
0.175600912
0.942442473
0.486699817
0.254885402
0.100066027
0.393181191
0.706185232
0.683569559
0.448632768
0.375485412
0.442863424
0.179100427
0.926686208
0.844933467
0.458427396
0.912830823
0.744271873
0.703176685
0.268515384
0.94955656
0.67454391
0.561374428
0.063474991
0.94454252
0.801791634
0.961372561
0.673696352
0.266193737
0.625359105
0.247723221
0.782845948
0.207589189
0.79690666
0.761411747
0.80277743
0.197534622
0.420726211
0.905269435
0.075334114
0.675767407
0.868999957
0.466076907
0.283076717
0.723853061
0.5213525
0.740827125
0.752275828
0.432428462
0.874280497
0.811114223
0.942111243
0.686170061
0.987914011
0.813415335
0.347064391
0.500272885
0.280365635
0.83390035
0.416933827
0.490225679
0.262100829
0.125568941
0.328184714
0.0701156
0.219523253
0.375368991
0.739356959
0.310085063
0.817338573
0.841249205
0.571954449
0.59032879
0.851470184
0.085338905
0.754713336
0.852530988
0.493430632
0.882310888
0.640249139
0.664301365
0.157758561
0.582904708
0.0539468
0.751865186
0.617702439
0.776377629
0.068814335
0.990313823
0.976726349
0.678892765
0.583123697
0.690598639
0.632936039
0.521171043
0.220670974
0.831569207
0.72575707
0.659593578
0.917878573
0.914268598
0.817409963
0.107665682
0.758944636
0.431306623
0.095645888
0.962221126
0.893976094
0.311670036
0.34684243
0.974549093
0.442474294
0.847210018
0.823668041
0.20477544
0.815898936
0.974640519
0.581433918
0.539790456
0.503678993
0.658643554
0.977317538
0.364791169
0.884621882
0.415137233
0.665380581
0.104011117
0.8253921
0.030186388
0.952179196
0.141148757
0.328045907
0.442407266
0.745392809
0.965907929
0.474763352
0.906204225
0.179461033
0.126897171
0.24664421
0.536277528
0.013818465
0.755799136
0.187345903
0.654010581
0.989585703
0.648558734
0.067008341
0.620069625
0.48044442
0.685265802
0.63885374
0.098744291
0.254959639
0.500689266
0.507092333
0.243668954
0.792751374
0.231067142
0.805378485
0.132286521
0.958600795
0.023536108
0.176108059
0.795524954
0.145765359
0.779705303
0.509598866
0.916567442
0.466688027
0.851834092
0.539281913
0.176862797
0.743279918
0.057640854
0.885588992
0.836351946
0.033723938
0.025537986
0.01377004
0.640224891
0.441216401
0.213827801
0.224534459
0.921645321
0.408519101
0.589153296
0.02957354
0.053986071
0.160960681
0.511179364
0.014097419
0.542578717
0.129811202
0.321569365
0.050060638
0.264428756
0.618352191
0.79914751
0.783698945
0.723553701
0.371815817
0.39757068
0.572359095
0.898115554
0.251743396
0.038246475
0.00172714
0.155098728
0.531838047
0.502465475
0.422135413
0.540486265
0.463077813
0.869546345
0.480733715
0.853555342
0.36468485
0.131857582
0.130664649
0.043342574
0.048129939
0.03564097
0.286214758
0.172052456
0.688431116
0.139070582
0.545056012
0.952937584
0.524529603
0.941352496
0.347034618
0.377654794
0.641746951
0.998424573
0.596093115
0.159413767
0.292886942
0.310477754
0.890886824
0.184608927
0.080751142
0.411832874
0.904044044
0.88585988
0.473202683
0.663546978
0.039174098
0.742807391
0.584898341
0.120181486
0.046764961
0.6244408
0.626155548
0.481200733
0.816382508
0.573396104
0.560844975
0.189910676
0.55077111
0.150765687
0.967875191
0.759693757
0.036371842
0.187825415
0.952207466
