0.247286251
0.261193439
0.820834477
0.730314633
0.339558037
0.429109037
0.39649649
0.799760169
0.942327807
0.01971304
0.84449217
0.931533387
0.477467257
0.407255509
0.746259399
0.670447153
0.307507386
0.270044018
0.927095909
0.996999282
0.426523968
0.464092642
0.808739592
0.922020856
0.837196202
0.706594004
0.345328883
0.082197521
0.051915899
0.368341493
0.545523207
0.808971258
0.786880582
0.767332266
0.241700771
0.49106762
0.178679055
0.033220867
0.267768767
0.852261748
0.426757104
0.736555722
0.54994092
0.065106121
0.806118075
0.21766875
0.720182542
0.92267876
0.510655641
0.197753051
0.768259685
0.245998289
0.01141556
0.418550213
0.113159746
0.685059919
0.522015961
0.328419685
0.09396714
0.254423987
0.224486344
0.802947881
0.619695257
0.083036551
0.387519681
0.091069954
0.504944077
0.888134602
0.119222948
0.972520682
0.689347385
0.932214728
0.482673406
0.270317137
0.615415576
0.969031233
0.883344778
0.647871365
0.149206356
0.523797821
0.482736452
0.349166439
0.496354417
0.276077857
0.911297995
0.971244456
0.595606176
0.52629362
0.723399547
0.737683271
0.718963522
0.398759306
0.376318574
0.044659612
0.314144492
0.522556027
0.29344984
0.035420962
0.360542627
0.222304402
0.174927352
0.263861172
0.710344351
0.933472558
0.896992193
0.061320685
0.228651244
0.09087682
0.607042477
0.601144454
0.991782974
0.170941604
0.005521594
0.928594769
0.038642198
0.073156796
0.738899891
0.809893596
0.316945466
0.225525193
0.713515154
0.929138352
0.870651267
0.826682162
0.970481273
0.620126622
0.762079161
0.273009761
0.375899501
0.050248409
0.438853908
0.884902723
0.440461267
0.838846777
0.155620368
0.442849295
0.175534581
0.280474169
0.323066246
0.491198591
0.928791794
0.687012929
0.925917313
0.926054675
0.720435173
0.113179521
0.415301553
0.906287818
0.813555884
0.035106074
0.292559613
0.173925077
0.048552719
0.95023733
0.922412007
0.475231066
0.457883723
0.904554801
0.468868319
0.707006636
0.782055065
0.276816034
0.976555988
0.493469031
0.331049425
0.071896262
0.770965248
0.326544439
0.978053082
0.401818948
0.748981227
0.888501209
0.664435026
0.381806377
0.021244073
0.123051882
0.551459394
0.677118879
0.403034168
0.796802578
0.238669507
0.32356415
0.744450865
0.379282877
0.54070938
0.432595086
0.779711095
0.308300193
0.806895888
0.964062044
0.445760103
0.795338697
0.562359497
0.129318809
0.688754446
0.132329803
0.922032492
0.498808489
0.746335485
0.894446465
0.905574795
0.55360342
0.6162271
0.525721342
0.763937938
0.329895198
0.630846992
0.161216544
0.04926541
0.898018508
0.549447555
0.692084647
0.183367409
0.460866374
0.877838711
0.95485724
0.919400914
0.754787532
0.505090707
0.205719969
0.747466652
0.006018059
0.580350452
0.353184735
0.602502158
0.079754272
0.018865872
0.361260279
0.853786218
0.306150158
0.720795464
0.584773891
0.217659324
0.36450518
0.691313297
0.828656056
0.331058688
0.228345572
0.315517661
0.987420242
0.845111416
0.834109947
0.242366411
0.037675938
0.730637247
0.923207711
0.10538147
0.950139755
0.072473627
0.174878824
0.750635011
0.4169933
0.287682838
0.032571418
0.916317776
0.304805855
0.433562486
0.047129976
0.863605394
0.30960844
0.651150441
0.419943869
0.559594761
0.091834633
0.72357319
0.94740886
0.565119719
0.774426366
0.885330699
0.422348437
0.422506231
0.246026672
0.309730659
0.065348284
0.311352457
0.872884421
0.975197934
0.145896311
0.170119208
0.154878794
0.351317078
0.151231806
0.167929531
0.0909034
0.78503073
0.786763767
0.736690761
0.999710046
0.476323883
0.047779033
0.426129433
0.786686488
0.465382055
0.875205802
0.874344404
0.707889245
0.230691197
0.600205327
0.869529805
0.034422906
0.459619365
0.585053678
0.297716321
0.073711807
0.05522724
0.856333752
0.036307385
0.594276747
0.669987559
0.586819868
0.308290837
0.139272059
0.393562136
0.863032754
0.780394925
0.861076299
0.734759838
0.541674609
0.052913965
0.798129325
0.335162169
0.138695544
0.549931362
0.02919721
0.626084523
0.555788067
0.156123645
0.57491451
0.011634404
0.303300146
0.421694025
0.187832594
0.158438805
0.798208211
0.904078449
0.239169042
0.635653979
0.054429905
0.603927091
0.232919113
0.392351903
0.075110635
0.273961721
0.701475741
0.181445482
0.166800795
0.476423865
0.239005475
0.314334304
0.370887418
0.164756292
0.862174922
0.13814028
0.316641325
0.380987234
0.11199185
0.713803786
0.502877821
0.206113085
0.755778986
0.635370961
0.432686954
0.49020746
0.088427858
0.538516991
0.18564601
0.40499314
0.425521637
0.76926881
0.128188787
0.234598423
0.436231
0.217061783
0.934222118
0.827013685
0.169895139
0.293691637
0.527798068
0.579723006
0.925790789
0.623774221
0.297319104
0.260239863
0.557275207
0.597956148
0.138735503
0.321054833
0.875211321
0.588409293
0.32391106
0.604807317
0.044583545
0.993005746
0.008429046
0.394905735
0.919410983
0.042977136
0.046271307
0.791969765
0.383376195
0.712188284
0.728890573
0.354386976
0.148891651
0.541784959
0.133485052
0.27306326
0.083344299
0.121430577
0.182352067
0.923399498
0.548752629
0.732731065
0.339900405
0.614813255
0.619548758
0.108829763
0.427841677
0.020293703
0.660861741
0.431755413
0.200479279
0.539515864
0.956183831
0.342596415
0.721030412
0.92073047
0.139018822
0.560138729
0.842504435
0.28262037
0.66713844
0.529606592
0.844483525
0.199960818
0.476465469
0.400074458
0.470823139
0.598316076
0.969281189
0.984291371
0.488341237
0.002189063
0.195852156
0.933116385
0.054440717
0.054962669
0.05544833
0.793654969
0.85734537
0.293030625
0.108238962
0.542535358
0.931062931
0.389836767
0.605483012
0.723198764
0.909723817
0.107255803
0.832697756
0.566734384
0.33856786
0.090622858
0.539318095
0.174688723
0.944247882
0.636743638
0.077288533
0.373459386
0.913726578
0.497091921
0.56507302
0.871139721
0.58435781
0.333611588
0.69426842
0.2743881
0.258895575
0.154041844
0.190094766
0.86923309
0.026113668
0.062475839
0.883893797
0.03120633
0.175939146
0.929567839
0.059215122
0.944113779
0.360678326
0.292949636
0.001996497
0.358768046
0.459021905
0.868560127
0.913500703
0.927706779
0.467755695
0.21056126
0.200666703
0.544019709
0.975330102
0.950978906
0.989393905
0.452790478
0.392359204
0.025197926
0.765160563
0.816558228
0.789724007
0.54510062
0.483687041
0.014288575
0.324441341
0.931670335
0.028095776
0.996192659
0.045929413
0.476790236
0.071779181
0.432254014
0.048691734
0.132340261
0.092135346
0.254317787
0.45845714
0.117549297
0.759777228
0.924546052
0.955662189
0.048911144
0.994963031
0.529600059
0.369884009
0.568778096
0.465298096
0.41909685
0.495740487
0.8018246
0.185313334
0.597599721
0.681378858
0.507313771
0.196199565
0.196638424
0.130468076
0.651284793
0.736895719
0.920335724
0.2411383
0.327545316
0.809135208
0.619807224
0.455173348
0.340116285
0.787461627
0.508147167
0.616449198
0.662630139
0.245366296
0.045690036
0.658278566
0.867837123
0.296574864
0.25029668
0.046476436
0.231720558
0.461569083
0.363177378
0.411868304
0.049968338
0.025531224
0.758398686
0.531642084
0.234256549
0.534727571
0.677180014
0.398920511
0.288306192
0.448183851
0.166289051
0.837579642
0.280744217
0.331502571
0.731311075
0.312428105
0.235229703
0.306182841
0.862587226
0.72484024
0.41687832
0.327372816
0.175482496
0.196907978
0.887740073
0.43300848
0.540530387
0.816404786
0.589903563
0.954399478
0.762466045
0.338080473
0.347895386
0.250756678
0.99106505
0.547950292
0.222566578
0.503926256
0.410114456
0.861989558
0.777842816
0.299801321
0.520940517
0.021029021
0.221869029
0.900584763
0.290971312
0.478261651
0.066918265
0.731057863
0.992776171
0.560453947
0.705550147
0.051151587
0.148297931
0.935435352
0.423501762
0.1176356
0.573405367
0.896691785
0.263709883
0.296329998
0.851449957
0.780545256
0.649908569
0.118692156
0.600065542
0.270625167
0.384136851
0.984471337
0.765230725
0.165206996
0.757259785
0.786286153
0.07962923
0.797447245
0.48173272
0.023595192
0.192005166
0.974573344
0.597686286
0.102281608
0.038000012
0.183018411
0.384731187
0.478958556
0.725391721
0.286236291
0.76681045
0.792681775
0.06406062
0.223557289
0.665893714
0.328719909
0.286761435
0.852284561
0.712904793
0.87697268
0.311557536
0.368777862
0.694859292
0.950882809
0.551821809
0.43185486
0.311151682
0.311505702
0.524237776
0.18952289
0.921371214
0.456713282
0.022915916
0.02281911
0.842576095
0.606267723
0.757012594
0.261351962
0.300501013
0.822938741
0.11367605
0.625041009
0.769958315
0.064363264
0.739714803
0.315576413
0.354157711
0.137604539
0.89035732
0.35223763
0.46403243
0.22924209
0.419321941
0.347870736
0.292032029
0.452573853
0.653905059
0.219864984
0.934879663
0.375204351
0.169627463
0.387532423
0.996821502
0.151676874
0.50291129
0.922497641
0.551714504
0.605260899
0.802882018
0.003362662
0.764511095
0.276502016
0.216198397
0.922264694
0.586228414
0.361816426
0.046645545
0.657744338
0.007813894
0.872794369
0.18354931
0.934268502
0.939984971
0.767520931
0.329604397
0.854913199
0.643096423
0.840122686
0.94929584
0.428548194
0.530749499
0.34085547
0.200791117
0.628285427
0.699290925
0.134549929
0.484367647
0.434942077
0.645136497
0.785800331
0.311703343
0.446629678
0.674755701
0.921240859
0.552501287
0.456210587
0.85699037
0.877519132
0.470031775
0.447051585
0.249441841
0.676542271
0.364629099
0.152554848
0.972630083
0.713195089
0.587384881
0.850473908
0.682765461
0.631831248
0.644566467
0.466748041
0.707114805
0.57840025
0.762508467
0.777590154
0.529794949
0.047125658
0.723993377
0.897803947
0.32228631
0.717904981
0.463375382
0.014710925
0.125548721
0.149507137
0.039591314
0.924492805
0.398303808
0.234366207
0.765141376
0.853898137
0.089198128
0.379069374
0.622646755
0.825788976
0.290221138
0.402886681
0.453780609
0.978466135
0.289693109
0.908583609
0.45921649
0.51097207
0.738744408
0.696101873
0.921216995
0.697570377
0.878497163
0.217537246
0.041658333
0.748852717
0.870695147
0.064131479
0.845623379
0.617874972
0.840841619
0.421161748
0.422145379
0.347153506
0.348897086
0.040886829
0.550926546
0.721448581
0.268656333
0.147159183
0.961960519
0.247501956
0.170706009
0.704244283
0.268087339
0.578448553
0.386866107
0.244970162
0.927762585
0.490939729
0.068648399
0.844576803
0.907871604
0.36651131
0.778562702
0.352655768
0.429974744
0.327950071
0.476901319
0.136034916
0.996525009
0.976865662
0.569114292
0.409534986
0.464696383
0.109838829
0.897001702
0.65232336
0.642657214
0.489056079
0.611595529
0.665369036
0.648661739
0.221032199
0.909756065
0.110321871
0.850734973
0.445477046
0.17713125
0.124690971
0.006103923
0.962635364
0.209015055
0.67190821
0.020018856
0.624011296
0.303491958
0.178114586
0.338920989
0.700407379
0.893838593
0.419806023
0.06006639
0.854223223
0.133304562
0.368379523
0.092663667
0.805286654
0.249504301
0.921587725
0.0913289
0.304375234
0.569624667
0.340211566
0.526001503
0.516709997
0.087661107
0.539599048
0.252053001
0.136382683
0.249302892
0.781452335
0.350334593
0.336641506
0.023569152
0.668813802
0.902415432
0.0756065
0.826829446
0.991308309
0.257754476
0.006992825
0.213411289
0.588811132
0.01419193
0.02062998
0.681685128
0.447374344
0.738618183
0.698748799
0.997690003
0.445581973
0.139736455
0.427865544
0.938664475
0.921922021
0.759403124
0.561357252
0.195202493
0.082801724
0.870616484
0.668195506
0.03311561
0.175192029
0.726711863
0.036769991
0.972977587
0.950387314
0.868113074
0.880520117
0.224029205
0.586633504
0.779907463
0.558354971
0.652713488
0.401547222
0.905400372
0.411700892
0.671374163
0.596774045
0.701336153
0.873116685
0.645616277
0.788672978
0.78746134
0.27691574
0.442042178
0.960497131
0.719172141
0.622148522
0.188298365
0.580727496
0.482249978
0.493357606
0.316094743
0.727039324
0.832681175
0.601964462
0.875019465
0.497223984
0.883491569
0.670040915
0.633228669
0.064845225
0.183523562
0.053785469
0.989566262
0.919084646
0.957777915
0.057244701
0.868413337
0.233504092
0.552688323
0.114607645
0.72068891
0.461691239
0.705692288
0.654858006
0.519908544
0.937666618
0.729278926
0.798050597
0.710134377
0.533244553
0.442810513
0.794327142
0.873852347
0.749930332
0.135881999
0.670372723
0.922488929
0.871137095
0.589359357
0.773306723
0.930090056
0.441025043
0.969446931
0.914712114
0.768101585
0.537432486
0.510264056
0.184531683
0.80918796
0.942446468
0.819019355
0.113280229
0.595466792
0.377436155
0.737423698
0.415188577
0.755769108
0.200577704
0.496095977
0.284726813
0.013453053
0.488611615
0.660216194
0.901017766
0.268308562
0.266132437
0.524450578
0.900169493
0.611932914
0.041204796
0.298470814
0.171849006
0.455124512
0.602193344
0.183342088
0.14169967
0.029824259
0.113577318
0.994910617
0.989865695
0.18974876
0.364082445
0.054079792
0.38480652
0.384867169
0.187912337
0.891385503
0.898415437
0.247368601
0.890864443
0.63375687
0.067687316
0.667423255
0.432558723
0.277479324
0.895771567
0.526869877
0.264592026
0.616241952
0.9789238
0.714030005
0.62034655
0.606314781
0.995641814
0.133925935
0.741736479
0.456258574
0.090739938
0.790729548
0.01091743
0.114336545
0.198572579
0.896294117
0.965625603
0.176258114
0.811677694
0.883256504
0.69295492
0.164220617
0.201628176
0.296370686
0.71130291
0.724561724
0.682664494
0.596863074
0.857566266
0.518520013
0.027928333
0.980221562
0.36204645
0.636466436
0.222131285
0.415291396
0.323747895
0.961751023
0.498966281
0.358813519
0.878380411
0.43793215
0.556754603
0.042702292
0.049600418
0.5253944
0.180131558
0.294044249
0.312419153
0.224581863
0.931657049
0.261410427
0.495144937
0.176153394
0.974867171
0.610588741
