0.385899178
0.574315016
0.620198217
0.344315317
0.89044784
0.638754458
0.724327362
0.085472886
0.196495222
0.934812583
0.137879207
0.311076099
0.841497591
0.655860524
0.014569157
0.229691106
0.963257655
0.714380003
0.049197002
0.373551039
0.566808421
0.241387775
0.337403767
0.941616535
0.937513192
0.050047449
0.52478323
0.517347584
0.069038361
0.142138923
0.140211632
0.371547031
0.642874587
0.841496578
0.7017149
0.75448899
0.089563886
0.408398125
0.519661426
0.748664552
0.206991972
0.486407386
0.811111905
0.638870539
0.012661889
0.759246083
0.210049052
0.451698569
0.932383914
0.880080993
0.275409491
0.466206155
0.494290183
0.014769507
0.693910234
0.989992048
0.069563759
0.761979925
0.91798747
0.534720189
0.907332428
0.368080848
0.707979714
0.536599682
0.641309674
0.070830718
0.178965693
0.096294933
0.415103961
0.031218582
0.908991738
0.625042139
0.643132198
0.523515668
0.415639331
0.143308728
0.646498744
0.247309621
0.337473228
0.303034215
0.46779436
0.627115851
0.451252206
0.870198942
0.914301243
0.405447079
0.295524927
0.259919107
0.980628741
0.622376706
0.718744724
0.617939616
0.401606775
0.751386211
0.613634685
0.108235454
0.127010589
0.070371074
0.073925477
0.263913172
0.521717945
0.450013641
0.033153099
0.040841968
0.022520603
0.572645012
0.680239216
0.131976984
0.710658236
0.376210591
0.993209425
0.351255835
0.911844482
0.11999354
0.836239424
0.756370665
0.47339519
0.15510835
0.474718338
0.730885051
0.401979239
0.578406602
0.502497893
0.827843097
0.100800536
0.824755294
0.100269532
0.809934363
0.64559634
0.858032054
0.686205823
0.318730507
0.348335322
0.077289099
0.577582568
0.234036118
0.120521783
0.186870709
0.673959944
0.655590466
0.31177549
0.216590068
0.458433344
0.788935889
0.879170173
0.156129323
0.641438569
0.748668917
0.332323398
0.458987854
0.250139511
0.572834544
0.671457114
0.767436277
0.600941822
0.862572065
0.329285308
0.714251248
0.118781988
0.829437694
0.504289416
0.560524179
0.653524264
0.761974001
0.181337265
0.384359216
0.063236628
0.42672489
0.123449745
0.455900305
0.393436902
0.699022117
0.603612973
0.362926674
0.986618978
0.422543678
0.368846572
0.647771456
0.770456119
0.686952036
0.186651513
0.933965201
0.058169522
0.456839519
0.470488023
0.068004504
0.137683772
0.669462723
0.878858729
0.37478733
0.402996197
0.526152852
0.615476261
0.61985371
0.752578726
0.754183707
0.037443535
0.854473233
0.611500167
0.459230875
0.111358603
0.703263494
0.452840084
0.856476269
0.283463203
0.264168255
0.828454726
0.68200391
0.853564171
0.864333839
0.832085727
0.977938719
0.21322258
0.569256564
0.886023765
0.543890475
0.514570929
0.623901656
0.499968763
0.835513729
0.655807696
0.14150038
0.497083464
0.742406518
0.130643132
0.934432287
0.174306851
0.366255522
0.309207437
0.457166868
0.993871593
0.240733547
0.171467153
0.260918376
0.223533685
0.129239013
0.420432241
0.456634458
0.835550656
0.108230962
0.508815683
0.548208055
0.754516918
0.831718562
0.577502463
0.6237717
0.376971463
0.79632122
0.397030536
0.437547459
0.646423951
0.763570781
0.980833059
0.214252999
0.036828726
0.076933076
0.793405244
0.145307425
0.293600259
0.608990498
0.932646845
0.773109513
0.710919741
0.324593866
0.568844606
0.539134993
0.970465839
0.768748072
0.37453547
0.531979613
0.49754152
0.601031236
0.273798076
0.761724769
0.616979506
0.51404071
0.550907635
0.945291645
0.305680858
0.146084614
0.674968386
0.961248287
0.922042423
0.770217597
0.969298537
0.470624811
0.842784822
0.078297835
0.818406597
0.902094389
0.585124819
0.768135843
0.268592273
0.56396077
0.997178718
0.330363692
0.448264989
0.661964607
0.898009987
0.537898846
0.497188822
0.045676386
0.247053416
0.490069602
0.336531531
0.421112619
0.893336709
0.621620325
0.065339578
0.913226401
0.941218297
0.983018305
0.021927231
0.157034969
0.070929124
0.942569546
0.499626473
0.04198656
0.403195115
0.434530952
0.729283242
0.049147316
0.306863013
0.334794042
0.990597034
0.934666617
0.342507419
0.805805588
0.904653749
0.194367427
0.561727598
0.203955747
0.724579662
0.39639925
0.211637698
0.098561078
0.012026187
0.386736128
0.305428828
0.631277584
0.630930002
0.696512465
0.491926893
0.913115006
0.668335615
0.392923752
0.306452273
0.172741156
0.941056119
0.407868938
0.389175426
0.476433835
0.778635401
0.476681647
0.727697304
0.241595358
0.419021756
0.842679974
0.76552162
0.120159873
0.692240085
0.075795926
0.314766163
0.233098315
0.670524671
0.23304132
0.808595045
0.565470648
0.45123589
0.171934566
0.713073407
0.352349571
0.150141615
0.683630042
0.961680129
0.564965969
0.996152384
0.336200066
0.46717966
0.292168409
0.649306023
0.958422999
0.857012471
0.638514485
0.810301365
0.03507523
0.505884484
0.797255454
0.195484278
0.822640761
0.741556495
0.410859049
0.55122652
0.593102361
0.988077005
0.570186769
0.673046983
0.600640985
0.068932097
0.936686271
0.30049199
0.42816038
0.900610332
0.761804056
0.832849537
0.941190852
0.716720696
0.384387561
0.545060049
0.661023146
0.666403229
0.918499419
0.211515095
0.834004017
0.650085029
0.191722265
0.173719406
0.051380622
0.862873343
0.386756046
0.779815096
0.921260378
0.440882513
0.160189706
0.020139342
0.547561912
0.523039722
0.573355516
0.71125892
0.002873503
0.609671862
0.834694557
0.061863465
0.895657322
0.977918213
0.564313951
0.537483501
0.885195826
0.680681067
0.683384905
0.402401722
0.078012298
0.489973988
0.270509294
0.660284705
0.347485851
0.737859611
0.386248021
0.408769643
0.912977645
0.035708121
0.562743583
0.856687038
0.363248357
0.371959892
0.92224263
0.369457512
0.169042802
0.896608167
0.721061395
0.099551268
0.086078223
0.859244882
0.334128326
0.87680689
0.783294347
0.101333239
0.359058169
0.517407282
0.277162607
0.133813469
0.631237015
0.539578579
0.93205537
0.204867218
0.911111718
0.517346288
0.871783366
0.423994688
0.295179381
0.885950749
0.143859639
0.072557973
0.667327879
0.741491337
0.704835743
0.19806954
0.13906946
0.123441328
0.284143821
0.763989024
0.998283786
0.070394765
0.570975636
0.888506858
0.619846973
0.753045164
0.826160173
0.580287512
0.818818969
0.459448402
0.757831808
0.772995847
0.765531504
0.998398744
0.472155263
0.07150473
0.944644357
0.661060044
0.342457317
0.543115149
0.991538643
0.90008503
0.527502258
0.901117147
0.374507588
0.554016725
0.270505972
0.270306523
0.45280128
0.345490754
0.959233138
0.026481521
0.591904722
0.649579018
0.743903524
0.462654611
0.408412557
0.807735658
0.877835428
0.781432091
0.522669169
0.071057883
0.334165306
0.194853712
0.921098628
0.389335199
0.523090324
0.711670442
0.596707806
0.350426017
0.755372027
0.303156981
0.839188094
0.573754647
0.541677388
0.912720346
0.078571341
0.928223969
0.328389777
0.022112084
0.678407708
0.586916225
0.088076276
0.991929527
0.165966952
0.49078338
0.958245434
0.489142689
0.426992276
0.549296518
0.391747257
0.760107543
0.459046719
0.086058629
0.600103868
0.690345974
0.026815144
0.222445249
0.46163109
0.8890334
0.810839203
0.913791665
0.784986594
0.999325641
0.454215652
0.662390179
0.652335876
0.674155135
0.716819901
0.436367947
0.388662953
0.990316385
0.379563941
0.867420846
0.905041044
0.319547818
0.040676487
0.451170849
0.427732582
0.424359568
0.435931575
0.886203151
0.460087826
0.87557301
0.470585763
0.617608577
0.872958126
0.593480546
0.852163496
0.550791524
0.632721005
0.330021004
0.870699413
0.289951979
0.574913566
0.873434461
0.191514104
0.810395968
0.453713656
0.923044082
0.782621341
0.95225309
0.671496049
0.606049384
0.10866521
0.546611005
0.699819659
0.404218904
0.678978215
0.42382432
0.058353825
0.148459648
0.132100665
0.011945663
0.953292718
0.03663194
0.654607469
0.143890226
0.485691829
0.664854842
0.631334209
0.720886163
0.514328068
0.49407022
0.552349822
0.887789506
0.898364546
0.815611308
0.000722879
0.957877535
0.441125303
0.409633863
0.398645427
0.383265209
0.901614699
0.402892536
0.450740523
0.254622357
0.213380647
0.978193919
0.84548419
0.212945644
0.839355947
0.94862629
0.187346728
0.734063826
0.468367618
0.433224366
0.60143099
0.65017824
0.193441654
0.395592441
0.990911013
0.235564137
0.062673251
0.80887963
0.976270451
0.060957463
0.058730542
0.158278137
0.92384909
0.947792118
0.077169196
0.570393301
0.161400688
0.069817311
0.630591417
0.760671697
0.572994772
0.470184219
0.709229797
0.418347049
0.375368962
0.38903687
0.858914465
0.996280489
0.738324738
0.58774677
0.154635619
0.733514041
0.41746539
0.159912911
0.221243071
0.828986797
0.509269734
0.802670257
0.619491922
0.61558119
0.139308003
0.89557137
0.003140738
0.20866261
0.179493798
0.961210492
0.325297568
0.519351617
0.506596385
0.324631432
0.067640867
0.320269754
0.98066486
0.941904224
0.765877546
0.077911224
0.119970834
0.834941845
0.909206058
0.253462
0.921406128
0.098945312
0.81238892
0.835496567
0.572541084
0.518575048
0.630082549
0.887499824
0.262161042
0.047631155
0.943933294
0.998807019
0.353770384
0.498979451
0.197718425
0.897508196
0.825826218
0.51594035
0.284796018
0.720269573
0.956954956
0.50315079
0.173926616
0.538831515
0.570654144
0.494753047
0.21589731
0.640938391
0.142967057
0.268274866
0.197374291
0.529894064
0.077665093
0.412341137
0.947015442
0.166153572
0.721395819
0.643545458
0.352767127
0.303520572
0.487078022
0.034336957
0.58022342
0.553200053
0.915754674
0.232308689
0.935946719
0.262854499
0.39917141
0.83887226
0.146386605
0.664171297
0.873629077
0.126068738
0.387676087
0.934321531
0.149997819
0.859138751
0.926112856
0.795866055
0.573816605
0.296319336
0.549089283
0.115676515
0.144860471
0.211749941
0.967870493
0.932905805
0.697098707
0.313472691
0.45666893
0.059699719
0.991536512
0.513603018
0.816294254
0.891607356
0.428960132
0.579526861
0.724713885
0.538316579
0.534886947
0.584571409
0.197416303
0.458484611
0.485171448
0.201215876
0.752188007
0.352475846
0.100038467
0.597951532
0.181086233
0.183962143
0.537841701
0.967460159
0.152184399
0.594480878
0.649635125
0.437175628
0.101183511
0.201385923
0.986290869
0.09221921
0.948909434
0.854171668
0.034523762
0.367384618
0.315542232
0.310668879
0.948784215
0.355115506
0.203644273
0.80514159
0.324910013
0.022965595
0.891812455
0.679032674
0.496448807
0.827002418
0.222896642
0.632951422
0.332956922
0.848618815
0.800276924
0.102581232
0.44961777
0.257795862
0.802231721
0.041321285
0.207128576
0.887573622
0.239682457
0.188771557
0.605939524
0.420069748
0.96631031
0.594093287
0.537396125
0.801543726
0.952150026
0.593893899
0.192153825
0.003250913
0.374258658
0.044730861
0.947628289
0.964284852
0.723486913
0.030622102
0.674634142
0.715738316
0.838546972
0.229733219
0.903655862
0.128370553
0.870702216
0.991006641
0.531166842
0.430160036
0.241344886
0.211892393
0.645603486
0.837451247
0.565793479
0.137795995
0.991269591
0.963712288
0.213700071
0.999080033
0.375698553
0.201574667
0.583913361
0.954780111
0.194661386
0.293815526
0.598543792
0.197434643
0.127613334
0.328112852
0.185633247
0.043079621
0.326435339
0.190707067
0.272534362
0.641093214
0.427851847
0.028268383
0.01402005
0.268498456
0.917854458
0.524412566
0.386762383
0.068520327
0.595705451
0.355804462
0.066756924
0.7975714
0.976197308
0.476991321
0.770991218
0.377932897
0.655629321
0.038482145
0.180581058
0.210320399
0.678564116
0.828611908
0.531615795
0.016142487
0.127294313
0.701370036
0.787432226
0.902532367
0.655156431
0.138532627
0.352859885
0.550597179
0.288694749
0.245075436
0.803343003
0.116675202
0.980787809
0.319846714
0.92425714
0.2089872
0.136857273
0.49288591
0.11677121
0.038302055
0.882246923
0.954900831
0.591376367
0.703961909
0.127344037
0.984023666
0.26883384
0.732889829
0.561161514
0.225569225
0.569048982
0.556544886
0.272289906
0.235240922
0.256489375
0.457780386
0.495934297
0.883244783
0.755525375
0.282119155
0.213321188
0.30556017
0.932302654
0.456378645
0.838580735
0.894072451
0.200976102
0.297094307
0.492370064
0.289499596
0.524444389
0.943433135
0.520122047
0.409811173
0.097543855
0.527129831
0.572330155
0.198784291
0.476679132
0.940682193
0.755501976
0.150029567
0.690131186
0.710321447
0.691137124
0.569998346
0.95696419
0.400082439
0.373221462
0.791465123
0.897858096
0.805912134
0.736173611
0.198964044
0.79616798
0.17686564
0.503292777
0.916953069
0.483943828
0.738803401
0.760801207
0.319250172
0.315784474
0.996574417
0.245933658
0.881150586
0.573559791
0.412169084
0.452040725
0.649944344
0.239173067
0.854127301
0.364559899
0.919347393
0.033110513
0.166352354
0.340792527
0.495088789
0.432620809
0.723883482
0.064911468
0.282863549
0.035565423
0.554569336
0.102952801
0.813000568
0.658362594
0.589291144
0.834323809
0.542135955
0.664843083
0.273982539
0.885220311
0.860609069
0.065550133
0.106792884
0.386643998
0.437865512
0.105695899
0.049965355
0.907619975
0.389638796
0.876252859
0.534833704
0.5521878
0.09750135
0.847769642
0.646367784
0.364346195
0.13725339
0.093275519
0.513345298
0.453679045
0.737356324
0.892541418
0.801764197
0.757375135
0.207239229
0.004458781
0.537167016
0.68161586
0.975174747
0.079134602
0.984041254
0.290265418
0.555572732
0.417103199
0.787526494
0.347393815
0.512810382
0.936410294
0.524199067
0.162314527
0.893606584
0.525410969
0.505373056
0.070496012
0.041140079
0.956991725
0.78303437
0.170420113
0.135131654
0.544085849
0.936575593
0.381029792
0.61593452
0.551724958
0.167788639
0.490334363
0.835965425
0.713982916
0.875803201
0.821996567
0.242551783
0.162515435
0.434789791
0.304844898
0.851419159
0.606790308
0.000955873
0.894630245
0.3665845
0.582880143
0.878760991
