0.869894071
0.513872841
0.878900473
0.820763686
0.195527169
0.068186971
0.787406746
0.014443864
0.01993302
0.268901931
0.566815147
0.566565278
0.367094092
0.987610532
0.912337361
0.788455958
0.345983798
0.409795908
0.334382044
0.058982242
0.521297393
0.707020859
0.987340367
0.184471334
0.084578518
0.344943871
0.066626774
0.087459616
0.25255436
0.304491096
0.016976374
0.789793614
0.717157419
0.671058713
0.962054291
0.080443431
0.002864354
0.124358477
0.459863606
0.156709643
0.561058592
0.220561786
0.869977075
0.37965586
0.260451096
0.257022985
0.276561718
0.461176375
0.89962308
0.26572193
0.093554553
0.168444804
0.97119251
0.98126414
0.515733239
0.383958526
0.65405958
0.470191851
0.713134045
0.626030995
0.337919074
0.824825797
0.865727161
0.423116732
0.70085608
0.741368925
0.653631453
0.510419687
0.102401943
0.562097196
0.064901872
0.029581124
0.744808469
0.272602976
0.232962659
0.595120209
0.601269523
0.589032181
0.001022251
0.49698715
0.426124942
0.736124249
0.07522028
0.659736853
0.00796793
0.124805313
0.603779816
0.28100483
0.054037421
0.642486196
0.57110337
0.314155805
0.593075316
0.067796521
0.232837573
0.178951085
0.607211684
0.816971462
0.369744582
0.078645052
0.316798763
0.554462071
0.985752513
0.372219128
0.877373282
0.735070314
0.304929847
0.29936352
0.365448531
0.254830668
0.263580449
0.196903745
0.835083792
0.060669869
0.930557797
0.957448653
0.371189213
0.50816928
0.484835447
0.179015378
0.939658043
0.781866512
0.663196248
0.182984564
0.25012374
0.117750424
0.434874412
0.953751303
0.05225581
0.58206022
0.426805959
0.39702116
0.8853854
0.769698837
0.452585893
0.535075103
0.831555313
0.243810305
0.324831919
0.909320257
0.303844735
0.209374017
0.00040301
0.777943221
0.290095905
0.684244231
0.873264674
0.261814288
0.480549961
0.66549556
0.462264422
0.360228885
0.162727194
0.846741178
0.910045094
0.633264831
0.552180646
0.154778962
0.1230822
0.175291748
0.698587231
0.921253788
0.781803147
0.166469445
0.598381946
0.18061507
0.75695248
0.731351183
0.995796931
0.11969799
0.66295688
0.609112109
0.703768922
0.71931974
0.709531975
0.889633538
0.88828991
0.498800914
0.098889003
0.563364292
0.221924397
0.930853069
0.236712769
0.075026852
0.124032932
0.981615526
0.881995604
0.147375862
0.633166355
0.977901176
0.59217231
0.449884943
0.345529889
0.129671382
0.938750226
0.236367496
0.462789301
0.086522209
0.404604881
0.062464216
0.360862593
0.439751506
0.945321191
0.215235164
0.138430554
0.561957283
0.874131661
0.180120021
0.933582669
0.778135227
0.269508636
0.488707882
0.434272542
0.658622545
0.605454337
0.119820599
0.401170349
0.717587417
0.521951988
0.432958287
0.921700216
0.925297073
0.363592645
0.663009457
0.041360497
0.858907682
0.391416442
0.059513111
0.842199168
0.089085067
0.984957979
0.152247522
0.791891663
0.488619376
0.303507987
0.889161958
0.032491768
0.147391185
0.523538851
0.068778394
0.408659229
0.099083788
0.335495537
0.428026771
0.83856621
0.883197666
0.193152473
0.945278775
0.427958106
0.469650311
0.36738575
0.378680394
0.501861094
0.817295042
0.992634273
0.220417453
0.01828951
0.601774752
0.253930274
0.224462089
0.860198663
0.208292762
0.691832955
0.219956999
0.531429191
0.47733181
0.24696358
0.060300817
0.854996999
0.703050985
0.085014628
0.395357743
0.039010128
0.734178238
0.62490052
0.763688265
0.252753189
0.418231496
0.701391678
0.900201496
0.164012552
0.881319369
0.407320872
0.952305135
0.456206348
0.134801628
0.921051304
0.919469672
0.04557994
0.792712463
0.156678598
0.712578793
0.745649607
0.196233209
0.994092083
0.807203452
0.471276503
0.233858241
0.77674695
0.099516727
0.719572448
0.440198402
0.943030856
0.835584429
0.10196862
0.262931298
0.158810593
0.933257016
0.746390243
0.760158244
0.998110669
0.976160409
0.627136749
0.237389434
0.551427422
0.333981999
0.297722041
0.219609936
0.45066804
0.988781897
0.724286095
0.643493118
0.270348842
0.546996159
0.163423608
0.945773819
0.876325479
0.972677169
0.093523893
0.65486521
0.200705686
0.477005965
0.871571692
0.275928767
0.481276306
0.71066048
0.950633408
0.650620562
0.700875291
0.275093581
0.889057272
0.514588809
0.079070797
0.685255721
0.520647671
0.737069696
0.599213573
0.745346946
0.441830129
0.313661821
0.897140373
0.134613953
0.237815812
0.523112414
0.453257007
0.092173306
0.439774305
0.367597424
0.316689861
0.046932067
0.330902149
0.047653774
0.150710562
0.322679104
0.615966169
0.237034912
0.264195551
0.599788785
0.115580352
0.56733046
0.311890346
0.225816319
0.590010648
0.834725157
0.268746078
0.203283957
0.211017973
0.628783531
0.185012333
0.033003179
0.17654263
0.639351082
0.327482802
0.915803793
0.230179648
0.775120286
0.919242926
0.586494867
0.748160069
0.45831009
0.184471599
0.472457259
0.63890448
0.011552349
0.285569591
0.575028701
0.301680657
0.948654979
0.097901774
0.903594219
0.359173279
0.8708276
0.217965693
0.479272756
0.158967974
0.371488926
0.318522499
0.262200372
0.052621097
0.739773329
0.113630682
0.673560226
0.098899148
0.278753616
0.043012856
0.586246827
0.886249501
0.284029786
0.87078581
0.157760591
0.364657964
0.781816895
0.243773981
0.468827088
0.837762093
0.565796183
0.222381604
0.515690938
0.113003644
0.153691579
0.132781195
0.797965033
0.7809102
0.672676007
0.006101428
0.573150338
0.10160677
0.720655203
0.823562294
0.899072723
0.50570988
0.677465236
0.135629876
0.155674258
0.863256735
0.772072797
0.883067224
0.75683619
0.612473676
0.411439586
0.503737425
0.476677372
0.280566201
0.316961476
0.960016849
0.504192288
0.533776414
0.593971289
0.312727103
0.034447094
0.197984651
0.32330942
0.286993762
0.771428866
0.520663573
0.827838714
0.677780846
0.318600894
0.062989303
0.638067602
0.619994009
0.436641987
0.034326533
0.396659986
0.451478225
0.954816458
0.383333275
0.975399939
0.083161969
0.566867906
0.030195158
0.30089114
0.903478809
0.712465965
0.471575741
0.300820634
0.653831158
0.683208233
0.18540829
0.305600785
0.927302928
0.866811319
0.655999816
0.871173746
0.141194149
0.928071988
0.057296658
0.572612053
0.173367254
0.932510427
0.387459497
0.093314884
0.676864334
0.780003377
0.457306253
0.105364044
0.165245231
0.644806022
0.723054412
0.009033357
0.737599424
0.685483945
0.068785754
0.574363683
0.221396376
0.704718433
0.880950265
0.453064081
0.864324702
0.793850164
0.521540895
0.025858508
0.790461123
0.759122466
0.70825594
0.898288977
0.074299229
0.264429746
0.610092379
0.052431582
0.261473788
0.060810159
0.808392306
0.382262005
0.084121378
0.843668041
0.479846426
0.224428799
0.995821547
0.110572271
0.795481205
0.491316219
0.257291599
0.974946494
0.258859807
0.722306087
0.23651817
0.797192832
0.678275786
0.425347915
0.624941395
0.832568243
0.539535757
0.181135799
0.60602515
0.32670417
0.755198275
0.62711193
0.989054772
0.120259845
0.117161046
0.079048763
0.832332436
0.778099365
0.555041609
0.71454337
0.471919901
0.265603335
0.48369315
0.357154935
0.324471817
0.7440497
0.314724896
0.071734795
0.241108379
0.773241015
0.22772855
0.293985478
0.004336133
0.968421353
0.335501712
0.639618326
0.182397104
0.844791843
0.984561584
0.392048243
0.637210817
0.732792867
0.447990569
0.881666056
0.182931325
0.155068212
0.705219799
0.817912154
0.333759776
0.823896252
0.958832183
0.881449671
0.479901707
0.559429582
0.417585569
0.370241364
0.02780464
0.775892221
0.94487192
0.39188564
0.818799817
0.581455657
0.277058128
0.643309555
0.973699359
0.414635011
0.784959733
0.476364683
0.109800421
0.556479033
0.732199434
0.540857323
0.968890709
0.462430395
0.019225658
0.823162361
0.44251433
0.855387035
0.879541618
0.219472514
0.398232207
0.711889498
0.24270938
0.998745955
0.811611211
0.704657688
0.124919564
0.459718373
0.679570006
0.123724411
0.577547325
0.789436774
0.561380438
0.209857314
0.292603351
0.094497206
0.963327917
0.760334207
0.900678055
0.281597252
0.075387042
0.516368459
0.949670042
0.915560709
0.092714398
0.230368727
0.33526225
0.612092854
0.993698721
0.614704868
0.504349467
0.828630259
0.170996931
0.831867944
0.951258888
0.533582441
0.791754698
0.81550756
0.245329459
0.671159654
0.613751205
0.004407378
0.051834365
0.794560944
0.133611001
0.427406054
0.501317833
0.56033013
0.970971994
0.862340897
0.332173133
0.041005423
0.731203731
0.55973495
0.653887712
0.533933012
0.68355314
0.403117206
0.715799929
0.486748691
0.990526719
0.595192191
0.642130249
0.23436657
0.237105409
0.229756895
0.056360214
0.185163137
0.238280415
0.92967527
0.672557797
0.007348099
0.41687584
0.870192733
0.272493588
0.991205986
0.033019817
0.970388212
0.290635976
0.735613196
0.628740528
0.176641588
0.829810035
0.518161503
0.65481216
0.461053756
0.743630715
0.161088746
0.997944293
0.799781494
0.700268071
0.178785921
0.514137922
0.331777736
0.716045348
0.417256929
0.846213928
0.017677713
0.698194989
0.067995997
0.936555232
0.80846814
0.486302798
0.756710391
0.047549655
0.573040143
0.555408845
0.503318099
0.045706853
0.430563365
0.091794281
0.400207317
0.163001045
0.332210267
0.334660016
0.955210652
0.8499382
0.403866349
0.737291701
0.040236214
0.768272688
0.232356387
0.384240838
0.519806956
0.259264222
0.532081324
0.89853277
0.345157919
0.448265747
0.676510975
0.092453648
0.481535037
0.6218568
0.776755074
0.798078387
0.653683459
0.286198918
0.206986766
0.626496379
0.405805775
0.740247366
0.297529318
0.561170096
0.188608207
0.2951917
0.825257416
0.923690776
0.528838618
0.568620022
0.828605801
0.077981967
0.925686321
0.06735237
0.506144844
0.733226649
0.486721206
0.818620546
0.824465455
0.24818991
0.077578864
0.766407455
0.93894064
0.037936032
0.773610617
0.947027172
0.660164076
0.554395896
0.81321509
0.072219905
0.269396886
0.1647289
0.729077631
0.192915301
0.152859651
0.279016809
0.454158337
0.905423551
0.66560636
0.966718746
0.896043063
0.386058027
0.21913333
0.600874807
0.003325353
0.861901381
0.694336356
0.362412577
0.528308708
0.757165385
0.940014405
0.978873559
0.881801571
0.57631847
0.834896787
0.944969166
0.909890324
0.417537041
0.218912463
0.608309652
0.722931406
0.922446707
0.982136862
0.231176168
0.138558984
0.035506223
0.584461454
0.073522545
0.233973618
0.743586568
0.434542514
0.147385846
0.32302192
0.740881863
0.773645578
0.418372335
0.675834175
0.46383715
0.07653696
0.394260682
0.771594225
0.750009362
0.20922434
0.782992082
0.756748867
0.33272034
0.009973315
0.164698338
0.154533888
0.195852323
0.623749291
0.730385791
0.3974766
0.851488693
0.843305453
0.97213103
0.885486128
0.458940963
0.550894121
0.171084378
0.688342888
0.093475199
0.10634937
0.730048852
0.333113017
0.855612119
0.491593455
0.416266678
0.039768866
0.695074504
0.250217289
0.809758502
0.315893485
0.107629715
0.438720276
0.800215849
0.495162555
0.927048079
0.527854421
0.273555385
0.29646391
0.694189414
0.102232468
0.870503816
0.939644042
0.116612593
0.439412212
0.103044029
0.055388495
0.464136742
0.887288665
0.621304075
0.547732812
0.014939559
0.79212298
0.565291162
0.145951509
0.856585264
0.907650283
0.682956629
0.921765109
0.791520796
0.616526756
0.078911275
0.470174313
0.398019648
0.722978805
0.894560374
0.551311312
0.263593949
0.874014775
0.188679062
0.079327357
0.625521889
0.646659867
0.518369867
0.071731816
0.80418413
0.467530343
0.584981967
0.611930483
0.969977618
0.997622443
0.066997724
0.58454908
0.356722707
0.398684372
0.056382336
0.11780996
0.242021637
0.900244331
0.001389016
0.663407627
0.420636579
0.524504943
0.115026837
0.399903016
0.792495633
0.301678464
0.248350841
0.870608338
0.181898262
0.534746453
0.284531919
0.493474747
0.434798463
0.036118625
0.071839147
0.557286961
0.383042648
0.526810427
0.962985577
0.6206142
0.521852605
0.54498517
0.992989939
0.590076345
0.508783617
0.132394142
0.046727062
0.215858144
0.371156401
0.621365719
0.291099509
0.859590652
0.580007046
0.763225738
0.256859125
0.207060176
0.620829442
0.63706612
0.025617129
0.848804378
0.818389302
0.582059964
0.390712533
0.095951889
0.883499268
0.920464754
0.358554714
0.776366764
0.493862304
0.787068728
0.381485398
0.633231619
0.503897464
0.030223142
0.082684363
0.941660874
0.521186128
0.791307486
0.425862194
0.28840373
0.427758013
0.440386643
0.587117894
0.090339454
0.753156443
0.480311612
0.728730183
0.920237017
0.890857637
0.637665432
0.524326937
0.344378896
0.43964508
0.23975813
0.466965845
0.446690299
0.554403807
0.652439058
0.374534222
0.322828569
0.733764047
0.059209651
0.774599792
0.747655119
0.345784428
0.21985638
0.12072549
0.012516077
0.523611587
0.607963167
0.420328197
0.441155933
0.296877509
0.489867761
0.573123281
0.726248113
0.359982075
0.917105457
0.984666975
0.70998919
0.763459573
0.280089934
0.254763566
0.140673522
0.230666207
0.664264799
0.522381799
0.12614502
0.585563309
0.671370823
0.776319448
0.75592765
0.597555306
0.4317795
0.901657341
0.750280985
0.342356398
0.860184137
0.810275115
0.912781828
0.948243737
0.679112055
0.726303912
0.063736215
0.732617062
0.624739601
0.898282856
0.211152741
0.652876541
0.66489878
0.904093815
0.787433258
0.859572279
0.001325073
0.018449648
0.940867048
0.351256161
0.696951112
0.363489807
0.198270423
0.061974114
0.387784781
0.750013967
0.112405766
0.169026103
0.500344961
0.599686191
0.466702418
0.999499447
0.319289978
0.556716668
0.545390222
0.434861851
0.056856448
0.262349314
0.794475625
0.033314247
0.875508878
0.830415318
0.545759194
0.884445312
0.123566957
0.366730914
0.563049146
0.140243036
0.118618281
0.926503774
0.594199541
0.008734592
0.090022542
0.353693613
0.689369273
0.134587004
