0.58561507
0.558408924
0.199753187
0.127506851
0.604973839
0.609131348
0.077809836
0.300308646
0.639150926
0.933892955
0.858069894
0.020540667
0.18108686
0.750264032
0.41257782
0.656688073
0.583461915
0.638946898
0.641364424
0.279813558
0.729751058
0.781038397
0.976100055
0.032376719
0.021034864
0.473999991
0.744387123
0.536646907
0.946867121
0.477982456
0.483620887
0.487103857
0.319259323
0.133387631
0.122042787
0.478952534
0.653433864
0.425506398
0.521190112
0.952749987
0.046452297
0.253791672
0.021425021
0.568795533
0.801427746
0.698001657
0.656171374
0.277841973
0.653011386
0.042343948
0.996599352
0.118509315
0.79739448
0.635288769
0.845366644
0.780657406
0.165428339
0.152790513
0.907407681
0.952444302
0.613889645
0.248147423
0.282426866
0.041109967
0.770051251
0.022696821
0.106734263
0.021903078
0.54155867
0.20061086
0.133353785
0.575479425
0.436805867
0.438758921
0.293071113
0.035617575
0.499589978
0.285408015
0.695860405
0.994827461
0.819870455
0.648055375
0.177079473
0.60213894
0.277043518
0.389207431
0.308410266
0.4360986
0.314438296
0.517180968
0.90327803
0.573534596
0.379485187
0.169238072
0.640138742
0.998781883
0.936574436
0.670031558
0.209864756
0.172510069
0.793290565
0.635982184
0.325430619
0.892664473
0.472418115
0.843872387
0.607077247
0.707723666
0.88321404
0.645370311
0.203203987
0.097507043
0.256642052
0.543554205
0.805535928
0.744782979
0.366166829
0.724294485
0.686325115
0.230962234
0.342515627
0.754539298
0.147378086
0.983405566
0.62594924
0.817897088
0.758609311
0.133302233
0.386233245
0.090281794
0.465818018
0.661138757
0.667640594
0.856497468
0.521288058
0.329309556
0.407384229
0.499783216
0.955399039
0.201202256
0.179673814
0.801538196
0.69264198
0.108074264
0.033093584
0.421102538
0.092365243
0.343317594
0.803865692
0.138168384
0.228993161
0.096839803
0.326678904
0.720767465
0.208505229
0.727715031
0.614635135
0.226223302
0.565654692
0.522426804
0.412849025
0.583273304
0.468847688
0.476547622
0.945464447
0.763956982
0.990225557
0.378843962
0.907546778
0.191602716
0.840676812
0.583074607
0.167170767
0.752570576
0.906825154
0.784299538
0.884463181
0.468266495
0.106912464
0.01913391
0.023403087
0.195936974
0.603470333
0.348584552
0.19085638
0.546458921
0.769961362
0.844537657
0.592346899
0.426324284
0.424614299
0.194712806
0.488264117
0.365973168
0.005832502
0.575475705
0.28353989
0.91621243
0.277602955
0.10553199
0.911324674
0.726502529
0.129814701
0.092372818
0.827063496
0.761802718
0.129231777
0.555422383
0.873311212
0.475448736
0.06750463
0.636471578
0.053040872
0.227126626
0.433832951
0.836612664
0.64133581
0.223228971
0.185089644
0.398753802
0.009751338
0.498998128
0.941170608
0.197410781
0.762395679
0.086796766
0.834621316
0.236664125
0.558744935
0.603721477
0.669795462
0.150359514
0.435141908
0.300324474
0.47722257
0.625637669
0.958071259
0.886526197
0.825865948
0.736608026
0.650598578
0.928119552
0.559463788
0.182152145
0.856232715
0.227028963
0.63069186
0.006518747
0.787439602
0.461982372
0.657606438
0.27796443
0.196408121
0.70041336
0.040923273
0.612469728
0.902843802
0.078582433
0.995531021
0.157176907
0.731766964
0.238617687
0.246439483
0.483352993
0.523299058
0.604764367
0.067032157
0.120200808
0.99015033
0.666780195
0.894097114
0.113859381
0.999723136
0.25379986
0.817252672
0.337285566
0.573034894
0.930728373
0.141846
0.945125775
0.582779374
0.612115837
0.327971105
0.864499814
0.715319083
0.637153443
0.181900399
0.086060468
0.543412736
0.903711732
0.976440541
0.694890644
0.749369995
0.001996522
0.639348673
0.023598511
0.07603617
0.66558729
0.377422764
0.067123108
0.708813695
0.034754613
0.059396163
0.433740596
0.58547297
0.521284433
0.444729152
0.106461853
0.857990577
0.821392522
0.940336162
0.217709555
0.74482215
0.8631306
0.010922538
0.35353098
0.562964993
0.967933391
0.218870075
0.335598966
0.789409326
0.39942247
0.098679586
0.757205508
0.430803749
0.718225614
0.483338944
0.703250307
0.972134703
0.234652099
0.004034083
0.683158446
0.280205779
0.598498138
0.554700251
0.049660556
0.281408438
0.986563236
0.40957116
0.288274006
0.951293073
0.846809263
0.669235993
0.305399719
0.980700618
0.523672566
0.637078876
0.979967609
0.649301096
0.730393603
0.047964032
0.63794051
0.38709226
0.75254875
0.921586371
0.674800739
0.920641765
0.139649649
0.488502649
0.28336237
0.08373824
0.601759569
0.903681852
0.818925936
0.34838877
0.264159964
0.407951688
0.729668448
0.519960843
0.874626191
0.25883409
0.130884386
0.916969111
0.901140933
0.275205236
0.170678959
0.996643554
0.746350695
0.647678947
0.856767026
0.070684735
0.254731071
0.46790834
0.107821766
0.949409117
0.186200953
0.39431318
0.354204679
0.140630729
0.911895982
0.179607418
0.532041274
0.645672968
0.003378974
0.540373734
0.843903872
0.784149198
0.198402948
0.568150835
0.08390391
0.803335232
0.964133991
0.470918725
0.045691643
0.612747067
0.800564478
0.77913438
0.080508073
0.766693037
0.888696222
0.039845142
0.916575936
0.426236421
0.466077836
0.890327292
0.877964929
0.009100396
0.714244357
0.177181715
0.654299738
0.755629447
0.695673166
0.388544439
0.177579273
0.636319128
0.038734561
0.878751973
0.844725746
0.143022173
0.423845156
0.482476838
0.524432244
0.262314079
0.295525389
0.104520736
0.309092043
0.481712036
0.037636744
0.175081566
0.418907142
0.526953549
0.047830218
0.850390218
0.220457012
0.850108747
0.458267921
0.751413205
0.423052699
0.272407328
0.943893775
0.530583173
0.913198176
0.25743688
0.785171407
0.919868136
0.302011278
0.69023711
0.351076389
0.352237686
0.929245014
0.030421895
0.497025133
0.455518045
0.939348913
0.506089195
0.509009926
0.549550087
0.41981504
0.004192005
0.621427336
0.828809382
0.056878419
0.457506486
0.405049941
0.734445593
0.174333937
0.566068858
0.196902468
0.260584186
0.663760358
0.327122669
0.906786432
0.728117017
0.849129015
0.346290095
0.471971114
0.97124609
0.517154886
0.572190199
0.393322358
0.021769957
0.757224493
0.951812838
0.063994719
0.90888073
0.511666885
0.265868841
0.007342644
0.998826885
0.773684433
0.172071623
0.736982251
0.090971625
0.418728594
0.787399669
0.633406536
0.000728603
0.480913816
0.73335697
0.735870427
0.825598134
0.824144297
0.224187731
0.930862511
0.662491308
0.6390938
0.286148449
0.574866181
0.418414161
0.826158146
0.841536767
0.166528477
0.067235559
0.123580807
0.294214463
0.588229493
0.293271821
0.915934645
0.805605004
0.345709662
0.294279254
0.288089399
0.41268983
0.004027192
0.77960798
0.870876474
0.043802253
0.904653089
0.397745327
0.786505245
0.715047569
0.831128286
0.48789062
0.237095173
0.74443143
0.593527985
0.858192376
0.661141914
0.839481841
0.806478938
0.202092939
0.496816107
0.941157675
0.11394837
0.468374067
0.398489175
0.174832052
0.511783824
0.469512453
0.1382152
0.487492165
0.057501869
0.05955809
0.032569486
0.252088091
0.322192355
0.357693064
0.300757399
0.999048364
0.094253922
0.894523676
0.537475557
0.820784352
0.153523211
0.245549121
0.237669541
0.297412704
0.499352725
0.497393261
0.657887871
0.042598103
0.997752775
0.080983668
0.317364674
0.453487405
0.795220769
0.50284286
0.895856793
0.12670361
0.68576873
0.242879402
0.316983851
0.483520207
0.412666286
0.812240891
0.060543842
0.832765183
0.573370618
0.33027415
0.618887863
0.461087322
0.788451337
0.156038604
0.322997115
0.055909755
0.902178716
0.733680383
0.1784355
0.77324556
0.498464832
0.438035884
0.167947708
0.48751367
0.743122306
0.707700603
0.768823326
0.014141123
0.932181234
0.410383772
0.494562387
0.875856893
0.441307697
0.768751887
0.167380021
0.643050779
0.08450584
0.838540644
0.60580341
0.052685173
0.780038347
0.858398058
0.182337262
0.814867333
0.497843333
0.85700804
0.807131986
0.133999854
0.348625169
0.179620782
0.545056653
0.050158259
0.120428106
0.247011793
0.29219865
0.021568891
0.374317004
0.256670096
0.616520781
0.600382567
0.014642293
0.520708686
0.152140925
0.876517587
0.839260005
0.73425401
0.029009934
0.408319966
0.465961896
0.74267695
0.292833542
0.40618524
0.160528131
0.124850805
0.158204585
0.402789157
0.23493254
0.752033615
0.768729423
0.818871521
0.699583395
0.318987739
0.869651022
0.365237761
0.537978648
0.381357562
0.872845454
0.896969537
0.985753616
0.780121417
0.426711881
0.838132378
0.388501483
0.871928899
0.852756877
0.470176926
0.761618348
0.466550827
0.414277853
0.358630524
0.18025705
0.299487271
0.800238971
0.934381658
0.863317884
0.022217883
0.385456629
0.477159576
0.479349353
0.427427519
0.395013496
0.73659005
0.588351256
0.898512963
0.799032304
0.104150033
0.182227541
0.319695614
0.190913446
0.843659842
0.52257882
0.555177461
0.107676095
0.889675259
0.151957971
0.921517826
0.038770601
0.766498551
0.137479107
0.642290948
0.190315554
0.133578218
0.498932136
0.282285534
0.060593895
0.5544021
0.217440273
0.784236761
0.640202963
0.685476237
0.936538417
0.49194301
0.398320863
0.508604563
0.413765437
0.892844219
0.989858779
0.743500193
0.09759951
0.822295671
0.826872879
0.993439782
0.249665517
0.386614436
0.655386399
0.508148916
0.870182329
0.707262568
0.044021669
0.980444156
0.875964395
0.379071237
0.350867242
0.359680838
0.195417071
0.682579383
0.940120736
0.178547899
0.781044574
0.049040595
0.220251453
0.458647866
0.348561659
0.355814957
0.159998429
0.978864657
0.745238632
0.909117348
0.071520122
0.358203236
0.990620162
0.740817511
0.554456557
0.11652022
0.552692573
0.807119793
0.512891388
0.66121515
0.618390181
0.763383063
0.027122764
0.845767569
0.930844268
0.798584332
0.344331157
0.644717742
0.961925091
0.402683566
0.505805725
0.36351215
0.973025728
0.234386312
0.261195616
0.263575145
0.452396432
0.822883815
0.195708512
0.810327508
0.362180284
0.526319594
0.701309054
0.952483645
0.275575739
0.016591016
0.334928124
0.641118605
0.183172158
0.289937329
0.228496957
0.077443457
0.393581356
0.785435902
0.495343442
0.777207447
0.003250387
0.777184656
0.962358325
0.109631246
0.796916707
0.669522368
0.226077198
0.026975304
0.014234004
0.232024613
0.70557736
0.465079685
0.633642639
0.007611668
0.245565581
0.755348339
0.708151046
0.663897331
0.838289375
0.4742681
0.097484167
0.908674779
0.405044559
0.080569892
0.02491755
0.708272993
0.698153553
0.250382142
0.98686485
0.093262277
0.719886965
0.661576365
0.225510843
0.44518961
0.475769937
0.91702373
0.193252503
0.023156548
0.193854656
0.302774651
0.771625255
0.372515691
0.128285815
0.012123577
0.875682893
0.128859729
0.120356543
0.729252441
0.738109862
0.020911024
0.159992066
0.327728962
0.176338201
0.235731694
0.774966568
0.847314063
0.2800926
0.016618153
0.014388203
0.105849865
0.278571564
0.147430237
0.860912307
0.847150436
0.331046264
0.948063193
0.675534046
0.093885893
0.021778715
0.283489333
0.204717679
0.626962357
0.572492781
0.738517688
0.543230198
0.527543298
0.246523648
0.148886832
0.950643709
0.07083958
0.262426003
0.478505737
0.548759517
0.704162791
0.072244394
0.410390291
0.018629415
0.006042731
0.132442146
0.20677867
0.037498441
0.702977593
0.562466205
0.826624597
0.718742277
0.204692539
0.070422054
0.088698478
0.997627224
0.619778674
0.49137343
0.386522396
0.840243851
0.796961153
0.721570847
0.807968013
0.080247092
0.657095723
0.062532424
0.707623138
0.532036826
0.63927263
0.484001913
0.279182554
0.026998123
0.661338449
0.540919911
0.480887619
0.700152789
0.220819373
0.511701518
0.432525437
0.196604784
0.623595994
0.221666771
0.425479753
0.894444212
0.005092367
0.622998096
0.896839344
0.609378863
0.095339885
0.472495913
0.466440715
0.479534707
0.89573829
0.921999791
0.556998668
0.506132907
0.702265548
0.842715812
0.574952499
0.565653897
0.00067342
0.773093297
0.855240614
0.361115854
0.499891225
0.357550072
0.13088395
0.629217087
0.808507479
0.046675219
0.273591804
0.481454259
0.257249566
0.906969103
0.193002766
0.810113272
0.803619131
0.596909618
0.146996016
0.406310823
0.088434315
0.176937559
0.381518408
0.843251359
0.985810897
0.465523805
0.826513387
0.983906814
0.012583786
0.888739976
0.069494716
0.64375725
0.312569556
0.136631653
0.16309106
0.22831213
0.389229554
0.553564003
0.521619635
0.405072927
0.780592831
0.520610879
0.939178997
0.774048061
0.165109303
0.436321943
0.726649181
0.661914351
0.894663682
0.963860574
0.989338831
0.287034369
0.93295508
0.43982821
0.279625859
0.019505674
0.873687847
0.516355841
0.187835696
0.826826175
0.04013859
0.203678842
0.796894455
0.361605296
0.925381037
0.857574261
0.399049515
0.680722777
0.769687687
0.148984959
0.397850417
0.450998902
0.130980843
0.704824375
0.757222721
0.405056458
0.905628856
0.727127528
0.933033349
0.783401504
0.725888884
0.094765639
0.270732738
0.103422767
0.987413091
0.388492788
0.531147515
0.028868119
0.866940161
0.725278475
0.959980187
0.646983629
0.35829917
0.539452026
0.03887798
0.532036124
0.220321337
0.01897308
0.946423262
0.430142679
0.389472815
0.566056924
0.422060581
0.870151911
0.327296243
0.277369452
0.355716069
0.395958395
0.597962764
0.516537964
0.88613544
0.516160142
0.059249079
0.134484499
0.707016271
0.701148766
0.294347696
0.140969956
0.015731643
0.404660946
0.923423349
0.016466376
0.068989745
0.051467316
0.793831542
0.115032035
0.43940161
0.086217387
0.623291596
0.892956667
0.507357816
0.281562766
0.084428973
0.863000512
0.80691972
0.656631062
0.061859271
0.81889094
0.133803687
0.299511399
0.331623709
0.502577698
0.390658433
0.423476881
0.53283838
0.909029465
0.105783081
0.693427391
0.73444012
0.117841617
0.224226673
0.143846171
0.047808388
0.348080441
0.140669619
